44
8
0.64   0.0  99.1 124.5  61.9  28.5  75.7  38.6 110.5  83.6  43.4  59.4 159.6  91.0  95.7  65.6  25.1 129.4  72.2 117.6  56.9 107.5 119.7  88.0  76.7  64.5  35.2 129.0  59.9  94.1  59.5  58.8 115.6  56.8  90.6  94.2  62.5 112.3 142.5 114.1  41.9  68.9  13.3  30.0  76.3
0.55  99.1   0.0  71.1  74.9 127.5  45.3 113.2 162.9  65.5  67.3  75.3 196.4 188.7 122.2 162.1  74.4  38.1 166.0 184.3 156.0  37.5 214.0 168.8  90.0  85.1 133.4 154.7 139.8 133.4  40.1  61.9 165.7 130.3 189.2  21.2  38.7 136.8 164.4 134.6  58.9 153.3  97.7  70.3 163.0
0.62 124.5  71.1   0.0  66.3 148.7  51.0 154.7 130.4 131.7 115.7  68.6 147.6 211.9 183.8 188.7 102.4  51.2 169.3 158.0 175.3  33.6 212.6 157.3 151.6 143.2 149.8 106.2 180.8 100.5  78.4  65.7 130.9 174.2 200.7  91.7  73.2  92.4 111.7  88.3 100.9 192.0 130.6  97.1 200.2
0.62  61.9  74.9  66.3   0.0  83.4  30.8  97.4  88.2 104.0  70.9   2.5 125.7 145.9 141.7 123.6  45.6  88.6 104.4 109.6 109.2  61.0 149.8  98.1 113.2 101.8  83.7  86.2 121.4  59.5  45.4  14.2  91.2 116.8 134.8  84.4  42.4  67.6  98.1  66.9  55.8 130.8  71.1  41.3 138.0
0.84  28.5 127.5 148.7  83.4   0.0 102.1  43.3 108.3 106.8  69.0  80.9 159.2  63.7 105.5  40.2  53.4 157.4  49.2 108.0  28.5 134.6  94.4  73.6  94.2  83.1  10.4 134.8  51.4  99.5  88.0  83.6 113.7  54.0  62.4 122.2  90.7 120.3 148.4 123.2  70.0  54.7  33.4  58.1  59.0
0.69  75.7  45.3  51.0  30.8 102.1   0.0 103.9 117.9  88.0  65.5  31.7 151.5 165.8 135.4 141.2  52.2  59.0 131.3 140.2 130.0  33.0 178.1 128.2 103.9  94.3 105.0 110.1 130.2  88.1  29.1  20.5 120.5 123.3 159.2  58.3  24.0  92.0 120.5  90.1  50.2 141.7  80.5  46.9 150.2
0.43  38.6 113.2 154.7  97.4  43.3 103.9   0.0 146.8  72.8  46.0  95.0 196.8  82.4  62.3  55.7  53.0 148.9  91.6 150.0  60.6 132.1 133.6 116.6  54.1  45.0  53.7 167.5  26.9 132.4  79.7  91.1 152.1  19.6  96.2 101.3  84.3 150.9 181.1 152.8  56.5  40.0  26.7  58.1  49.8
0.37 110.5 162.9 130.4  88.2 108.3 117.9 146.8   0.0 184.2 144.7  88.2  51.0 145.3 206.2 136.8 114.5 170.5  83.6  29.4 115.8 142.4 104.8  51.1 185.0 172.6 100.0  41.0 159.7  30.6 131.5 102.0   5.6 161.4 116.9 172.1 129.5  41.6  51.0  46.7 133.4 161.8 123.8 113.6 164.0
0.37  83.6  65.5 131.7 104.0 106.8  88.0  72.8 184.2   0.0  40.9 102.7 227.9 155.2  57.8 128.5  70.2 102.9 154.9 197.3 130.9  99.6 201.2 170.9  27.4  29.2 116.2 189.9  94.2 159.9  60.3  90.5 188.4  83.0 166.9  45.1  64.8 171.3 202.1 170.9  50.8 108.3  73.8  70.5 118.4
0.65  43.4  67.3 115.7  70.9  69.0  65.5  46.0 144.7  40.9   0.0  69.0 190.2 124.6  71.3  97.5  30.2 103.5 115.5 156.6  95.5  89.2 162.7 130.0  42.5  30.9  77.5 154.1  72.5 122.2  37.4  59.6 149.2  63.2 131.0  56.0  42.5 135.8 166.9 136.1  15.7  86.0  35.6  31.8  95.8
0.86  59.4  75.3  68.6   2.5  80.9  31.7  95.0  88.2 102.7  69.0   0.0 126.5 143.5 139.7 121.1  43.3  90.0 102.4 109.0 106.7  62.5 148.0  96.8 111.4  99.9  81.3  87.3 118.9  59.8  44.6  13.8  91.3 114.4 132.5  84.1  41.8  68.7  99.4  68.2  54.1 128.3  68.6  39.1 135.5
0.66 159.6 196.4 147.6 125.7 159.2 151.5 196.8  51.0 227.9 190.2 126.5   0.0 194.0 255.0 187.3 160.2 195.2 132.3  64.1 166.2 168.7 143.8  98.1 231.8 219.5 151.0  42.3 210.6  68.1 171.1 139.9  45.5 212.1 163.8 209.2 168.0  59.6  36.5  62.1 177.3 212.8 172.9 158.4 214.9
0.78  91.0 188.7 211.9 145.9  63.7 165.8  82.4 145.3 155.2 124.6 143.5 194.0   0.0 130.4  27.1 116.0 220.3  61.8 132.0  36.8 198.2  73.4  96.0 134.5 126.9  62.2 180.8  64.7 148.1 150.1 147.1 150.7  75.6  33.8 180.5 153.4 170.1 193.5 174.1 129.9  53.1  91.1 121.0  45.5
0.55  95.7 122.2 183.8 141.7 105.5 135.4  62.3 206.2  57.8  71.3 139.7 255.0 130.4   0.0 107.8  97.6 160.1 153.2 211.7 119.4 153.7 192.5 178.8  32.5  41.0 115.9 222.0  66.4 188.2 106.3 130.9 211.3  56.8 152.7 102.7 111.5 204.2 235.2 205.1  86.9  77.4  82.4 101.0  85.9
0.45  65.6 162.1 188.7 123.6  40.2 141.2  55.7 136.8 128.5  97.5 121.1 187.3  27.1 107.8   0.0  90.3 194.4  58.1 128.9  21.1 173.1  86.5  92.0 108.7 100.5  42.0 168.7  41.4 134.3 124.0 123.3 142.4  51.3  45.4 153.4 127.4 156.0 181.9 159.4 103.2  33.2  64.4  95.4  30.1
0.78  25.1  74.4 102.4  45.6  53.4  52.2  53.0 114.5  70.2  30.2  43.3 160.2 116.0  97.6  90.3   0.0 104.4  93.2 127.2  81.9  83.1 141.3 102.7  71.7  59.5  59.0 124.9  78.5  92.2  34.6  38.1 118.9  72.6 114.8  71.5  37.4 106.9 137.9 107.6  20.7  89.6  28.3   5.4  98.0
0.77 129.4  38.1  51.2  88.6 157.4  59.0 148.9 170.5 102.9 103.5  90.0 195.2 220.3 160.1 194.4 104.4   0.0 190.1 195.6 185.8  28.3 237.1 186.7 128.0 123.1 161.7 153.0 175.7 139.9  70.6  79.5 172.1 166.7 216.9  57.8  67.0 137.2 160.2 133.8  92.8 188.8 130.5  99.4 198.3
0.49  72.2 166.0 169.3 104.4  49.2 131.3  91.6  83.6 154.9 115.5 102.4 132.3  61.8 153.2  58.1  93.2 190.1   0.0  71.4  38.0 164.0  48.1  34.6 143.5 132.3  39.1 120.5  92.1  89.7 126.0 110.9  89.0  98.3  34.9 164.7 127.4 111.6 132.7 116.0 113.0  88.9  81.2  96.5  87.9
0.29 117.6 184.3 158.0 109.6 108.0 140.2 150.0  29.4 197.3 156.6 109.0  64.1 132.0 211.7 128.9 127.2 195.6  71.4   0.0 108.1 167.3  80.5  37.0 194.2 181.9  98.3  68.8 158.2  57.5 149.7 122.4  31.5 162.0 100.5 191.1 148.5  70.9  76.8  76.1 147.5 157.7 130.4 127.6 158.1
0.75  56.9 156.0 175.3 109.2  28.5 130.0  60.6 115.8 130.9  95.5 106.7 166.2  36.8 119.4  21.1  81.9 185.8  38.0 108.1   0.0 162.7  73.4  71.1 114.7 104.8  25.5 148.3  55.3 114.2 116.4 110.9 121.3  62.9  36.0 149.9 119.2 136.1 161.4 139.7  98.0  51.0  60.1  86.6  50.1
0.27 107.5  37.5  33.6  61.0 134.6  33.0 132.1 142.4  99.6  89.2  62.5 168.7 198.2 153.7 173.1  83.1  28.3 164.0 167.3 162.7   0.0 210.4 159.0 121.2 113.9 137.9 126.5 158.9 111.8  52.4  53.2 144.1 150.9 192.2  58.2  47.8 110.0 134.5 106.9  75.8 171.2 110.8  77.8 180.2
0.40 119.7 214.0 212.6 149.8  94.4 178.1 133.6 104.8 201.2 162.7 148.0 143.8  73.4 192.5  86.5 141.3 237.1  48.1  80.5  73.4 210.4   0.0  57.6 187.3 176.8  85.2 145.7 127.2 122.2 174.1 157.6 109.0 135.8  41.5 212.8 175.3 142.1 155.6 147.1 160.9 119.6 127.6 144.6 114.9
0.27  88.0 168.8 157.3  98.1  73.6 128.2 116.6  51.1 170.9 130.0  96.8  98.1  96.0 178.8  92.0 102.7 186.7  34.6  37.0  71.1 159.0  57.6   0.0 164.2 152.2  63.4  90.5 122.3  64.6 130.7 108.3  56.1 126.9  66.1 171.8 130.7  85.0 101.7  89.9 123.5 121.1  99.8 104.4 121.2
0.87  76.7  90.0 151.6 113.2  94.2 103.9  54.1 185.0  27.4  42.5 111.4 231.8 134.5  32.5 108.7  71.7 128.0 143.5 194.2 114.7 121.2 187.3 164.2   0.0  12.4 104.4 196.5  70.9 163.9  74.8 101.3 189.7  59.6 150.3  71.0  79.9 178.2 209.3 178.6  57.4  84.6  64.4  74.1  94.6
0.56  64.5  85.1 143.2 101.8  83.1  94.3  45.0 172.6  29.2  30.9  99.9 219.5 126.9  41.0 100.5  59.5 123.1 132.3 181.9 104.8 113.9 176.8 152.2  12.4   0.0  93.2 184.4  65.0 151.7  65.3  90.3 177.3  53.8 140.7  67.7  70.5 166.2 197.3 166.7  46.3  79.1  52.4  62.1  89.3
0.59  35.2 133.4 149.8  83.7  10.4 105.0  53.7 100.0 116.2  77.5  81.3 151.0  62.2 115.9  42.0  59.0 161.7  39.1  98.3  25.5 137.9  85.2  63.4 104.4  93.2   0.0 128.4  60.2  93.4  93.4  85.7 105.5  63.7  55.7 129.4  95.8 114.7 141.8 118.0  77.1  61.9  42.4  63.3  65.0
0.17 129.0 154.7 106.2  86.2 134.8 110.1 167.5  41.0 189.9 154.1  87.3  42.3 180.8 222.0 168.7 124.9 153.0 120.5  68.8 148.3 126.5 145.7  90.5 196.5 184.4 128.4   0.0 184.9  35.4 131.4 100.2  37.5 184.6 154.9 168.2 128.0  18.6  13.6  20.1 140.2 189.5 141.9 122.4 193.3
0.81  59.9 139.8 180.8 121.4  51.4 130.2  26.9 159.7  94.2  72.5 118.9 210.6  64.7  66.4  41.4  78.5 175.7  92.1 158.2  55.3 158.9 127.2 122.3  70.9  65.0  60.2 184.9   0.0 149.5 106.6 116.4 165.1  11.3  86.6 126.9 111.1 169.5 198.5 171.9  83.4  14.1  50.6  83.8  24.3
0.42  94.1 133.4 100.5  59.5  99.5  88.1 132.4  30.6 159.9 122.2  59.8  68.1 148.1 188.2 134.3  92.2 139.9  89.7  57.5 114.2 111.8 122.2  64.6 163.9 151.7  93.4  35.4 149.5   0.0 104.2  73.6  32.5 149.2 124.6 143.8 101.7  22.1  49.0  26.3 109.3 154.2 107.1  90.4 158.2
0.62  59.5  40.1  78.4  45.4  88.0  29.1  79.7 131.5  60.3  37.4  44.6 171.1 150.1 106.3 124.0  34.6  70.6 126.0 149.7 116.4  52.4 174.1 130.7  74.8  65.3  93.4 131.4 106.6 104.2   0.0  31.3 135.0  98.5 149.2  41.5   5.2 112.9 143.1 112.0  23.4 119.2  60.0  30.2 128.4
0.43  58.8  61.9  65.7  14.2  83.6  20.5  91.1 102.0  90.5  59.6  13.8 139.9 147.1 130.9 123.3  38.1  79.5 110.9 122.4 110.9  53.2 157.6 108.3 101.3  90.3  85.7 100.2 116.4  73.6  31.3   0.0 105.1 110.7 139.2  70.3  28.2  81.6 111.9  80.7  44.0 126.9  65.8  33.1 134.8
0.62 115.6 165.7 130.9  91.2 113.7 120.5 152.1   5.6 188.4 149.2  91.3  45.5 150.7 211.3 142.4 118.9 172.1  89.0  31.5 121.3 144.1 109.0  56.1 189.7 177.3 105.5  37.5 165.1  32.5 135.0 105.1   0.0 166.8 122.1 175.4 132.9  40.4  46.6  45.4 137.6 167.3 128.9 118.0 169.5
0.75  56.8 130.3 174.2 116.8  54.0 123.3  19.6 161.4  83.0  63.2 114.4 212.1  75.6  56.8  51.3  72.6 166.7  98.3 162.0  62.9 150.9 135.8 126.9  59.6  53.8  63.7 184.6  11.3 149.2  98.5 110.7 166.8   0.0  95.8 116.7 103.2 168.4 198.1 170.5  75.1  25.3  45.8  77.7  35.4
0.73  90.6 189.2 200.7 134.8  62.4 159.2  96.2 116.9 166.9 131.0 132.5 163.8  33.8 152.7  45.4 114.8 216.9  34.9 100.5  36.0 192.2  41.5  66.1 150.3 140.7  55.7 154.9  86.6 124.6 149.2 139.2 122.1  95.8   0.0 184.6 151.4 146.4 166.9 150.8 132.3  78.3  95.4 119.0  73.5
0.76  94.2  21.2  91.7  84.4 122.2  58.3 101.3 172.1  45.1  56.0  84.1 209.2 180.5 102.7 153.4  71.5  57.8 164.7 191.1 149.9  58.2 212.8 171.8  71.0  67.7 129.4 168.2 126.9 143.8  41.5  70.3 175.4 116.7 184.6   0.0  42.7 149.9 178.8 148.3  52.3 140.8  90.0  68.5 150.8
0.24  62.5  38.7  73.2  42.4  90.7  24.0  84.3 129.5  64.8  42.5  41.8 168.0 153.4 111.5 127.4  37.4  67.0 127.4 148.5 119.2  47.8 175.3 130.7  79.9  70.5  95.8 128.0 111.1 101.7   5.2  28.2 132.9 103.2 151.4  42.7   0.0 109.5 139.4 108.4  28.2 123.5  63.8  32.7 132.6
0.85 112.3 136.8  92.4  67.6 120.3  92.0 150.9  41.6 171.3 135.8  68.7  59.6 170.1 204.2 156.0 106.9 137.2 111.6  70.9 136.1 110.0 142.1  85.0 178.2 166.2 114.7  18.6 169.5  22.1 112.9  81.6  40.4 168.4 146.4 149.9 109.5   0.0  31.1   5.2 121.8 174.9 124.9 104.2 179.3
0.22 142.5 164.4 111.7  98.1 148.4 120.5 181.1  51.0 202.1 166.9  99.4  36.5 193.5 235.2 181.9 137.9 160.2 132.7  76.8 161.4 134.5 155.6 101.7 209.3 197.3 141.8  13.6 198.5  49.0 143.1 111.9  46.6 198.1 166.9 178.8 139.4  31.1   0.0  31.1 152.8 203.1 155.3 135.3 206.8
0.78 114.1 134.6  88.3  66.9 123.2  90.1 152.8  46.7 170.9 136.1  68.2  62.1 174.1 205.1 159.4 107.6 133.8 116.0  76.1 139.7 106.9 147.1  89.9 178.6 166.7 118.0  20.1 171.9  26.3 112.0  80.7  45.4 170.5 150.8 148.3 108.4   5.2  31.1   0.0 121.8 177.6 126.5 104.7 182.2
0.10  41.9  58.9 100.9  55.8  70.0  50.2  56.5 133.4  50.8  15.7  54.1 177.3 129.9  86.9 103.2  20.7  92.8 113.0 147.5  98.0  75.8 160.9 123.5  57.4  46.3  77.1 140.2  83.4 109.3  23.4  44.0 137.6  75.1 132.3  52.3  28.2 121.8 152.8 121.8   0.0  96.1  38.8  19.9 105.5
0.53  68.9 153.3 192.0 130.8  54.7 141.7  40.0 161.8 108.3  86.0 128.3 212.8  53.1  77.4  33.2  89.6 188.8  88.9 157.7  51.0 171.2 119.6 121.1  84.6  79.1  61.9 189.5  14.1 154.2 119.2 126.9 167.3  25.3  78.3 140.8 123.5 174.9 203.1 177.6  96.1   0.0  61.3  94.9  10.2
0.17  13.3  97.7 130.6  71.1  33.4  80.5  26.7 123.8  73.8  35.6  68.6 172.9  91.1  82.4  64.4  28.3 130.5  81.2 130.4  60.1 110.8 127.6  99.8  64.4  52.4  42.4 141.9  50.6 107.1  60.0  65.8 128.9  45.8  95.4  90.0  63.8 124.9 155.3 126.5  38.8  61.3   0.0  33.6  69.7
0.12  30.0  70.3  97.1  41.3  58.1  46.9  58.1 113.6  70.5  31.8  39.1 158.4 121.0 101.0  95.4   5.4  99.4  96.5 127.6  86.6  77.8 144.6 104.4  74.1  62.1  63.3 122.4  83.8  90.4  30.2  33.1 118.0  77.7 119.0  68.5  32.7 104.2 135.3 104.7  19.9  94.9  33.6   0.0 103.4
0.78  76.3 163.0 200.2 138.0  59.0 150.2  49.8 164.0 118.4  95.8 135.5 214.9  45.5  85.9  30.1  98.0 198.3  87.9 158.1  50.1 180.2 114.9 121.2  94.6  89.3  65.0 193.3  24.3 158.2 128.4 134.8 169.5  35.4  73.5 150.8 132.6 179.3 206.8 182.2 105.5  10.2  69.7 103.4   0.0
