44
8
0.88   0.0 175.9  59.9 108.7 137.9 174.4  51.2   8.4 139.7  32.0  98.4 171.9  63.8  84.5 150.9 175.4  46.8  81.2  25.3 128.3  83.7 137.5  93.2  63.0  92.2 184.9  75.3  51.7  58.9  75.2  62.4 164.5 171.0 118.0 105.0  91.7  28.7 125.5 163.8 127.8 196.2 161.7  99.9  57.2
0.69 175.9   0.0 167.3 100.9  44.5 133.3 141.3 184.0  82.6 179.3  78.0   4.0 120.3 133.8 180.5 185.9 138.8 227.0 179.4 121.7  94.8  53.0 150.5 163.2 222.5 155.9 160.8 170.8 132.5 127.6 189.3 138.9   9.5  59.0 227.6 182.7 170.4  54.4  75.2  86.3  21.6  15.3 186.7 192.8
0.67  59.9 167.3   0.0 135.9 141.0 208.3  30.9  60.9 160.8  31.4 101.9 163.6  50.6 125.2 199.8 222.3  37.8 140.5  37.7 163.5  76.2 117.9 140.0   5.2 152.1 223.3 126.4   9.0  37.1  40.2 121.2 201.3 165.7 110.0 164.8 147.1  85.3 112.9 181.4 149.9 184.2 156.1 155.4 116.7
0.12 108.7 100.9 135.9   0.0  57.0  72.8 105.4 116.8  32.3 128.9  50.7  97.7  89.5  35.6  87.8 101.7  98.1 133.1 125.1  31.9  72.9  98.2  49.9 134.5 125.1  90.1  63.2 133.7 101.6 110.8  95.7  67.6  92.3  70.9 128.5  82.6  89.8  80.7  57.0  20.7 122.0  86.0  86.0 101.0
0.62 137.9  44.5 141.0  57.0   0.0 103.0 111.6 146.2  45.5 146.7  40.7  41.1  90.7  89.3 140.5 149.3 107.3 183.2 145.5  81.1  64.8  52.7 106.2 137.7 178.1 125.1 116.3 142.5 104.1 104.4 145.4 105.1  36.7  35.3 183.1 138.2 128.8  39.7  50.8  45.2  66.0  29.3 142.3 149.2
0.75 174.4 133.3 208.3  72.8 103.0   0.0 178.0 181.7  58.4 198.6 118.9 131.9 162.3  90.0  65.7  58.3 170.5 171.7 194.1  46.1 144.0 155.2  86.9 207.1 156.4  22.6 107.7 205.6 174.4 183.2 140.4  13.8 123.9 132.3 153.4 111.7 150.0 140.0  58.1  64.3 149.2 123.1 109.3 147.9
0.69  51.2 141.3  30.9 105.4 111.6 178.0   0.0  56.3 129.9  39.3  71.8 137.4  21.2  97.4 173.4 194.9   8.2 130.6  41.3 133.8  47.3  95.1 113.8  29.2 138.7 193.6 102.7  30.9   9.2  24.0 104.5 171.4 138.6  82.6 150.3 125.6  68.6  87.1 150.6 119.1 159.4 129.0 133.7 101.7
0.75   8.4 184.0  60.9 116.8 146.2 181.7  56.3   0.0 148.0  30.7 106.6 180.0  70.5  91.7 156.3 181.0  52.8  79.6  23.8 135.8  91.3 145.0  99.5  64.5  92.2 191.8  80.9  52.2  64.5  80.3  64.8 171.6 179.3 126.0 105.3  95.7  33.8 133.2 172.1 136.0 204.2 169.9 103.8  58.8
0.20 139.7  82.6 160.8  32.3  45.5  58.4 129.9 148.0   0.0 157.5  63.3  80.2 111.5  66.7  97.9 104.4 123.4 164.0 154.4  39.8  89.8  97.0  77.4 158.7 154.4  80.0  93.6 159.8 124.6 130.6 127.0  59.6  73.2  74.0 156.5 110.1 121.9  81.6  24.7  11.9 101.9  69.8 112.1 132.7
0.68  32.0 179.3  31.4 128.9 146.7 198.6  39.3  30.7 157.5   0.0 106.0 175.4  59.3 110.5 181.0 204.8  40.5 110.1   6.9 152.6  84.6 134.3 122.0  35.8 123.0 211.1 105.6  22.4  48.5  60.5  94.4 189.9 176.1 120.4 136.0 123.4  60.3 125.7 180.3 145.9 198.1 166.5 131.7  88.9
0.40  98.4  78.0 101.9  50.7  40.7 118.9  71.8 106.6  63.3 106.0   0.0  74.1  51.3  68.9 137.3 152.4  66.9 152.2 104.9  82.4  26.9  52.6  88.6  99.0 150.5 138.5  91.9 102.7  64.8  68.0 115.4 116.3  72.7  25.2 157.7 116.5  92.8  35.4  80.7  54.8  98.9  63.5 122.4 117.7
0.62 171.9   4.0 163.6  97.7  41.1 131.9 137.4 180.0  80.2 175.4  74.1   0.0 116.4 130.3 178.0 183.9 134.9 223.2 175.5 119.1  90.9  49.9 147.2 159.5 218.9 154.5 157.3 167.0 128.7 123.9 185.6 137.1   8.2  55.0 224.1 179.3 166.5  50.7  73.9  83.5  25.3  11.7 183.3 189.0
0.83  63.8 120.3  50.6  89.5  90.7 162.3  21.2  70.5 111.5  59.3  51.3 116.4   0.0  87.8 164.2 184.2  19.0 137.7  60.1 119.6  26.2  75.7 106.0  47.8 142.9 179.2  98.6  51.9  13.5  22.4 107.3 156.8 117.5  61.5 153.5 123.1  73.6  66.4 131.2 101.2 138.8 107.9 130.8 106.0
0.81  84.5 133.8 125.2  35.6  89.3  90.0  97.4  91.7  66.7 110.5  68.9 130.3  87.8   0.0  76.5  97.5  89.3  97.5 105.4  44.3  81.2 121.3  20.0 125.2  89.7 100.7  27.6 120.8  96.8 110.2  60.3  80.0 125.7  93.5  93.9  49.2  60.4 103.8  91.1  55.9 155.3 118.6  54.1  66.0
0.13 150.9 180.5 199.8  87.8 140.5  65.7 173.4 156.3  97.9 181.0 137.3 178.0 164.2  76.5   0.0  25.5 165.2 120.6 175.0  59.4 155.2 185.9  59.8 200.3 102.2  56.2  75.6 194.5 173.2 186.6  98.8  52.5 171.1 158.7  95.7  64.8 122.5 168.5 111.6  95.3 199.7 167.3  58.6 106.8
0.72 175.4 185.9 222.3 101.7 149.3  58.3 194.9 181.0 104.4 204.8 152.4 183.9 184.2  97.5  25.5   0.0 186.7 145.5 199.0  70.4 172.8 198.0  82.9 222.5 126.7  41.2 100.1 217.5 194.0 206.6 124.3  48.3 176.4 171.8 119.3  90.3 147.2 181.1 112.8 104.6 203.7 173.9  84.1 132.3
0.46  46.8 138.8  37.8  98.1 107.3 170.5   8.2  52.8 123.4  40.5  66.9 134.9  19.0  89.3 165.2 186.7   0.0 124.6  41.1 126.0  44.1  94.6 105.6  36.7 131.9 185.9  94.7  36.5  12.3  29.3  97.4 163.7 135.7  79.9 143.4 117.7  61.8  85.3 144.6 112.4 157.6 126.1 125.8  94.9
0.11  81.2 227.0 140.5 133.1 183.2 171.7 130.6  79.6 164.0 110.1 152.2 223.2 137.7  97.5 120.6 145.5 124.6   0.0 103.3 133.6 149.3 201.8  88.5 144.0  20.2 172.1  70.4 131.8 136.8 153.9  37.8 158.4 219.8 176.7  32.5  60.0  64.2 186.2 187.9 153.4 248.6 211.7  63.4  34.4
0.28  25.3 179.4  37.7 125.1 145.5 194.1  41.3  23.8 154.4   6.9 104.9 175.5  60.1 105.4 175.0 199.0  41.1 103.3   0.0 148.0  84.6 135.7 116.3  41.8 116.1 206.1  99.5  28.8  50.4  63.8  87.6 185.1 175.8 120.5 129.1 116.9  53.7 126.3 177.5 142.7 198.5 166.2 125.1  82.0
0.43 128.3 121.7 163.5  31.9  81.1  46.1 133.8 135.8  39.8 152.6  82.4 119.1 119.6  44.3  59.4  70.4 126.0 133.6 148.0   0.0 104.5 127.8  45.3 162.7 121.3  59.9  65.2 160.4 131.0 141.4  99.2  37.7 112.4 101.3 121.3  75.7 104.6 110.7  58.6  35.9 141.5 108.1  76.0 106.1
0.23  83.7  94.8  76.2  72.9  64.8 144.0  47.3  91.3  89.8  84.6  26.9  90.9  26.2  81.2 155.2 172.8  44.1 149.3  84.6 104.5   0.0  54.2 100.9  73.0 151.2 162.6  98.7  78.0  39.4  41.1 115.2 140.2  91.6  35.8 160.3 123.9  86.0  42.0 107.6  80.6 114.0  82.0 130.9 115.6
0.84 137.5  53.0 117.9  98.2  52.7 155.2  95.1 145.0  97.0 134.3  52.6  49.9  75.7 121.3 185.9 198.0  94.6 201.8 135.7 127.8  54.2   0.0 140.9 113.3 201.8 177.0 144.4 122.5  85.9  77.6 166.2 156.3  54.8  27.9 209.6 169.1 139.5  17.6 103.1  93.8  66.8  46.9 175.0 167.6
0.50  93.2 150.5 140.0  49.9 106.2  86.9 113.8  99.5  77.4 122.0  88.6 147.2 106.0  20.0  59.8  82.9 105.6  88.5 116.3  45.3 100.9 140.9   0.0 140.5  77.2  93.3  20.8 134.8 114.1 128.3  54.0  75.0 142.1 113.0  79.2  32.9  66.0 123.3 100.4  68.1 171.8 135.5  36.1  61.2
0.29  63.0 163.2   5.2 134.5 137.7 207.1  29.2  64.5 158.7  35.8  99.0 159.5  47.8 125.2 200.3 222.5  36.7 144.0  41.8 162.7  73.0 113.3 140.5   0.0 155.2 222.6 127.5  13.8  34.3  35.8 123.7 200.4 161.7 106.2 167.8 148.8  87.6 108.8 178.9 148.1 179.8 152.2 157.0 119.4
0.70  92.2 222.5 152.1 125.1 178.1 156.4 138.7  92.2 154.4 123.0 150.5 218.9 142.9  89.7 102.2 126.7 131.9  20.2 116.1 121.3 151.2 201.8  77.2 155.2   0.0 155.2  62.1 143.9 144.0 161.0  36.1 142.9 214.8 175.5  13.5  45.6  70.2 185.5 177.6 144.6 244.1 207.2  47.1  37.1
0.83 184.9 155.9 223.3  90.1 125.1  22.6 193.6 191.8  80.0 211.1 138.5 154.5 179.2 100.7  56.2  41.2 185.9 172.1 206.1  59.9 162.6 177.0  93.3 222.6 155.2   0.0 113.8 219.9 190.8 200.7 144.2  22.5 146.5 153.3 150.3 112.7 158.9 161.5  80.7  84.7 171.6 145.7 108.7 152.1
0.27  75.3 160.8 126.4  63.2 116.3 107.7 102.7  80.9  93.6 105.6  91.9 157.3  98.6  27.6  75.6 100.1  94.7  70.4  99.5  65.2  98.7 144.4  20.8 127.5  62.1 113.8   0.0 120.4 104.6 120.1  34.1  95.8 152.9 117.1  66.9  25.3  47.1 127.3 117.6  83.2 182.4 145.6  32.4  40.9
0.13  51.7 170.8   9.0 133.7 142.5 205.6  30.9  52.2 159.8  22.4 102.7 167.0  51.9 120.8 194.5 217.5  36.5 131.8  28.8 160.4  78.0 122.5 134.8  13.8 143.9 219.9 120.4   0.0  38.7  45.2 113.6 198.1 168.7 112.7 156.7 140.4  78.0 116.4 181.1 148.7 188.2 159.1 148.7 108.8
0.72  58.9 132.5  37.1 101.6 104.1 174.4   9.2  64.5 124.6  48.5  64.8 128.7  13.5  96.8 173.2 194.0  12.3 136.8  50.4 131.0  39.4  85.9 114.1  34.3 144.0 190.8 104.6  38.7   0.0  17.1 109.2 168.5 130.1  74.1 155.2 128.2  73.8  78.3 144.6 114.2 150.5 120.5 136.2 106.9
0.28  75.2 127.6  40.2 110.8 104.4 183.2  24.0  80.3 130.6  60.5  68.0 123.9  22.4 110.2 186.6 206.6  29.3 153.9  63.8 141.4  41.1  77.6 128.3  35.8 161.0 200.7 120.1  45.2  17.1   0.0 126.1 178.3 126.3  71.3 172.2 144.2  90.9  73.3 148.7 120.9 144.0 116.9 152.1 123.9
0.55  62.4 189.3 121.2  95.7 145.4 140.4 104.5  64.8 127.0  94.4 115.4 185.6 107.3  60.3  98.8 124.3  97.4  37.8  87.6  99.2 115.2 166.2  54.0 123.7  36.1 144.2  34.1 113.6 109.2 126.1   0.0 127.9 182.1 140.3  46.2  34.2  36.3 150.1 151.2 116.2 210.9 174.1  41.3   8.0
0.75 164.5 138.9 201.3  67.6 105.1  13.8 171.4 171.6  59.6 189.9 116.3 137.1 156.8  80.0  52.5  48.3 163.7 158.4 185.1  37.7 140.2 156.3  75.0 200.4 142.9  22.5  95.8 198.1 168.5 178.3 127.9   0.0 129.4 131.9 139.7  98.5 139.3 140.3  64.7  63.0 155.9 127.6  95.8 135.5
0.78 171.0   9.5 165.7  92.3  36.7 123.9 138.6 179.3  73.2 176.1  72.7   8.2 117.5 125.7 171.1 176.4 135.7 219.8 175.8 112.4  91.6  54.8 142.1 161.7 214.8 146.5 152.9 168.7 130.1 126.3 182.1 129.4   0.0  56.0 219.6 174.4 164.3  53.1  65.9  77.1  29.8   9.6 178.2 185.7
0.37 118.0  59.0 110.0  70.9  35.3 132.3  82.6 126.0  74.0 120.4  25.2  55.0  61.5  93.5 158.7 171.8  79.9 176.7 120.5 101.3  35.8  27.9 113.0 106.2 175.5 153.3 117.1 112.7  74.1  71.3 140.3 131.9  56.0   0.0 182.9 141.6 116.0  10.3  85.0  68.9  78.4  46.4 147.3 142.3
0.53 105.0 227.6 164.8 128.5 183.1 153.4 150.3 105.3 156.5 136.0 157.7 224.1 153.5  93.9  95.7 119.3 143.4  32.5 129.1 121.3 160.3 209.6  79.2 167.8  13.5 150.3  66.9 156.7 155.2 172.2  46.2 139.7 219.6 182.9   0.0  46.3  81.7 192.9 178.9 147.3 249.2 212.4  45.4  48.7
0.89  91.7 182.7 147.1  82.6 138.2 111.7 125.6  95.7 110.1 123.4 116.5 179.3 123.1  49.2  64.8  90.3 117.7  60.0 116.9  75.7 123.9 169.1  32.9 148.8  45.6 112.7  25.3 140.4 128.2 144.2  34.2  98.5 174.4 141.6  46.3   0.0  63.1 151.9 132.7 101.0 204.1 167.6   8.3  42.1
0.80  28.7 170.4  85.3  89.8 128.8 150.0  68.6  33.8 121.9  60.3  92.8 166.5  73.6  60.4 122.5 147.2  61.8  64.2  53.7 104.6  86.0 139.5  66.0  87.6  70.2 158.9  47.1  78.0  73.8  90.9  36.3 139.3 164.3 116.0  81.7  63.1   0.0 124.9 146.6 110.1 191.6 155.4  71.4  33.1
0.62 125.5  54.4 112.9  80.7  39.7 140.0  87.1 133.2  81.6 125.7  35.4  50.7  66.4 103.8 168.5 181.1  85.3 186.2 126.3 110.7  42.0  17.6 123.3 108.8 185.5 161.5 127.3 116.4  78.3  73.3 150.1 140.3  53.1  10.3 192.9 151.9 124.9   0.0  90.4  77.4  72.4  43.8 157.6 151.9
0.28 163.8  75.2 181.4  57.0  50.8  58.1 150.6 172.1  24.7 180.3  80.7  73.9 131.2  91.1 111.6 112.8 144.6 187.9 177.5  58.6 107.6 103.1 100.4 178.9 177.6  80.7 117.6 181.1 144.6 148.7 151.2  64.7  65.9  85.0 178.9 132.7 146.6  90.4   0.0  36.5  91.3  65.8 133.9 157.1
0.75 127.8  86.3 149.9  20.7  45.2  64.3 119.1 136.0  11.9 145.9  54.8  83.5 101.2  55.9  95.3 104.6 112.4 153.4 142.7  35.9  80.6  93.8  68.1 148.1 144.6  84.7  83.2 148.7 114.2 120.9 116.2  63.0  77.1  68.9 147.3 101.0 110.1  77.4  36.5   0.0 106.6  72.4 103.6 121.7
0.40 196.2  21.6 184.2 122.0  66.0 149.2 159.4 204.2 101.9 198.1  98.9  25.3 138.8 155.3 199.7 203.7 157.6 248.6 198.5 141.5 114.0  66.8 171.8 179.8 244.1 171.6 182.4 188.2 150.5 144.0 210.9 155.9  29.8  78.4 249.2 204.1 191.6  72.4  91.3 106.6   0.0  36.9 207.9 214.3
0.39 161.7  15.3 156.1  86.0  29.3 123.1 129.0 169.9  69.8 166.5  63.5  11.7 107.9 118.6 167.3 173.9 126.1 211.7 166.2 108.1  82.0  46.9 135.5 152.2 207.2 145.7 145.6 159.1 120.5 116.9 174.1 127.6   9.6  46.4 212.4 167.6 155.4  43.8  65.8  72.4  36.9   0.0 171.6 177.5
0.13  99.9 186.7 155.4  86.0 142.3 109.3 133.7 103.8 112.1 131.7 122.4 183.3 130.8  54.1  58.6  84.1 125.8  63.4 125.1  76.0 130.9 175.0  36.1 157.0  47.1 108.7  32.4 148.7 136.2 152.1  41.3  95.8 178.2 147.3  45.4   8.3  71.4 157.6 133.9 103.6 207.9 171.6   0.0  49.1
0.55  57.2 192.8 116.7 101.0 149.2 147.9 101.7  58.8 132.7  88.9 117.7 189.0 106.0  66.0 106.8 132.3  94.9  34.4  82.0 106.1 115.6 167.6  61.2 119.4  37.1 152.1  40.9 108.8 106.9 123.9   8.0 135.5 185.7 142.3  48.7  42.1  33.1 151.9 157.1 121.7 214.3 177.5  49.1   0.0
