34
6
0.55   0.0  91.3  96.2 119.0 118.9  68.7  96.5  48.4  92.6  35.4 128.9  46.9  36.8 123.2 112.9 101.6  48.8  67.3 104.5  12.9 114.5  66.5 118.8 131.5  51.1  79.2  83.4  47.1  74.2  78.7 110.3 115.1  95.6 128.6
0.46  91.3   0.0  29.0  88.8 135.5  22.8 109.5 136.3  95.5  88.1  52.3  62.9 112.6  94.1 148.3 126.1  55.4  92.6  13.3  82.0  94.3  25.1 199.8 218.0  40.6  61.2  49.1  88.1  18.9  29.3  56.7 156.9 138.3 134.3
0.22  96.2  29.0   0.0  60.3 111.8  35.1  87.1 144.2  72.5  81.9  32.9  55.7 124.6  65.5 128.0 104.8  73.5 114.6  31.7  84.5  66.8  41.3 192.1 213.3  52.6  39.8  26.3  78.1  40.4  55.8  27.7 137.7 120.6 108.6
0.68 119.0  88.8  60.3   0.0  64.2  86.3  49.1 164.9  37.8  88.5  61.7  72.8 154.7   5.3  88.5  66.0 119.4 161.4  91.5 106.2  11.8  92.7 176.8 203.0  96.7  41.3  44.6  78.0  95.5 112.5  34.8  99.9  89.3  55.0
0.24 118.9 135.5 111.8  64.2   0.0 123.1  26.8 153.1  40.0  83.8 123.8  87.7 154.7  62.3  27.8  17.9 143.2 179.9 142.7 109.1  52.5 128.1 127.3 156.0 124.2  74.3  86.7  72.6 134.2 150.5  94.0  39.2  38.3  16.2
0.31  68.7  22.8  35.1  86.3 123.1   0.0  96.5 114.5  83.8  66.6  66.4  42.7  92.2  91.6 132.5 111.6  38.5  79.7  36.0  59.2  89.0   6.6 177.9 195.5  19.0  50.5  42.0  67.9  11.1  27.6  59.9 140.2 120.9 124.4
0.35  96.5 109.5  87.1  49.1  26.8  96.5   0.0 135.1  14.8  61.1 103.0  61.5 133.0  49.3  41.9  18.3 117.0 154.6 117.3  85.6  37.7 101.4 128.6 155.7  97.6  48.4  61.3  49.4 107.5 123.7  72.6  52.6  40.2  32.3
0.72  48.4 136.3 144.2 164.9 153.1 114.5 135.1   0.0 134.6  76.9 177.0  94.6  29.3 168.7 139.6 135.2  85.3  78.7 149.4  60.9 159.1 111.2 105.5 107.3  95.8 126.5 131.6  88.2 118.1 118.3 158.5 137.9 121.5 165.5
0.30  92.6  95.5  72.5  37.8  40.0  83.8  14.8 134.6   0.0  58.2  88.4  52.5 129.4  39.3  56.6  33.0 107.3 146.5 102.9  80.7  27.7  89.1 139.0 165.2  86.7  34.4  46.9  46.5  94.7 111.3  58.1  67.1  53.3  41.2
0.72  35.4  88.1  81.9  88.5  83.8  66.6  61.1  76.9  58.2   0.0 112.0  26.3  71.9  92.1  80.2  66.7  67.1  98.0 100.5  25.5  82.3  67.8 111.8 131.5  55.9  52.8  61.5  11.8  76.0  87.2  87.7  84.2  64.1  93.2
0.42 128.9  52.3  32.9  61.7 123.8  66.4 103.0 177.0  88.4 112.0   0.0  86.6 157.4  65.6 144.8 121.3 104.6 144.3  45.9 117.0  72.2  72.1 219.3 242.0  84.8  62.9  51.2 106.4  69.1  81.6  30.4 155.6 140.9 116.4
0.27  46.9  62.9  55.7  72.8  87.7  42.7  61.5  94.6  52.5  26.3  86.6   0.0  82.0  77.2  92.3  73.4  55.5  94.0  74.8  34.1  69.6  45.4 137.8 157.9  37.3  32.3  37.4  25.3  53.2  66.8  64.4  99.0  79.1  92.9
0.24  36.8 112.6 124.6 154.7 154.7  92.2 133.0  29.3 129.4  71.9 157.4  82.0   0.0 159.1 146.1 137.1  58.8  50.0 125.3  48.9 150.8  87.8 130.1 135.0  73.2 114.1 116.5  83.7  93.9  91.7 142.7 146.8 128.3 165.0
0.89 123.2  94.1  65.5   5.3  62.3  91.6  49.3 168.7  39.3  92.1  65.6  77.2 159.1   0.0  87.4  65.5 124.6 166.5  96.5 110.4  11.8  98.0 177.7 204.3 101.9  46.1  49.8  81.3 100.9 117.8  39.6  99.0  89.4  52.0
0.33 112.9 148.3 128.0  88.5  27.8 132.5  41.9 139.6  56.6  80.2 144.8  92.3 146.1  87.4   0.0  23.6 145.6 178.1 157.2 105.4  76.6 136.6 100.4 129.5 129.6  88.4 101.8  71.2 143.6 158.6 114.4  11.7  18.1  43.7
0.18 101.6 126.1 104.8  66.0  17.9 111.6  18.3 135.2  33.0  66.7 121.3  73.4 137.1  65.5  23.6   0.0 128.4 163.8 134.5  92.2  54.3 116.1 115.1 143.1 110.6  65.5  78.8  55.9 122.7 138.3  90.9  34.4  24.8  31.8
0.33  48.8  55.4  73.5 119.4 143.2  38.5 117.0  85.3 107.3  67.1 104.6  55.5  58.8 124.6 145.6 128.4   0.0  42.2  67.5  46.5 119.7  32.6 167.5 180.1  22.8  79.3  75.3  74.6  36.6  33.0  97.2 150.8 130.6 148.2
0.12  67.3  92.6 114.6 161.4 179.9  79.7 154.6  78.7 146.5  98.0 144.3  94.0  50.0 166.5 178.1 163.8  42.2   0.0 102.7  72.8 161.1  73.3 178.8 185.0  65.0 120.8 117.5 107.9  75.2  64.4 139.2 181.5 161.5 186.6
0.86 104.5  13.3  31.7  91.5 142.7  36.0 117.3 149.4 102.9 100.5  45.9  74.8 125.3  96.5 157.2 134.5  67.5 102.7   0.0  95.2  98.4  38.3 212.3 230.9  53.8  69.0  56.0  99.8  31.5  38.3  57.4 166.3 148.2 140.1
0.21  12.9  82.0  84.5 106.2 109.1  59.2  85.6  60.9  80.7  25.5 117.0  34.1  48.9 110.4 105.4  92.2  46.5  72.8  95.2   0.0 101.9  57.9 122.3 137.4  43.1  66.3  70.7  36.5  66.0  72.9  97.6 108.7  88.7 117.9
0.19 114.5  94.3  66.8  11.8  52.5  89.0  37.7 159.1  27.7  82.3  72.2  69.6 150.8  11.8  76.6  54.3 119.7 161.1  98.4 101.9   0.0  95.3 165.9 192.5  97.4  40.4  47.1  71.2  99.0 116.0  43.7  88.1  77.8  44.3
0.78  66.5  25.1  41.3  92.7 128.1   6.6 101.4 111.2  89.1  67.8  72.1  45.4  87.8  98.0 136.6 116.1  32.6  73.3  38.3  57.9  95.3   0.0 178.2 195.1  15.5  56.3  48.3  70.3   8.3  22.3  66.5 143.9 124.3 129.9
0.32 118.8 199.8 192.1 176.8 127.3 177.9 128.6 105.5 139.0 111.8 219.3 137.8 130.1 177.7 100.4 115.1 167.5 178.8 212.3 122.3 165.9 178.2   0.0  29.3 164.5 156.4 168.4 114.0 186.5 195.1 191.1  90.6  90.3 143.5
0.77 131.5 218.0 213.3 203.0 156.0 195.5 155.7 107.3 165.2 131.5 242.0 157.9 135.0 204.3 129.5 143.1 180.1 185.0 230.9 137.4 192.5 195.1  29.3   0.0 180.5 179.6 190.9 135.7 203.2 209.9 214.8 119.8 118.5 172.2
0.15  51.1  40.6  52.6  96.7 124.2  19.0  97.6  95.8  86.7  55.9  84.8  37.3  73.2 101.9 129.6 110.6  22.8  65.0  53.8  43.1  97.4  15.5 164.5 180.5   0.0  57.1  52.5  60.4  23.1  31.3  74.8 136.0 116.0 127.9
0.86  79.2  61.2  39.8  41.3  74.3  50.5  48.4 126.5  34.4  52.8  62.9  32.3 114.1  46.1  88.4  65.5  79.3 120.8  69.0  66.3  40.4  56.3 156.4 179.6  57.1   0.0  13.5  44.9  61.2  78.1  35.5  97.9  80.9  74.1
0.21  83.4  49.1  26.3  44.6  86.7  42.0  61.3 131.6  46.9  61.5  51.2  37.4 116.5  49.8 101.8  78.8  75.3 117.5  56.0  70.7  47.1  48.3 168.4 190.9  52.5  13.5   0.0  55.3  51.9  68.9  27.0 111.4  94.4  85.2
0.82  47.1  88.1  78.1  78.0  72.6  67.9  49.4  88.2  46.5  11.8 106.4  25.3  83.7  81.3  71.2  55.9  74.6 107.9  99.8  36.5  71.2  70.3 114.0 135.7  60.4  44.9  55.3   0.0  78.2  91.1  80.3  76.3  56.1  81.6
0.35  74.2  18.9  40.4  95.5 134.2  11.1 107.5 118.1  94.7  76.0  69.1  53.2  93.9 100.9 143.6 122.7  36.6  75.2  31.5  66.0  99.0   8.3 186.5 203.2  23.1  61.2  51.9  78.2   0.0  17.1  67.1 151.2 131.7 135.3
0.28  78.7  29.3  55.8 112.5 150.5  27.6 123.7 118.3 111.3  87.2  81.6  66.8  91.7 117.8 158.6 138.3  33.0  64.4  38.3  72.9 116.0  22.3 195.1 209.9  31.3  78.1  68.9  91.1  17.1   0.0  83.2 165.7 146.0 152.0
0.84 110.3  56.7  27.7  34.8  94.0  59.9  72.6 158.5  58.1  87.7  30.4  64.4 142.7  39.6 114.4  90.9  97.2 139.2  57.4  97.6  43.7  66.5 191.1 214.8  74.8  35.5  27.0  80.3  67.1  83.2   0.0 125.2 110.7  87.7
0.47 115.1 156.9 137.7  99.9  39.2 140.2  52.6 137.9  67.1  84.2 155.6  99.0 146.8  99.0  11.7  34.4 150.8 181.5 166.3 108.7  88.1 143.9  90.6 119.8 136.0  97.9 111.4  76.3 151.2 165.7 125.2   0.0  20.2  54.8
0.44  95.6 138.3 120.6  89.3  38.3 120.9  40.2 121.5  53.3  64.1 140.9  79.1 128.3  89.4  18.1  24.8 130.6 161.5 148.2  88.7  77.8 124.3  90.3 118.5 116.0  80.9  94.4  56.1 131.7 146.0 110.7  20.2   0.0  54.3
0.80 128.6 134.3 108.6  55.0  16.2 124.4  32.3 165.5  41.2  93.2 116.4  92.9 165.0  52.0  43.7  31.8 148.2 186.6 140.1 117.9  44.3 129.9 143.5 172.2 127.9  74.1  85.2  81.6 135.3 152.0  87.7  54.8  54.3   0.0
