54
10
0.63   0.0 103.1  64.4 153.7 154.7  79.4 156.0  54.9 108.2 127.4  94.2  54.4 151.8  95.9 106.5  94.4 163.3 142.5  67.9  58.3  95.4 139.3 145.8 151.0  80.0 149.2 142.5 103.2 169.8  41.2  72.2 129.2  83.6  97.1 175.4  59.5 169.1 148.6 120.4  76.3  44.5  58.5  51.9 141.8 169.3  96.3  14.3 189.9  77.2  90.4  79.4  57.5  80.3 140.2
0.72 103.1   0.0  73.9 186.9 179.4 177.8 164.7 150.4 175.8 171.8  96.2  69.4 194.6 162.3 200.9  68.2 184.0 171.3 167.1 160.2  33.1 129.8 159.1 240.1  29.9 171.2 166.4 197.9 181.1 131.3 130.5 169.6  19.5  27.7 200.1 162.5 250.3 171.9 112.7  62.0  61.2 157.4 151.9 161.6 246.1 191.6 117.0 193.0  27.8  80.1 181.6  46.9 180.1 219.0
0.78  64.4  73.9   0.0 118.2 113.5 116.9 105.6 119.0 102.2  99.5  34.4  12.2 123.4  88.8 135.1  30.8 120.0 103.5 130.2 106.7  47.8  80.1  97.3 169.9  44.1 106.0 100.1 132.3 121.5  70.2  57.3  98.1  59.3  52.3 135.0 112.9 177.6 106.2  60.3  15.9  34.3 121.4 114.4  96.9 172.7 159.7  72.7 138.4  48.6  26.3 137.7  55.4 141.7 146.2
0.34 153.7 186.9 118.2   0.0  14.8 136.5  41.4 191.2  65.9  28.5  90.7 128.2  17.2  69.1 128.6 119.7  22.0  15.8 191.3 149.5 154.8  73.7  37.1 128.4 159.5  21.4  22.6 128.6  38.0 121.8  81.6  24.9 175.9 160.3  23.8 160.4 113.9  19.6  80.6 125.7 149.3 186.8 180.4  29.1 101.9 219.2 150.5  58.0 165.4 106.9 185.1 172.7 196.8  92.8
0.61 154.7 179.4 113.5  14.8   0.0 144.9  26.8 195.4  75.9  36.6  83.5 124.3  31.9  76.9 139.3 111.5   9.8  12.5 196.9 155.9 146.8  60.8  23.8 142.0 153.0   8.5  13.4 139.0  24.4 125.7  84.0  31.2 169.6 152.3  21.6 166.7 128.4   7.6  70.0 119.4 146.1 191.8 185.1  18.0 116.5 225.4 152.8  45.8 159.4  99.4 192.0 168.7 203.2 106.4
0.88  79.4 177.8 116.9 136.5 144.9   0.0 159.4  73.7  71.2 108.7 128.9 113.8 126.0  68.1  29.1 145.6 154.8 133.1  64.5  25.8 161.7 161.6 148.7  75.6 150.6 143.6 137.5  25.9 167.4  47.4  75.1 113.7 158.6 165.0 160.2  34.0  99.6 142.1 148.6 132.7 116.6  64.8  61.3 140.6 104.0  86.9  65.5 189.6 150.3 135.2  51.4 135.2  65.0  77.1
0.28 156.0 164.7 105.6  41.4  26.8 159.4   0.0 201.8  94.7  56.4  72.2 117.4  58.3  92.4 157.9  96.7  24.0  31.6 205.6 166.8 131.6  37.8  10.8 165.5 140.6  20.9  24.3 157.1  16.4 133.0  90.5  50.2 157.3 137.1  39.5 177.2 153.9  22.9  52.1 108.1 139.7 199.5 192.6  19.2 142.4 235.1 156.6  34.0 147.6  86.6 203.3 160.6 213.2 130.1
0.46  54.9 150.4 119.0 191.2 195.4  73.7 201.8   0.0 133.1 163.0 146.7 109.3 185.1 124.3 102.0 149.2 204.8 182.9  18.5  48.9 148.4 190.3 191.1 147.9 131.7 191.4 184.6  98.9 213.9  69.7 111.9 166.3 131.7 149.4 214.4  39.8 173.2 190.4 172.3 131.2  97.6  10.6  12.5 185.5 177.6  42.0  47.3 235.2 127.5 144.6  38.4 103.6  31.2 150.1
0.15 108.2 175.8 102.2  65.9  75.9  71.2  94.7 133.1   0.0  39.4  93.3 106.9  54.9  13.7  63.6 120.2  85.5  65.0 130.1  87.3 149.1 108.2  84.9  76.2 145.9  76.1  70.9  63.2  99.6  68.6  45.3  45.2 159.6 154.0  89.4  98.2  76.4  74.4 101.9 116.1 122.2 127.0 121.3  75.5  70.6 156.2 100.3 121.5 149.2 106.6 121.2 146.2 133.8  45.5
0.86 127.4 171.8  99.5  28.5  36.6 108.7  56.4 163.0  39.4   0.0  78.0 108.1  24.8  40.8 102.9 107.6  46.3  25.8 162.9 121.0 141.1  76.8  47.4 109.5 142.9  37.0  32.2 102.5  60.3  93.8  55.2   6.2 158.7 146.6  52.2 132.0 100.9  35.2  76.5 109.7 127.9 158.4 152.1  37.7  90.8 190.7 123.3  82.2 148.1  93.9 156.7 151.9 168.3  74.6
0.63  94.2  96.2  34.4  90.7  83.5 128.9  72.2 146.7  93.3  78.0   0.0  46.6  99.2  81.9 140.7  29.6  88.8  75.1 155.5 125.1  64.1  46.0  64.7 167.8  69.6  75.4  70.3 138.6  88.4  87.0  56.0  74.9  86.3  69.7 104.5 133.3 169.4  75.9  26.4  36.2  68.7 147.5 140.3  65.9 162.3 185.6  99.5 104.3  76.2  16.2 159.5  88.6 165.9 138.9
0.37  54.4  69.4  12.2 128.2 124.3 113.8 117.4 109.3 106.9 108.1  46.6   0.0 132.4  93.3 134.1  40.0 131.1 113.9 121.5 101.1  48.0  92.3 108.8 171.3  39.7 117.0 110.9 131.2 133.1  66.4  61.5 107.2  52.8  51.6 145.8 106.4 180.9 117.1  72.5  22.0  22.3 112.4 105.5 108.0 177.0 150.5  64.1 150.4  42.4  37.9 130.3  44.5 133.4 149.6
0.65 151.8 194.6 123.4  17.2  31.9 126.0  58.3 185.1  54.9  24.8  99.2 132.4   0.0  61.0 115.4 128.8  38.9  29.1 183.8 141.3 163.2  88.4  52.9 112.0 166.2  37.7  37.1 115.7  55.1 116.9  79.7  25.2 182.2 168.7  36.5 152.3  96.7  35.8  92.9 132.7 152.5 180.0 173.9  43.9  84.7 210.7 147.1  74.3 171.6 115.4 175.9 176.4 188.3  76.5
0.71  95.9 162.3  88.8  69.1  76.9  68.1  92.4 124.3  13.7  40.8  81.9  93.3  61.0   0.0  66.3 107.9  86.7  65.0 122.9  80.6 136.0 101.2  81.9  86.1 132.4  75.6  69.6  65.2  99.5  57.5  31.8  45.7 146.0 140.8  92.9  91.6  89.1  74.1  92.9 103.0 108.6 119.0 113.0  73.3  83.9 150.2  88.8 121.6 135.7  94.4 116.0 132.6 127.8  57.8
0.74 106.5 200.9 135.1 128.6 139.3  29.1 157.9 102.0  63.6 102.9 140.7 134.1 115.4  66.3   0.0 161.5 148.9 128.6  90.9  54.9 181.8 166.8 147.7  46.4 172.6 139.7 134.3   3.4 163.2  69.9  84.7 108.8 182.2 185.7 151.5  62.3  71.5 138.0 156.6 151.0 140.2  92.5  89.7 138.7  77.4 109.3  93.1 185.1 173.2 149.7  74.6 160.5  89.0  53.1
0.44  94.4  68.2  30.8 119.7 111.5 145.6  96.7 149.2 120.2 107.6  29.6  40.0 128.8 107.9 161.5   0.0 115.8 103.9 160.9 137.0  35.4  63.5  90.8 192.7  44.6 103.2  98.5 159.0 113.1  99.8  78.7 104.5  61.1  40.9 131.9 143.6 196.7 103.9  45.0  18.7  57.2 152.0 145.0  93.6 190.2 190.2 103.4 126.3  52.1  13.9 168.4  70.7 172.5 165.6
0.40 163.3 184.0 120.0  22.0   9.8 154.8  24.0 204.8  85.5  46.3  88.8 131.1  38.9  86.7 148.9 115.8   0.0  22.1 206.5 165.7 151.1  61.1  25.3 150.4 158.3  14.3  20.9 148.7  16.2 135.1  93.2  41.0 175.0 156.6  16.3 176.5 135.6  14.7  72.7 124.9 153.1 201.3 194.7  23.1 123.4 235.2 161.9  36.4 164.9 104.3 201.8 175.4 212.9 114.7
0.39 142.5 171.3 103.5  15.8  12.5 133.1  31.6 182.9  65.0  25.8  75.1 113.9  29.1  65.0 128.6 103.9  22.1   0.0 184.5 143.6 139.1  59.2  24.3 134.0 144.2  11.2   8.1 128.1  34.7 113.2  71.6  19.8 160.6 144.6  32.9 154.4 122.6   9.4  64.9 110.4 135.4 179.3 172.7  14.9 111.4 213.1 140.5  56.7 150.3  91.2 179.8 158.4 190.8  98.6
0.51  67.9 167.1 130.2 191.3 196.9  64.5 205.6  18.5 130.1 162.9 155.5 121.5 183.8 122.9  90.9 160.9 206.5 184.5   0.0  42.8 163.1 197.4 194.8 135.5 147.0 193.6 187.0  88.1 216.7  72.8 115.1 166.8 148.1 164.5 215.0  32.0 162.4 192.5 180.3 143.5 112.1   9.7  16.0 188.5 168.0  30.1  57.5 238.5 143.3 155.1  20.7 120.2  13.1 141.6
0.20  58.3 160.2 106.7 149.5 155.9  25.8 166.8  48.9  87.3 121.0 125.1 101.1 141.3  80.6  54.9 137.0 165.7 143.6  42.8   0.0 147.9 163.1 155.9 101.3 134.8 153.3 146.7  51.6 176.8  38.2  77.2 125.3 140.8 150.6 173.2  11.0 125.1 152.0 147.7 121.9  99.6  40.9  36.4 148.8 128.9  69.7  44.0 198.8 133.4 128.4  36.6 115.6  47.3 101.3
0.41  95.4  33.1  47.8 154.8 146.8 161.7 131.6 148.4 149.1 141.1  64.1  48.0 163.2 136.0 181.8  35.4 151.1 139.1 163.1 147.9   0.0  96.9 126.1 217.7  18.5 138.5 133.8 179.0 148.0 114.3 104.8 138.5  30.5   5.5 167.3 152.2 225.0 139.2  79.6  33.0  51.0 153.5 147.2 128.9 219.7 190.4 107.7 160.1  25.6  47.9 174.5  51.2 175.7 193.6
0.85 139.3 129.8  80.1  73.7  60.8 161.6  37.8 190.3 108.2  76.8  46.0  92.3  88.4 101.2 166.8  63.5  61.1  59.2 197.4 163.1  96.9   0.0  37.0 183.8 108.1  52.7  51.4 165.4  53.3 125.9  86.8  71.1 124.6 102.2  77.1 172.4 177.6  54.2  19.9  78.1 114.0 190.0 182.9  44.6 167.6 227.5 143.2  63.2 115.6  56.3 199.0 132.2 206.8 150.2
0.83 145.8 159.1  97.3  37.1  23.8 148.7  10.8 191.1  84.9  47.4  64.7 108.8  52.9  81.9 147.7  90.8  25.3  24.3 194.8 155.9 126.1  37.0   0.0 156.9 133.9  15.8  16.2 146.9  24.4 122.2  79.7  41.1 150.6 131.6  41.7 166.3 146.6  17.5  47.4 100.9 131.1 188.7 181.8   9.8 135.6 224.3 146.1  44.3 140.7  79.8 192.5 152.5 202.4 121.8
0.75 151.0 240.1 169.9 128.4 142.0  75.6 165.5 147.9  76.2 109.5 167.8 171.3 112.0  86.1  46.4 192.7 150.4 134.0 135.5 101.3 217.7 183.8 156.9   0.0 210.8 145.0 141.3  49.7 166.2 111.9 114.1 115.7 222.1 222.1 147.9 108.5  30.6 143.1 178.1 185.3 180.8 138.1 135.7 147.1  41.7 150.3 138.2 186.3 212.4 179.6 117.5 202.6 131.8  35.6
0.90  80.0  29.9  44.1 159.5 153.0 150.6 140.6 131.7 145.9 142.9  69.6  39.7 166.2 132.4 172.6  44.6 158.3 144.2 147.0 134.8  18.5 108.1 133.9 210.8   0.0 145.0 139.7 169.6 156.9 103.5 100.6 141.0  16.7  18.0 174.1 138.3 220.5 145.5  89.4  33.7  35.6 137.3 131.2 135.5 216.3 173.6  93.0 170.8   7.9  54.1 159.4  32.7 159.7 189.1
0.23 149.2 171.2 106.0  21.4   8.5 143.6  20.9 191.4  76.1  37.0  75.4 117.0  37.7  75.6 139.7 103.2  14.3  11.2 193.6 153.3 138.5  52.7  15.8 145.0 145.0   0.0   6.8 139.2  23.9 121.8  79.6  31.0 161.6 144.0  29.1 163.9 133.0   1.9  61.5 111.5 138.9 188.2 181.4   9.6 121.5 222.5 148.0  46.1 151.5  91.2 189.6 161.3 200.3 109.6
0.82 142.5 166.4 100.1  22.6  13.4 137.5  24.3 184.6  70.9  32.2  70.3 110.9  37.1  69.6 134.3  98.5  20.9   8.1 187.0 146.7 133.8  51.4  16.2 141.3 139.7   6.8   0.0 133.7  30.1 115.0  72.8  26.0 156.3 139.4  34.9 157.4 130.4   6.2  58.2 106.1 132.8 181.5 174.7   6.9 119.3 215.9 141.2  52.3 146.1  86.3 183.1 155.4 193.8 106.0
0.38 103.2 197.9 132.3 128.6 139.0  25.9 157.1  98.9  63.2 102.5 138.6 131.2 115.7  65.2   3.4 159.0 148.7 128.1  88.1  51.6 179.0 165.4 146.9  49.7 169.6 139.2 133.7   0.0 162.8  66.7  82.6 108.3 179.0 182.8 151.6  59.2  74.5 137.5 154.9 148.2 137.1  89.5  86.6 137.9  80.0 107.0  89.7 184.7 170.1 147.3  72.1 157.3  86.5  55.1
0.40 169.8 181.1 121.5  38.0  24.4 167.4  16.4 213.9  99.6  60.3  88.4 133.1  55.1  99.5 163.2 113.1  16.2  34.7 216.7 176.8 148.0  53.3  24.4 166.2 156.9  23.9  30.1 162.8   0.0 144.5 102.1  54.5 173.7 153.5  27.2 187.4 151.8  25.4  68.4 124.4 155.4 211.0 204.2  28.4 139.6 245.8 169.6  22.2 164.0 102.9 213.2 176.6 223.7 130.6
0.68  41.2 131.3  70.2 121.8 125.7  47.4 133.0  69.7  68.6  93.8  87.0  66.4 116.9  57.5  69.9  99.8 135.1 113.2  72.8  38.2 114.3 125.9 122.2 111.9 103.5 121.8 115.0  66.7 144.5   0.0  42.5  96.9 112.4 117.7 144.9  46.7 128.3 120.8 109.9  85.8  70.4  66.6  59.7 116.1 128.1 102.5  31.7 166.1 103.6  90.5  73.2  90.9  81.2  99.0
0.45  72.2 130.5  57.3  81.6  84.0  75.1  90.5 111.9  45.3  55.2  56.0  61.5  79.7  31.8  84.7  78.7  93.2  71.6 115.1  77.2 104.8  86.8  79.7 114.1 100.6  79.6  72.8  82.6 102.1  42.5   0.0  57.0 114.3 109.5 104.0  87.2 120.3  78.7  73.5  71.9  77.6 109.1 102.2  73.7 115.6 144.6  69.0 123.6 103.9  66.0 113.6 101.8 122.9  88.9
0.43 129.2 169.6  98.1  24.9  31.2 113.7  50.2 166.3  45.2   6.2  74.9 107.2  25.2  45.7 108.8 104.5  41.0  19.8 166.8 125.3 138.5  71.1  41.1 115.7 141.0  31.0  26.0 108.3  54.5  96.9  57.0   0.0 157.0 144.0  48.2 136.2 106.7  29.2  71.7 107.6 127.5 162.1 155.7  31.4  96.5 195.0 125.7  76.5 146.4  90.9 161.2 151.4 172.6  80.8
0.34  83.6  19.5  59.3 175.9 169.6 158.6 157.3 131.7 159.6 158.7  86.3  52.8 182.2 146.0 182.2  61.1 175.0 160.6 148.1 140.8  30.5 124.6 150.6 222.1  16.7 161.6 156.3 179.0 173.7 112.4 114.3 157.0   0.0  27.1 190.8 143.0 233.2 162.1 106.1  50.2  42.1 138.4 132.8 152.2 229.6 173.2  97.5 187.4  10.6  70.9 162.3  28.2 161.1 202.0
0.27  97.1  27.7  52.3 160.3 152.3 165.0 137.1 149.4 154.0 146.6  69.7  51.6 168.7 140.8 185.7  40.9 156.6 144.6 164.5 150.6   5.5 102.2 131.6 222.1  18.0 144.0 139.4 182.8 153.5 117.7 109.5 144.0  27.1   0.0 172.8 154.6 229.8 144.8  85.0  38.0  52.6 154.9 148.6 134.5 224.6 191.4 109.8 165.4  24.0  53.4 176.4  50.1 177.2 198.4
0.37 175.4 200.1 135.0  23.8  21.6 160.2  39.5 214.4  89.4  52.2 104.5 145.8  36.5  92.9 151.5 131.9  16.3  32.9 215.0 173.2 167.3  77.1  41.7 147.9 174.1  29.1  34.9 151.6  27.2 144.9 104.0  48.2 190.8 172.8   0.0 184.2 130.2  28.8  89.1 140.6 167.6 210.3 203.8  38.6 117.3 242.9 173.0  40.4 180.6 120.2 208.9 190.3 220.5 112.5
0.25  59.5 162.5 112.9 160.4 166.7  34.0 177.2  39.8  98.2 132.0 133.3 106.4 152.3  91.6  62.3 143.6 176.5 154.4  32.0  11.0 152.2 172.4 166.3 108.5 138.3 163.9 157.4  59.2 187.4  46.7  87.2 136.2 143.0 154.6 184.2   0.0 133.5 162.7 156.6 127.7 102.7  30.9  27.4 159.4 138.0  58.8  45.5 209.4 136.2 135.6  26.6 116.8  36.4 110.8
0.73 169.1 250.3 177.6 113.9 128.4  99.6 153.9 173.2  76.4 100.9 169.4 180.9  96.7  89.1  71.5 196.7 135.6 122.6 162.4 125.1 225.0 177.6 146.6  30.6 220.5 133.0 130.4  74.5 151.8 128.3 120.3 106.7 233.2 229.8 130.2 133.5   0.0 131.0 175.2 192.0 193.5 164.0 160.9 136.9  13.6 179.2 157.4 170.1 223.1 183.0 145.5 216.5 159.9  31.4
0.47 148.6 171.9 106.2  19.6   7.6 142.1  22.9 190.4  74.4  35.2  75.9 117.1  35.8  74.1 138.0 103.9  14.7   9.4 192.5 152.0 139.2  54.2  17.5 143.1 145.5   1.9   6.2 137.5  25.4 120.8  78.7  29.2 162.1 144.8  28.8 162.7 131.0   0.0  62.6 111.9 138.9 187.1 180.4  10.5 119.5 221.3 147.3  47.5 151.9  91.8 188.3 161.5 199.1 107.7
0.86 120.4 112.7  60.3  80.6  70.0 148.6  52.1 172.3 101.9  76.5  26.4  72.5  92.9  92.9 156.6  45.0  72.7  64.9 180.3 147.7  79.6  19.9  47.4 178.1  89.4  61.5  58.2 154.9  68.4 109.9  73.5  71.7 106.1  85.0  89.1 156.6 175.2  62.6   0.0  58.6  94.2 172.5 165.4  52.1 166.3 210.4 125.1  81.4  96.8  36.7 183.0 112.5 190.2 146.2
0.54  76.3  62.0  15.9 125.7 119.4 132.7 108.1 131.2 116.1 109.7  36.2  22.0 132.7 103.0 151.0  18.7 124.9 110.4 143.5 121.9  33.0  78.1 100.9 185.3  33.7 111.5 106.1 148.2 124.4  85.8  71.9 107.6  50.2  38.0 140.6 127.7 192.0 111.9  58.6   0.0  38.6 134.4 127.5 102.0 186.7 172.5  86.0 139.5  40.0  21.9 152.0  54.1 155.3 160.7
0.15  44.5  61.2  34.3 149.3 146.1 116.6 139.7  97.6 122.2 127.9  68.7  22.3 152.5 108.6 140.2  57.2 153.1 135.4 112.1  99.6  51.0 114.0 131.1 180.8  35.6 138.9 132.8 137.1 155.4  70.4  77.6 127.5  42.1  52.6 167.6 102.7 193.5 138.9  94.2  38.6   0.0 102.5  96.2 130.0 190.8 139.5  57.4 172.7  33.9  58.5 123.9  24.3 124.7 162.5
0.68  58.5 157.4 121.4 186.8 191.8  64.8 199.5  10.6 127.0 158.4 147.5 112.4 180.0 119.0  92.5 152.0 201.3 179.3   9.7  40.9 153.5 190.0 188.7 138.1 137.3 188.2 181.5  89.5 211.0  66.6 109.1 162.1 138.4 154.9 210.3  30.9 164.0 187.1 172.5 134.4 102.5   0.0   7.2 182.7 168.8  38.3  48.7 232.6 133.6 146.5  28.0 110.5  22.8 141.7
0.38  51.9 151.9 114.4 180.4 185.1  61.3 192.6  12.5 121.3 152.1 140.3 105.5 173.9 113.0  89.7 145.0 194.7 172.7  16.0  36.4 147.2 182.9 181.8 135.7 131.2 181.4 174.7  86.6 204.2  59.7 102.2 155.7 132.8 148.6 203.8  27.4 160.9 180.4 165.4 127.5  96.2   7.2   0.0 175.8 165.2  45.4  41.7 225.8 127.7 139.4  31.0 105.1  28.6 137.7
0.48 141.8 161.6  96.9  29.1  18.0 140.6  19.2 185.5  75.5  37.7  65.9 108.0  43.9  73.3 138.7  93.6  23.1  14.9 188.5 148.8 128.9  44.6   9.8 147.1 135.5   9.6   6.9 137.9  28.4 116.1  73.7  31.4 152.2 134.5  38.6 159.4 136.9  10.5  52.1 102.0 130.0 182.7 175.8   0.0 125.9 217.6 141.3  50.1 142.0  81.7 185.3 152.2 195.6 112.0
0.11 169.3 246.1 172.7 101.9 116.5 104.0 142.4 177.6  70.6  90.8 162.3 177.0  84.7  83.9  77.4 190.2 123.4 111.4 168.0 128.9 219.7 167.6 135.6  41.7 216.3 121.5 119.3  80.0 139.6 128.1 115.6  96.5 229.6 224.6 117.3 138.0  13.6 119.5 166.3 186.7 190.8 168.8 165.2 125.9   0.0 186.5 158.3 157.4 219.3 176.4 152.0 214.3 166.4  29.1
0.43  96.3 191.6 159.7 219.2 225.4  86.9 235.1  42.0 156.2 190.7 185.6 150.5 210.7 150.2 109.3 190.2 235.2 213.1  30.1  69.7 190.4 227.5 224.3 150.3 173.6 222.5 215.9 107.0 245.8 102.5 144.6 195.0 173.2 191.4 242.9  58.8 179.2 221.3 210.4 172.5 139.5  38.3  45.4 217.6 186.5   0.0  87.0 267.7 169.3 184.8  35.5 145.0  22.4 162.1
0.51  14.3 117.0  72.7 150.5 152.8  65.5 156.6  47.3 100.3 123.3  99.5  64.1 147.1  88.8  93.1 103.4 161.9 140.5  57.5  44.0 107.7 143.2 146.1 138.2  93.0 148.0 141.2  89.7 169.6  31.7  69.0 125.7  97.5 109.8 173.0  45.5 157.4 147.3 125.1  86.0  57.4  48.7  41.7 141.3 158.3  87.0   0.0 190.4  90.7  97.8  66.8  71.7  69.3 129.2
0.72 189.9 193.0 138.4  58.0  45.8 189.6  34.0 235.2 121.5  82.2 104.3 150.4  74.3 121.6 185.1 126.3  36.4  56.7 238.5 198.8 160.1  63.2  44.3 186.3 170.8  46.1  52.3 184.7  22.2 166.1 123.6  76.5 187.4 165.4  40.4 209.4 170.1  47.5  81.4 139.5 172.7 232.6 225.8  50.1 157.4 267.7 190.4   0.0 178.1 117.6 235.3 192.8 245.7 150.7
0.55  77.2  27.8  48.6 165.4 159.4 150.3 147.6 127.5 149.2 148.1  76.2  42.4 171.6 135.7 173.2  52.1 164.9 150.3 143.3 133.4  25.6 115.6 140.7 212.4   7.9 151.5 146.1 170.1 164.0 103.6 103.9 146.4  10.6  24.0 180.6 136.2 223.1 151.9  96.8  40.0  33.9 133.6 127.7 142.0 219.3 169.3  90.7 178.1   0.0  61.0 156.5  26.2 156.2 191.8
0.19  90.4  80.1  26.3 106.9  99.4 135.2  86.6 144.6 106.6  93.9  16.2  37.9 115.4  94.4 149.7  13.9 104.3  91.2 155.1 128.4  47.9  56.3  79.8 179.6  54.1  91.2  86.3 147.3 102.9  90.5  66.0  90.9  70.9  53.4 120.2 135.6 183.0  91.8  36.7  21.9  58.5 146.5 139.4  81.7 176.4 184.8  97.8 117.6  61.0   0.0 161.1  75.9 166.2 152.1
0.14  79.4 181.6 137.7 185.1 192.0  51.4 203.3  38.4 121.2 156.7 159.5 130.3 175.9 116.0  74.6 168.4 201.8 179.8  20.7  36.6 174.5 199.0 192.5 117.5 159.4 189.6 183.1  72.1 213.2  73.2 113.6 161.2 162.3 176.4 208.9  26.6 145.5 188.3 183.0 152.0 123.9  28.0  31.0 185.3 152.0  35.5  66.8 235.3 156.5 161.1   0.0 135.0  14.4 126.9
0.79  57.5  46.9  55.4 172.7 168.7 135.2 160.6 103.6 146.2 151.9  88.6  44.5 176.4 132.6 160.5  70.7 175.4 158.4 120.2 115.6  51.2 132.2 152.5 202.6  32.7 161.3 155.4 157.3 176.6  90.9 101.8 151.4  28.2  50.1 190.3 116.8 216.5 161.5 112.5  54.1  24.3 110.5 105.1 152.2 214.3 145.0  71.7 192.8  26.2  75.9 135.0   0.0 133.3 185.8
0.17  80.3 180.1 141.7 196.8 203.2  65.0 213.2  31.2 133.8 168.3 165.9 133.4 188.3 127.8  89.0 172.5 212.9 190.8  13.1  47.3 175.7 206.8 202.4 131.8 159.7 200.3 193.8  86.5 223.7  81.2 122.9 172.6 161.1 177.2 220.5  36.4 159.9 199.1 190.2 155.3 124.7  22.8  28.6 195.6 166.4  22.4  69.3 245.7 156.2 166.2  14.4 133.3   0.0 141.1
0.53 140.2 219.0 146.2  92.8 106.4  77.1 130.1 150.1  45.5  74.6 138.9 149.6  76.5  57.8  53.1 165.6 114.7  98.6 141.6 101.3 193.6 150.2 121.8  35.6 189.1 109.6 106.0  55.1 130.6  99.0  88.9  80.8 202.0 198.4 112.5 110.8  31.4 107.7 146.2 160.7 162.5 141.7 137.7 112.0  29.1 162.1 129.2 150.7 191.8 152.1 126.9 185.8 141.1   0.0
