44
8
0.50   0.0 104.8 191.0 193.5 124.1  36.1 140.6  33.1  47.5 159.5  27.7 127.8 184.9  44.4 193.2  74.1  47.4 139.9 189.0 155.6  92.9  40.9  91.6 103.2  66.9 193.2  12.3 120.2 178.1  86.0  94.3 132.2 156.1  96.0 123.8  96.1 127.3  42.3 180.9 134.2 163.7 201.5  25.2 176.2
0.19 104.8   0.0 156.4 130.9 157.2 117.7 136.8 137.6 151.8  85.1 126.8  63.5 147.6 129.6 146.8 153.5  71.0 154.1 150.1  97.3  30.4 145.7 165.9  16.2  55.5 123.3 113.6 179.3 136.8 112.9 139.6  27.4 172.2  36.0  73.5 122.5 120.1  70.8 217.0 159.6 103.0 151.2  80.8 122.3
0.63 191.0 156.4   0.0  51.7 106.8 168.5  59.3 208.1 214.9  83.9 189.7  93.1   9.1 172.7  21.2 169.6 147.5  79.8   8.7  62.1 183.6 214.7 165.8 140.6 134.8  65.8 188.8 147.5  20.4 111.5 124.4 155.8  82.6 124.9  83.6 106.0  66.1 154.0 127.9  95.7  59.8  28.6 172.4  41.3
0.49 193.5 130.9  51.7   0.0 141.3 179.7  92.0 217.1 226.8  46.4 199.5  71.0  45.0 186.8  30.9 191.8 146.3 117.5  43.1  38.2 160.8 224.7 192.5 117.2 128.7  14.4 194.6 181.5  37.4 129.2 150.2 122.1 125.9 107.8  70.2 128.1  89.1 152.1 174.9 132.8  30.3  27.6 170.8  20.5
0.18 124.1 157.2 106.8 141.3   0.0  90.0  49.7 125.9 127.3 139.1 109.1 119.6 106.2  87.4 121.5  71.5 101.8  27.5 110.5 118.2 170.5 130.1  62.3 143.1 105.6 150.4 116.0  40.9 107.1  46.2  30.2 173.9  35.4 122.6 104.7  35.4  54.3 107.4  61.2  12.8 124.0 131.2 118.4 121.2
0.71  36.1 117.7 168.5 179.7  90.0   0.0 113.5  39.6  47.2 152.8  21.2 121.8 163.6  12.0 174.1  40.4  47.3 108.5 167.9 143.5 114.5  46.1  57.1 111.1  66.6 182.0  26.2  84.2 158.4  57.8  59.8 143.6 123.4  97.7 113.8  66.0 102.6  46.9 145.2 100.8 151.6 183.1  42.8 160.7
0.49 140.6 136.8  59.3  92.0  49.7 113.5   0.0 153.1 158.5  96.1 134.7  84.3  57.3 116.0  72.1 110.6 103.1  26.1  61.7  73.0 157.7 159.0 106.6 120.9  96.9 101.7 136.3  90.4  57.5  55.8  65.2 146.7  39.5 100.9  69.3  48.2  16.9 109.7  89.9  40.9  77.5  81.8 126.1  72.1
0.27  33.1 137.6 208.1 217.1 125.9  39.6 153.1   0.0  14.6 186.8  18.4 155.3 202.9  38.6 213.1  61.2  75.2 146.7 207.3 180.1 125.7   8.2  78.4 135.1  95.5 218.4  24.7 111.1 197.5  97.4  96.0 164.9 160.6 126.1 149.2 105.3 142.2  71.5 176.3 137.7 188.3 221.9  57.0 198.6
0.73  47.5 151.8 214.9 226.8 127.3  47.2 158.5  14.6   0.0 198.2  27.8 166.9 210.3  42.4 221.1  58.4  87.6 149.8 214.7 190.3 140.3   8.1  74.4 148.8 108.1 228.7  38.3 107.9 205.4 103.5  98.2 179.0 162.5 138.9 159.9 110.3 148.8  84.5 174.0 139.5 198.4 230.2  71.0 207.9
0.85 159.5  85.1  83.9  46.4 139.1 152.8  96.1 186.8 198.2   0.0 170.4  31.7  75.0 161.9  68.2 173.4 112.3 121.6  75.8  24.3 115.3 194.8 178.2  72.2  92.6  38.4 162.9 175.5  63.7 112.4 138.3  76.0 135.4  66.5  39.8 115.3  85.4 117.1 185.9 134.3  24.2  70.0 135.2  43.3
0.15  27.7 126.8 189.7 199.5 109.1  21.2 134.7  18.4  27.8 170.4   0.0 139.1 184.6  22.1 194.8  49.2  60.2 129.0 189.0 162.7 118.5  25.3  66.9 122.5  80.6 201.1  15.4  98.0 179.2  79.0  79.0 153.6 143.3 111.7 132.2  87.1 123.8  57.6 161.8 120.5 170.9 203.8  46.4 180.8
0.65 127.8  63.5  93.1  71.0 119.6 121.8  84.3 155.3 166.9  31.7 139.1   0.0  84.2 131.4  83.4 144.9  80.7 107.1  86.6  34.4  92.0 163.3 151.3  48.2  61.0  67.1 131.2 152.5  73.3  86.2 113.5  64.6 123.4  36.8  15.2  91.1  69.8  85.5 172.7 117.3  41.2  88.4 103.6  59.4
0.19 184.9 147.6   9.1  45.0 106.2 163.6  57.3 202.9 210.3  75.0 184.6  84.2   0.0 168.2  16.3 166.6 140.6  79.8   4.5  53.0 175.0 209.7 163.7 131.9 127.3  58.7 183.1 147.0  11.3 107.2 121.9 146.8  84.6 116.5  75.0 102.4  61.9 147.2 131.6  95.8  50.8  25.5 165.6  32.7
0.61  44.4 129.6 172.7 186.8  87.4  12.0 116.0  38.6  42.4 161.9  22.1 131.4 168.2   0.0 179.5  29.8  59.0 108.3 172.7 151.4 126.4  43.4  47.2 122.7  77.8 189.8  33.0  76.6 163.8  61.2  57.5 155.3 122.0 108.7 122.5  67.9 106.6  58.8 139.8  99.1 159.4 188.7  54.4 167.4
0.77 193.2 146.8  21.2  30.9 121.5 174.1  72.1 213.1 221.1  68.2 194.8  83.4  16.3 179.5   0.0 179.8 147.6  95.5  13.1  49.7 175.4 220.1 177.7 131.6 132.7  45.2 192.3 162.3  15.8 119.0 135.6 143.0 100.8 118.2  76.9 115.2  74.5 154.0 147.8 111.4  45.1   9.7 172.7  25.2
0.77  74.1 153.5 169.6 191.8  71.5  40.4 110.6  61.2  58.4 173.4  49.2 144.9 166.6  29.8 179.8   0.0  82.7  96.6 171.1 159.3 153.6  63.0  17.7 144.6  99.0 196.9  62.3  49.9 164.1  62.7  45.6 177.8 106.9 128.3 133.7  64.6 105.2  84.1 115.7  84.2 166.9 189.4  82.9 171.6
0.89  47.4  71.0 147.5 146.3 101.8  47.3 103.1  75.2  87.6 112.3  60.2  80.7 140.6  59.0 147.6  82.7   0.0 109.4 144.6 108.3  72.9  83.3  96.0  63.8  20.4 145.7  50.7 113.9 133.0  56.2  77.0  96.3 127.3  51.4  76.4  67.4  87.6   6.7 162.9 108.5 116.4 155.5  25.1 129.4
0.80 139.9 154.1  79.8 117.5  27.5 108.5  26.1 146.7 149.8 121.6 129.0 107.1  79.8 108.3  95.5  96.6 109.4   0.0  84.0  98.9 171.8 151.7  89.1 138.8 108.0 127.7 133.5  67.7  81.8  54.7  51.9 166.9  18.4 118.2  91.9  43.9  37.3 115.7  65.6  16.0 103.6 105.1 129.7  97.9
0.29 189.0 150.1   8.7  43.1 110.5 167.9  61.7 207.3 214.7  75.8 189.0  86.6   4.5 172.7  13.1 171.1 144.6  84.0   0.0  54.6 177.7 214.1 168.2 134.5 131.0  57.1 187.4 151.3  13.3 111.6 126.3 148.5  88.4 119.5  78.0 106.9  66.4 151.1 134.9 100.0  51.7  21.7 169.6  32.8
0.47 155.6  97.3  62.1  38.2 118.2 143.5  73.0 180.1 190.3  24.3 162.7  34.4  53.0 151.4  49.7 159.3 108.3  98.9  54.6   0.0 126.2 187.8 162.2  82.3  90.4  38.5 157.1 156.1  41.7  96.9 120.9  93.9 111.9  70.6  32.0  97.9  63.9 113.9 162.5 112.3   8.2  54.0 132.7  25.1
0.26  92.9  30.4 183.6 160.8 170.5 114.5 157.7 125.7 140.3 115.3 118.5  92.0 175.0 126.4 175.4 153.6  72.9 171.8 177.7 126.2   0.0 133.2 168.2  43.9  64.9 153.7 103.7 186.6 164.5 124.5 148.7  51.4 190.2  59.0 100.0 135.2 140.7  69.9 231.6 174.9 132.4 180.3  72.7 151.3
0.11  40.9 145.7 214.7 224.7 130.1  46.1 159.0   8.2   8.1 194.8  25.3 163.3 209.7  43.4 220.1  63.0  83.3 151.7 214.1 187.8 133.2   0.0  79.6 143.3 103.7 226.1  32.9 112.8 204.5 103.6 100.5 173.0 165.0 134.3 157.0 111.0 148.7  79.7 178.6 142.0 195.9 229.0  65.1 206.1
0.33  91.6 165.9 165.8 192.5  62.3  57.1 106.6  78.4  74.4 178.2  66.9 151.3 163.7  47.2 177.7  17.7  96.0  89.1 168.2 162.2 168.2  79.6   0.0 156.0 110.6 198.8  79.9  33.6 162.4  65.8  42.4 189.2  96.8 138.4 138.9  64.6 103.9  98.3 100.0  75.0 169.4 187.5  99.0 172.1
0.53 103.2  16.2 140.6 117.2 143.1 111.1 120.9 135.1 148.8  72.2 122.5  48.2 131.9 122.7 131.6 144.6  63.8 138.8 134.5  82.3  43.9 143.3 156.0   0.0  45.6 110.6 110.6 167.1 121.2  99.8 127.1  33.2 156.8  20.7  57.5 108.9 104.3  65.1 202.2 144.8  88.5 136.4  78.2 107.5
0.40  66.9  55.5 134.8 128.7 105.6  66.6  96.9  95.5 108.1  92.6  80.6  61.0 127.3  77.8 132.7  99.0  20.4 108.0 131.0  90.4  64.9 103.7 110.6  45.6   0.0 127.1  71.0 124.2 118.7  59.7  84.9  78.8 126.3  31.2  58.4  70.2  80.4  24.5 166.6 110.1  98.4 140.0  42.7 112.9
0.25 193.2 123.3  65.8  14.4 150.4 182.0 101.7 218.4 228.7  38.4 201.1  67.1  58.7 189.8  45.2 196.9 145.7 127.7  57.1  38.5 153.7 226.1 198.8 110.6 127.1   0.0 195.2 189.9  50.2 134.3 156.9 112.2 137.3 103.6  69.4 134.2  96.9 151.1 186.9 142.6  30.4  41.9 169.7  29.9
0.20  12.3 113.6 188.8 194.6 116.0  26.2 136.3  24.7  38.3 162.9  15.4 131.2 183.1  33.0 192.3  62.3  50.7 133.5 187.4 157.1 103.7  32.9  79.9 110.6  71.0 195.2   0.0 109.4 177.0  80.8  85.9 140.8 149.0 101.4 125.8  90.2 123.9  46.9 171.4 126.6 165.3 200.9  32.8 176.6
0.64 120.2 179.3 147.5 181.5  40.9  84.2  90.4 111.1 107.9 175.5  98.0 152.5 147.0  76.6 162.3  49.9 113.9  67.7 151.3 156.1 186.6 112.8  33.6 167.1 124.2 189.9 109.4   0.0 147.9  68.1  40.2 199.8  70.3 147.7 138.5  61.4  93.1 117.7  66.4  51.9 162.5 172.1 122.8 161.2
0.90 178.1 136.8  20.4  37.4 107.1 158.4  57.5 197.5 205.4  63.7 179.2  73.3  11.3 163.8  15.8 164.1 133.0  81.8  13.3  41.7 164.5 204.5 162.4 121.2 118.7  50.2 177.0 147.9   0.0 103.2 120.1 135.5  88.9 106.3  64.8  99.6  58.9 139.4 137.5  97.6  39.6  25.3 158.0  22.2
0.33  86.0 112.9 111.5 129.2  46.2  57.8  55.8  97.4 103.5 112.4  79.0  86.2 107.2  61.2 119.0  62.7  56.2  54.7 111.6  96.9 124.5 103.6  65.8  99.8  59.7 134.3  80.8  68.1 103.2   0.0  28.0 132.0  72.0  79.9  73.3  11.3  45.4  62.0 107.4  52.4 104.4 128.4  75.1 109.1
0.46  94.3 139.6 124.4 150.2  30.2  59.8  65.2  96.0  98.2 138.3  79.0 113.5 121.9  57.5 135.6  45.6  77.0  51.9 126.3 120.9 148.7 100.5  42.4 127.1  84.9 156.9  85.9  40.2 120.1  28.0   0.0 159.6  64.6 107.5 100.0  23.0  61.6  81.7  87.8  41.6 127.9 145.3  90.4 129.8
0.85 132.2  27.4 155.8 122.1 173.9 143.6 146.7 164.9 179.0  76.0 153.6  64.6 146.8 155.3 143.0 177.8  96.3 166.9 148.5  93.9  51.4 173.0 189.2  33.2  78.8 112.2 140.8 199.8 135.5 132.0 159.6   0.0 184.4  52.1  78.3 140.5 130.8  96.9 231.6 174.5  97.9 145.7 108.0 117.8
0.75 156.1 172.2  82.6 125.9  35.4 123.4  39.5 160.6 162.5 135.4 143.3 123.4  84.6 122.0 100.8 106.9 127.3  18.4  88.4 111.9 190.2 165.0  96.8 156.8 126.3 137.3 149.0  70.3  88.9  72.0  64.6 184.4   0.0 136.2 108.2  60.9  53.8 133.5  50.6  23.0 115.7 110.0 147.1 107.4
0.84  96.0  36.0 124.9 107.8 122.6  97.7 100.9 126.1 138.9  66.5 111.7  36.8 116.5 108.7 118.2 128.3  51.4 118.2 119.5  70.6  59.0 134.3 138.4  20.7  31.2 103.6 101.4 147.7 106.3  79.9 107.5  52.1 136.2   0.0  41.5  88.6  84.1  54.6 181.5 124.2  77.8 124.0  70.9  95.3
0.50 123.8  73.5  83.6  70.2 104.7 113.8  69.3 149.2 159.9  39.8 132.2  15.2  75.0 122.5  76.9 133.7  76.4  91.9  78.0  32.0 100.0 157.0 138.9  57.5  58.4  69.4 125.8 138.5  64.8  73.3 100.0  78.3 108.2  41.5   0.0  77.3  54.6  82.0 157.5 102.2  40.1  83.2 100.7  55.1
0.21  96.1 122.5 106.0 128.1  35.4  66.0  48.2 105.3 110.3 115.3  87.1  91.1 102.4  67.9 115.2  64.6  67.4  43.9 106.9  97.9 135.2 111.0  64.6 108.9  70.2 134.2  90.2  61.4  99.6  11.3  23.0 140.5  60.9  88.6  77.3   0.0  40.7  73.3  96.5  41.1 105.0 124.8  86.2 107.7
0.44 127.3 120.1  66.1  89.1  54.3 102.6  16.9 142.2 148.8  85.4 123.8  69.8  61.9 106.6  74.5 105.2  87.6  37.3  66.4  63.9 140.7 148.7 103.9 104.3  80.4  96.9 123.9  93.1  58.9  45.4  61.6 130.8  53.8  84.1  54.6  40.7   0.0  94.3 102.9  48.9  69.7  84.2 111.3  68.7
0.72  42.3  70.8 154.0 152.1 107.4  46.9 109.7  71.5  84.5 117.1  57.6  85.5 147.2  58.8 154.0  84.1   6.7 115.7 151.1 113.9  69.9  79.7  98.3  65.1  24.5 151.1  46.9 117.7 139.4  62.0  81.7  96.9 133.5  54.6  82.0  73.3  94.3   0.0 168.3 114.4 122.0 161.8  18.9 135.5
0.45 180.9 217.0 127.9 174.9  61.2 145.2  89.9 176.3 174.0 185.9 161.8 172.7 131.6 139.8 147.8 115.7 162.9  65.6 134.9 162.5 231.6 178.6 100.0 202.2 166.6 186.9 171.4  66.4 137.5 107.4  87.8 231.6  50.6 181.5 157.5  96.5 102.9 168.3   0.0  57.4 166.2 156.4 178.2 157.1
0.66 134.2 159.6  95.7 132.8  12.8 100.8  40.9 137.7 139.5 134.3 120.5 117.3  95.8  99.1 111.4  84.2 108.5  16.0 100.0 112.3 174.9 142.0  75.0 144.8 110.1 142.6 126.6  51.9  97.6  52.4  41.6 174.5  23.0 124.2 102.2  41.1  48.9 114.4  57.4   0.0 117.5 121.0 126.7 113.0
0.30 163.7 103.0  59.8  30.3 124.0 151.6  77.5 188.3 198.4  24.2 170.9  41.2  50.8 159.4  45.1 166.9 116.4 103.6  51.7   8.2 132.4 195.9 169.4  88.5  98.4  30.4 165.3 162.5  39.6 104.4 127.9  97.9 115.7  77.8  40.1 105.0  69.7 122.0 166.2 117.5   0.0  48.3 140.8  19.9
0.62 201.5 151.2  28.6  27.6 131.2 183.1  81.8 221.9 230.2  70.0 203.8  88.4  25.5 188.7   9.7 189.4 155.5 105.1  21.7  54.0 180.3 229.0 187.5 136.4 140.0  41.9 200.9 172.1  25.3 128.4 145.3 145.7 110.0 124.0  83.2 124.8  84.2 161.8 156.4 121.0  48.3   0.0 180.6  28.9
0.73  25.2  80.8 172.4 170.8 118.4  42.8 126.1  57.0  71.0 135.2  46.4 103.6 165.6  54.4 172.7  82.9  25.1 129.7 169.6 132.7  72.7  65.1  99.0  78.2  42.7 169.7  32.8 122.8 158.0  75.1  90.4 108.0 147.1  70.9 100.7  86.2 111.3  18.9 178.2 126.7 140.8 180.6   0.0 154.3
0.52 176.2 122.3  41.3  20.5 121.2 160.7  72.1 198.6 207.9  43.3 180.8  59.4  32.7 167.4  25.2 171.6 129.4  97.9  32.8  25.1 151.3 206.1 172.1 107.5 112.9  29.9 176.6 161.2  22.2 109.1 129.8 117.8 107.4  95.3  55.1 107.7  68.7 135.5 157.1 113.0  19.9  28.9 154.3   0.0
