48
9
0.54   0.0 145.0  29.9 167.3  74.8   8.2  46.3 136.9 117.6  42.3  24.7  37.9  72.5 130.6  55.3  90.6 137.4   9.1 117.9  69.5 116.9  45.5  95.4 111.8  88.7 136.2 155.6  95.3  44.4  16.8 150.4 119.0  35.8 181.5 103.4  68.7  88.2 105.8  46.1 140.9  56.5 146.5  64.5   8.4 117.3  34.3 162.1  29.6
0.77 145.0   0.0 174.7  85.0 115.7 137.7 110.2  77.1  89.6 163.4 164.9 142.1 125.2 172.6  92.9 120.8 133.5 154.0 114.6 110.6  92.7 134.4 123.8  62.3  58.2 162.6  15.3  55.9 171.6 141.3 105.5 117.2 131.3  44.6 167.4 143.9  72.5 102.9 167.2 129.9 106.9  44.4 110.0 137.6 139.4 110.9  18.4 115.6
0.35  29.9 174.7   0.0 195.0  98.0  37.0  71.5 164.5 144.0  40.0  21.6  55.2  88.9 143.2  83.7 107.6 158.4  21.1 141.0  94.1 142.9  60.9 111.7 140.6 117.9 151.7 185.5 124.0  42.5  39.5 171.7 141.7  58.5 211.4 114.3  78.6 117.2 126.5  41.7 162.6  80.3 176.0  89.7  37.8 136.1  64.2 191.9  59.1
0.52 167.3  85.0 195.0   0.0 101.7 163.1 153.9  30.5  53.0 201.1 177.5 144.5 182.6 123.1 135.1 185.6  74.0 174.6  69.2 102.8  55.1 179.5 190.0  57.7 111.9 107.9  74.5 117.4 172.8 155.5 187.9  70.6 137.5  66.7 132.5 197.5  80.7 174.5 205.4  67.9 156.5  41.1 106.4 158.9  93.3 136.9  79.8 144.6
0.72  74.8 115.7  98.0 101.7   0.0  73.8  86.1  72.0  48.7 115.6  78.3  43.9 122.3  70.3  74.6 134.6  63.0  80.0  43.2   8.2  46.9 105.3 140.0  58.2  82.7  69.2 119.6  93.0  71.1  59.6 172.8  44.2  39.8 137.2  54.4 128.9  43.4 137.5 119.7  66.1  94.6  95.3  13.2  67.2  46.0  57.1 127.4  64.5
0.49   8.2 137.7  37.0 163.1  73.8   0.0  38.2 132.8 114.5  41.8  32.8  40.9  65.8 132.9  47.3  83.5 136.7  17.0 116.4  67.8 114.0  39.7  88.5 106.9  81.0 137.6 148.7  87.4  51.5  20.1 142.5 117.7  36.5 175.0 106.5  63.5  83.2  98.1  45.9 139.9  48.5 140.8  62.5   7.7 117.7  27.8 155.0  22.1
0.88  46.3 110.2  71.5 153.9  86.1  38.2   0.0 125.8 113.2  53.3  71.0  70.4  36.2 154.2  19.1  50.3 145.9  54.4 123.0  78.2 113.7  25.9  55.7  96.3  52.0 155.1 123.2  55.4  88.5  54.1 104.6 125.0  61.3 151.6 131.6  45.0  74.7  60.9  57.0 147.5  10.7 123.8  72.9  43.2 132.0  30.1 128.4  24.9
0.84 136.9  77.1 164.5  30.5  72.0 132.8 125.8   0.0  24.1 171.5 147.0 114.2 156.3 104.3 107.4 161.1  58.9 144.2  45.7  72.6  26.8 151.0 165.9  30.0  88.2  91.2  71.6  95.3 142.8 125.0 171.9  47.8 107.1  76.2 108.4 170.1  51.4 152.7 175.8  54.3 129.3  36.0  76.0 128.5  71.8 107.1  78.8 114.9
0.47 117.6  89.6 144.0  53.0  48.7 114.5 113.2  24.1   0.0 154.7 125.6  91.9 146.4  84.2  96.1 153.8  44.8 124.3  25.1  50.4   3.2 137.2 158.9  29.0  84.6  73.1  87.7  93.4 119.8 104.5 174.0  27.6  85.7  97.5  85.2 158.1  39.9 148.9 159.0  42.5 118.4  55.2  54.4 109.4  50.9  90.6  95.4  98.6
0.50  42.3 163.4  40.0 201.1 115.6  41.8  53.3 171.5 154.7   0.0  55.8  80.0  55.0 172.6  71.3  73.0 178.6  41.2 158.1 109.4 154.5  30.9  76.2 143.8 105.3 178.4 176.4 108.3  78.9  59.0 139.3 159.4  77.7 204.6 145.1  40.6 120.5  94.8   4.3 181.6  57.7 174.8 104.2  48.7 159.2  64.5 181.7  56.6
0.43  24.7 164.9  21.6 177.5  78.3  32.8  71.0 147.0 125.6  55.8   0.0  34.6  96.0 121.7  78.6 114.4 137.4  17.7 120.8  75.2 124.3  68.2 119.0 125.1 110.6 130.1 174.5 118.0  23.1  23.9 175.1 121.4  40.0 199.0  92.9  89.7 102.2 130.4  58.5 141.8  81.2 161.5  71.2  29.0 114.8  54.7 181.4  52.1
0.15  37.9 142.1  55.2 144.5  43.9  40.9  70.4 114.2  91.9  80.0  34.6   0.0 103.8  92.6  69.2 120.2 103.2  39.9  86.2  41.6  90.4  79.8 125.5  94.8  93.9  98.7 149.7 103.1  30.0  21.2 172.5  86.8  11.3 171.8  65.7 104.0  73.5 130.6  83.7 107.4  81.0 132.2  38.4  33.2  81.3  42.8 157.0  45.7
0.21  72.5 125.2  88.9 182.6 122.3  65.8  36.2 156.3 146.4  55.0  96.0 103.8   0.0 190.2  50.5  18.7 181.4  78.3 158.2 114.3 147.3  28.1  23.1 126.3  72.3 191.3 139.8  70.3 116.9  85.0  84.4 160.3  95.8 169.3 167.0  19.6 106.9  40.0  56.7 182.6  28.3 148.4 109.1  72.7 168.1  66.1 143.5  60.0
0.66 130.6 172.6 143.2 123.1  70.3 132.9 154.2 104.3  84.2 172.6 121.7  92.6 190.2   0.0 144.5 203.9  49.4 131.9  59.3  78.4  81.0 169.9 209.3 110.3 151.3  16.8 171.8 161.6 102.5 113.8 242.5  56.9  96.8 180.4  29.3 194.2 106.9 207.7 176.3  55.8 163.5 139.0  83.0 125.2  33.3 124.1 179.6 130.5
0.50  55.3  92.9  83.7 135.1  74.6  47.3  19.1 107.4  96.1  71.3  78.6  69.2  50.5 144.5   0.0  60.4 131.4  64.3 108.0  66.5  96.9  45.0  65.7  77.7  34.8 143.7 105.3  40.2  92.4  57.7 103.6 110.2  58.5 133.3 124.4  62.8  56.8  63.8  75.2 132.3  22.3 104.7  61.6  49.6 119.7  26.5 110.9  26.6
0.59  90.6 120.8 107.6 185.6 134.6  83.5  50.3 161.1 153.8  73.0 114.4 120.2  18.7 203.9  60.4   0.0 191.4  96.7 167.9 126.5 155.1  46.8   5.4 131.3  73.7 203.8 135.9  69.2 134.9 102.2  66.6 170.1 111.5 165.4 181.8  34.3 114.0  24.1  74.4 192.0  40.4 149.1 121.5  90.2 180.0  80.3 138.7  75.2
0.48 137.4 133.5 158.4  74.0  63.0 136.7 145.9  58.9  44.8 178.6 137.4 103.2 181.4  49.4 131.4 191.4   0.0 141.8  23.6  69.6  42.1 167.2 196.7  73.8 126.7  33.9 129.9 136.1 124.3 121.5 217.6  21.3 101.7 134.3  64.4 190.2  80.1 189.5 182.7   6.6 153.1  94.8  75.0 130.1  25.2 118.7 137.3 126.5
0.54   9.1 154.0  21.1 174.6  80.0  17.0  54.4 144.2 124.3  41.2  17.7  39.9  78.3 131.9  64.3  96.7 141.8   0.0 123.1  75.2 123.5  50.5 101.3 119.8  97.8 138.6 164.6 104.4  39.7  20.4 157.9 124.1  40.2 190.3 104.0  72.4  96.3 113.0  44.6 145.6  64.3 154.9  70.4  16.7 120.8  43.2 171.1  38.6
0.89 117.9 114.6 141.0  69.2  43.2 116.4 123.0  45.7  25.1 158.1 120.8  86.2 158.2  59.3 108.0 167.9  23.6 123.1   0.0  48.6  21.9 145.0 173.2  52.9 103.4  48.0 112.8 113.0 110.6 102.7 194.6   2.7  82.9 121.5  63.5 167.6  56.7 165.9 162.2  24.4 129.9  79.7  53.9 110.1  26.2  96.6 120.5 104.5
0.47  69.5 110.6  94.1 102.8   8.2  67.8  78.2  72.6  50.4 109.4  75.2  41.6 114.3  78.4  66.5 126.5  69.6  75.2  48.6   0.0  49.0  97.9 131.9  55.6  75.1  77.3 115.4  85.4  70.4  55.0 164.9  49.9  35.6 134.3  61.7 121.3  38.1 129.3 113.6  72.3  86.6  93.1   5.4  61.6  53.8  49.5 123.1  57.1
0.71 116.9  92.7 142.9  55.1  46.9 114.0 113.7  26.8   3.2 154.5 124.3  90.4 147.3  81.0  96.9 155.1  42.1 123.5  21.9  49.0   0.0 137.6 160.2  31.8  86.5  69.9  90.9  95.4 118.0 103.5 176.3  24.5  84.5 100.6  82.1 158.7  41.2 150.6 158.8  40.0 119.2  58.4  53.3 108.7  47.7  90.6  98.6  98.6
0.74  45.5 134.4  60.9 179.5 105.3  39.7  25.9 151.0 137.2  30.9  68.2  79.8  28.1 169.9  45.0  46.8 167.2  50.5 145.0  97.9 137.6   0.0  51.2 121.9  76.8 172.8 147.9  78.7  89.7  59.6 111.2 146.7  73.4 176.7 144.8  24.3  99.7  66.1  33.9 169.3  27.5 149.7  92.5  47.1 151.1  48.5 152.8  40.8
0.12  95.4 123.8 111.7 190.0 140.0  88.5  55.7 165.9 158.9  76.2 119.0 125.5  23.1 209.3  65.7   5.4 196.7 101.3 173.2 131.9 160.2  51.2   0.0 136.0  78.2 209.2 139.0  73.2 139.8 107.3  64.2 175.4 116.8 168.4 187.2  36.5 119.0  24.2  77.3 197.3  45.9 153.1 126.9  95.2 185.4  85.7 141.5  80.5
0.45 111.8  62.3 140.6  57.7  58.2 106.9  96.3  30.0  29.0 143.8 125.1  94.8 126.3 110.3  77.7 131.3  73.8 119.8  52.9  55.6  31.8 121.9 136.0   0.0  58.9 100.7  63.0  66.7 124.7 101.9 145.9  55.6  85.9  79.0 106.2 140.4  23.7 123.6 148.0  71.4  99.5  37.5  57.2 103.4  77.2  80.0  70.8  87.5
0.33  88.7  58.2 117.9 111.9  82.7  81.0  52.0  88.2  84.6 105.3 110.6  93.9  72.3 151.3  34.8  73.7 126.7  97.8 103.4  75.1  86.5  76.8  78.2  58.9   0.0 146.6  71.1  10.3 121.1  87.9  91.7 105.9  82.6  99.8 136.9  89.3  46.7  64.7 109.1 125.9  49.8  76.2  72.0  82.0 121.6  55.9  76.4  59.2
0.66 136.2 162.6 151.7 107.9  69.2 137.6 155.1  91.2  73.1 178.4 130.1  98.7 191.3  16.8 143.7 203.8  33.9 138.6  48.0  77.3  69.9 172.8 209.2 100.7 146.6   0.0 160.6 156.6 112.6 119.5 238.3  45.5 101.1 167.3  41.5 196.9 100.6 205.7 182.3  40.1 163.8 126.7  82.4 130.1  25.0 125.6 168.2 132.5
0.26 155.6  15.3 185.5  74.5 119.6 148.7 123.2  71.6  87.7 176.4 174.5 149.7 139.8 171.8 105.3 135.9 129.9 164.6 112.8 115.4  90.9 147.9 139.0  63.0  71.1 160.6   0.0  69.9 179.5 150.7 119.6 115.3 139.2  29.5 169.2 158.3  77.5 118.2 180.2 125.7 120.6  36.2 115.5 148.0 138.5 121.3   7.9 126.6
0.19  95.3  55.9 124.0 117.4  93.0  87.4  55.4  95.3  93.4 108.3 118.0 103.1  70.3 161.6  40.2  69.2 136.1 104.4 113.0  85.4  95.4  78.7  73.2  66.7  10.3 156.6  69.9   0.0 129.6  95.8  81.8 115.5  91.7  99.2 147.2  88.5  56.4  57.5 111.9 135.1  51.2  79.8  82.3  89.1 131.7  63.7  74.3  66.0
0.67  44.4 171.6  42.5 172.8  71.1  51.5  88.5 142.8 119.8  78.9  23.1  30.0 116.9 102.5  92.4 134.9 124.3  39.7 110.6  70.4 118.0  89.7 139.8 124.7 121.1 112.6 179.5 129.6   0.0  34.9 193.1 110.8  40.4 201.8  73.2 112.1 103.6 149.2  81.6 129.4  99.1 162.1  67.8  45.4 100.3  66.4 186.8  66.3
0.72  16.8 141.3  39.5 155.5  59.6  20.1  54.1 125.0 104.5  59.0  23.9  21.2  85.0 113.8  57.7 102.2 121.5  20.4 102.7  55.0 103.5  59.6 107.3 101.9  87.9 119.5 150.7  95.8  34.9   0.0 158.4 103.7  19.9 175.2  86.9  83.5  78.8 115.0  62.8 125.2  64.8 138.0  50.3  12.5 100.9  32.2 157.6  31.4
0.89 150.4 105.5 171.7 187.9 172.8 142.5 104.6 171.9 174.0 139.3 175.1 172.5  84.4 242.5 103.6  66.6 217.6 157.9 194.6 164.9 176.3 111.2  64.2 145.9  91.7 238.3 119.6  81.8 193.1 158.4   0.0 197.2 162.0 145.1 225.9 100.7 138.2  45.2 140.9 216.3  94.1 146.9 161.0 147.7 213.3 129.7 118.4 127.6
0.75 119.0 117.2 141.7  70.6  44.2 117.7 125.0  47.8  27.6 159.4 121.4  86.8 160.3  56.9 110.2 170.1  21.3 124.1   2.7  49.9  24.5 146.7 175.4  55.6 105.9  45.5 115.3 115.5 110.8 103.7 197.2   0.0  83.9 123.7  61.9 169.4  59.2 168.3 163.6  22.6 132.0  82.1  55.3 111.3  24.0  98.3 123.0 106.1
0.50  35.8 131.3  58.5 137.5  39.8  36.5  61.3 107.1  85.7  77.7  40.0  11.3  95.8  96.8  58.5 111.5 101.7  40.2  82.9  35.6  84.5  73.4 116.8  85.9  82.6 101.1 139.2  91.7  40.4  19.9 162.0  83.9   0.0 161.9  71.5  97.7  63.8 120.8  81.7 105.4  71.7 122.9  31.3  29.1  81.5  32.5 146.5  36.4
0.70 181.5  44.6 211.4  66.7 137.2 175.0 151.6  76.2  97.5 204.6 199.0 171.8 169.3 180.4 133.3 165.4 134.3 190.3 121.5 134.3 100.6 176.7 168.4  79.0  99.8 167.3  29.5  99.2 201.8 175.2 145.1 123.7 161.9   0.0 182.3 187.7  98.3 147.3 208.5 129.1 149.5  42.6 135.4 173.6 147.7 147.3  27.4 153.2
0.30 103.4 167.4 114.3 132.5  54.4 106.5 131.6 108.4  85.2 145.1  92.9  65.7 167.0  29.3 124.4 181.8  64.4 104.0  63.5  61.7  82.1 144.8 187.2 106.2 136.9  41.5 169.2 147.2  73.2  86.9 225.9  61.9  71.5 182.3   0.0 169.2  96.6 188.2 148.6  70.8 141.5 139.8  65.1  98.8  40.2 101.5 177.0 107.1
0.10  68.7 143.9  78.6 197.5 128.9  63.5  45.0 170.1 158.1  40.6  89.7 104.0  19.6 194.2  62.8  34.3 190.2  72.4 167.6 121.3 158.7  24.3  36.5 140.4  89.3 196.9 158.3  88.5 112.1  83.5 100.7 169.4  97.7 187.7 169.2   0.0 119.4  57.9  41.2 192.0  41.0 164.9 115.9  71.1 174.8  71.8 162.3  64.5
0.45  88.2  72.5 117.2  80.7  43.4  83.2  74.7  51.4  39.9 120.5 102.2  73.5 106.9 106.9  56.8 114.0  80.1  96.3  56.7  38.1  41.2  99.7 119.0  23.7  46.7 100.6  77.5  56.4 103.6  78.8 138.2  59.2  63.8  98.3  96.6 119.4   0.0 109.8 124.7  79.6  79.1  59.3  38.0  79.8  75.7  56.4  85.2  64.0
0.15 105.8 102.9 126.5 174.5 137.5  98.1  60.9 152.7 148.9  94.8 130.4 130.6  40.0 207.7  63.8  24.1 189.5 113.0 165.9 129.3 150.6  66.1  24.2 123.6  64.7 205.7 118.2  57.5 149.2 115.0  45.2 168.3 120.8 147.3 188.2  57.9 109.8   0.0  96.6 189.3  50.2 135.9 124.8 103.7 181.1  88.3 120.0  85.0
0.62  46.1 167.2  41.7 205.4 119.7  45.9  57.0 175.8 159.0   4.3  58.5  83.7  56.7 176.3  75.2  74.4 182.7  44.6 162.2 113.6 158.8  33.9  77.3 148.0 109.1 182.3 180.2 111.9  81.6  62.8 140.9 163.6  81.7 208.5 148.6  41.2 124.7  96.6   0.0 185.8  61.1 178.9 108.3  52.7 163.2  68.7 185.4  60.9
0.36 140.9 129.9 162.6  67.9  66.1 139.9 147.5  54.3  42.5 181.6 141.8 107.4 182.6  55.8 132.3 192.0   6.6 145.6  24.4  72.3  40.0 169.3 197.3  71.4 125.9  40.1 125.7 135.1 129.4 125.2 216.3  22.6 105.4 129.1  70.8 192.0  79.6 189.3 185.8   0.0 154.3  90.3  77.7 133.3  31.2 120.8 133.0 128.7
0.31  56.5 106.9  80.3 156.5  94.6  48.5  10.7 129.3 118.4  57.7  81.2  81.0  28.3 163.5  22.3  40.4 153.1  64.3 129.9  86.6 119.2  27.5  45.9  99.5  49.8 163.8 120.6  51.2  99.1  64.8  94.1 132.0  71.7 149.5 141.5  41.0  79.1  50.2  61.1 154.3   0.0 124.4  81.4  53.7 140.3  40.0 125.3  35.4
0.35 146.5  44.4 176.0  41.1  95.3 140.8 123.8  36.0  55.2 174.8 161.5 132.2 148.4 139.0 104.7 149.1  94.8 154.9  79.7  93.1  58.4 149.7 153.1  37.5  76.2 126.7  36.2  79.8 162.1 138.0 146.9  82.1 122.9  42.6 139.8 164.9  59.3 135.9 178.9  90.3 124.4   0.0  94.7 138.3 105.9 113.2  43.0 120.0
0.75  64.5 110.0  89.7 106.4  13.2  62.5  72.9  76.0  54.4 104.2  71.2  38.4 109.1  83.0  61.6 121.5  75.0  70.4  53.9   5.4  53.3  92.5 126.9  57.2  72.0  82.4 115.5  82.3  67.8  50.3 161.0  55.3  31.3 135.4  65.1 115.9  38.0 124.8 108.3  77.7  81.4  94.7   0.0  56.5  59.1  44.1 123.2  51.6
0.24   8.4 137.6  37.8 158.9  67.2   7.7  43.2 128.5 109.4  48.7  29.0  33.2  72.7 125.2  49.6  90.2 130.1  16.7 110.1  61.6 108.7  47.1  95.2 103.4  82.0 130.1 148.0  89.1  45.4  12.5 147.7 111.3  29.1 173.6  98.8  71.1  79.8 103.7  52.7 133.3  53.7 138.3  56.5   0.0 110.5  26.7 154.5  23.1
0.38 117.3 139.4 136.1  93.3  46.0 117.7 132.0  71.8  50.9 159.2 114.8  81.3 168.1  33.3 119.7 180.0  25.2 120.8  26.2  53.8  47.7 151.1 185.4  77.2 121.6  25.0 138.5 131.7 100.3 100.9 213.3  24.0  81.5 147.7  40.2 174.8  75.7 181.1 163.2  31.2 140.3 105.9  59.1 110.5   0.0 103.0 146.2 110.3
0.85  34.3 110.9  64.2 136.9  57.1  27.8  30.1 107.1  90.6  64.5  54.7  42.8  66.1 124.1  26.5  80.3 118.7  43.2  96.6  49.5  90.6  48.5  85.7  80.0  55.9 125.6 121.3  63.7  66.4  32.2 129.7  98.3  32.5 147.3 101.5  71.8  56.4  88.3  68.7 120.8  40.0 113.2  44.1  26.7 103.0   0.0 127.8   8.0
0.80 162.1  18.4 191.9  79.8 127.4 155.0 128.4  78.8  95.4 181.7 181.4 157.0 143.5 179.6 110.9 138.7 137.3 171.1 120.5 123.1  98.6 152.8 141.5  70.8  76.4 168.2   7.9  74.3 186.8 157.6 118.4 123.0 146.5  27.4 177.0 162.3  85.2 120.0 185.4 133.0 125.3  43.0 123.2 154.5 146.2 127.8   0.0 132.9
0.35  29.6 115.6  59.1 144.6  64.5  22.1  24.9 114.9  98.6  56.6  52.1  45.7  60.0 130.5  26.6  75.2 126.5  38.6 104.5  57.1  98.6  40.8  80.5  87.5  59.2 132.5 126.6  66.0  66.3  31.4 127.6 106.1  36.4 153.2 107.1  64.5  64.0  85.0  60.9 128.7  35.4 120.0  51.6  23.1 110.3   8.0 132.9   0.0
