44
8
0.71   0.0 124.0 189.2  92.7 146.6 141.2 185.0 184.5  97.0 202.3 131.5 177.4 160.6 163.6  98.2 116.7 172.7 246.7 176.3 187.4  44.7 183.6  76.7  60.4  92.1 127.8 197.7 185.9 157.9  68.6 132.5 133.3 159.5  59.2 167.4 202.9 134.6 135.1 102.5 108.3  77.9 182.9 146.8  69.2
0.33 124.0   0.0  66.2  37.4  30.0 112.8  78.1  87.9  64.8  80.1  25.6 146.8 160.7  42.0  66.7  59.8  69.3 137.7  53.7 159.7  79.6  60.3  47.5 127.7  50.5  77.9 127.9  62.9 146.6  99.5  58.5 103.6  60.9  65.6 138.5  99.8 120.1  35.3  72.9  17.7  48.8 106.9  45.9  54.8
0.21 189.2  66.2   0.0 102.6  44.4 156.0  73.9  92.3 111.8  37.9  71.3 181.1 205.8  39.6 112.6 110.9  50.5 109.1  13.0 193.0 145.2  25.6 113.4 192.2 104.6 123.3 142.7   3.5 189.6 162.9  82.7 148.9  79.4 130.1 175.3  90.5 167.2  75.7 129.1  80.9 114.9 123.3  56.4 120.5
0.68  92.7  37.4 102.6   0.0  66.5  90.5  94.0  96.9  68.0 110.1  38.8 128.2 134.0  71.8  70.5  40.0 103.7 156.2  90.6 140.9  48.4  92.5  20.2  90.3  50.8  59.0 123.9  99.5 122.0  62.4  80.8  80.5  69.7  40.2 118.7 113.5  94.1  43.2  43.5  30.2  15.0 104.7  77.9  27.0
0.76 146.6  30.0  44.4  66.5   0.0 140.1  85.8 100.2  68.3  70.9  49.2 172.0 188.9  41.6  69.3  88.2  40.1 138.2  31.5 184.8 103.5  50.3  72.6 156.5  60.2 105.2 146.2  41.0 174.2 128.9  45.1 131.3  76.8  87.4 164.4 107.1 148.5  57.9 102.5  39.5  76.1 125.0  21.9  79.1
0.68 141.2 112.8 156.0  90.5 140.1   0.0  97.5  83.3 158.2 139.5  91.1  38.8  49.8 116.5 160.7  53.3 180.1 141.4 149.0  51.0 114.1 133.6 105.6  93.6 141.1  35.0  64.6 154.3  34.2  72.8 168.5  10.0  78.7 119.0  28.8 101.6  14.5  83.2  48.4 116.6  96.4  59.9 158.6 108.7
0.39 185.0  78.1  73.9  94.0  85.8  97.5   0.0  18.8 142.8  44.9  57.3 113.3 144.5  44.5 144.7  73.0 116.8  62.2  73.5 124.1 142.0  48.3 113.3 164.4 128.3  73.9  69.2  73.8 127.5 134.3 130.0  93.6  26.0 133.7 109.5  21.8 111.3  50.9  92.4  94.5 108.8  51.0 107.5 120.7
0.82 184.5  87.9  92.3  96.9 100.2  83.3  18.8   0.0 152.2  63.4  64.2  95.6 128.4  60.2 154.2  68.7 133.5  63.8  91.1 106.0 143.2  66.7 116.9 158.0 136.7  64.7  50.5  92.0 111.4 128.7 143.1  80.8  27.9 137.1  92.4  19.8  97.5  55.9  86.6 102.9 111.2  32.4 122.1 123.9
0.19  97.0  64.8 111.8  68.0  68.3 158.2 142.8 152.2   0.0 138.3  88.2 196.2 199.5 103.7   2.4 107.7  80.2 201.5  99.2 208.9  66.2 117.5  53.7 131.1  17.3 126.9 188.3 108.4 188.7 113.1  36.9 148.3 124.7  49.8 186.7 164.5 160.7  97.2 110.3  49.4  63.0 167.9  57.8  53.4
0.14 202.3  80.1  37.9 110.1  70.9 139.5  44.9  63.4 138.3   0.0  72.1 158.0 187.9  38.7 139.6 104.2  88.0  71.4  44.6 169.0 157.6  20.8 125.8 193.7 127.6 111.2 113.0  39.5 171.0 163.3 114.8 134.3  61.3 145.1 153.9  56.3 152.5  71.6 124.1  97.6 124.5  95.7  88.8 133.4
0.82 131.5  25.6  71.3  38.8  49.2  91.1  57.3  64.2  88.2  72.1   0.0 123.0 140.2  34.9  90.3  40.6  89.1 119.1  61.3 135.9  87.1  56.0  56.8 122.9  72.4  56.2 102.3  68.7 125.2  92.9  84.0  82.5  36.5  77.1 115.2  78.2 100.1   9.7  57.9  38.8  53.6  81.3  68.9  64.3
0.66 177.4 146.8 181.1 128.2 172.0  38.8 113.3  95.6 196.2 158.0 123.0   0.0  40.2 142.6 198.6  89.3 211.4 141.5 176.0  12.9 152.6 156.7 144.1 125.0 179.0  70.0  55.5 179.9  27.0 108.8 204.2  48.6 101.7 157.8  10.1 109.8  42.8 114.1  87.0 152.8 134.9  64.1 191.8 147.4
0.67 160.6 160.7 205.8 134.0 188.9  49.8 144.5 128.4 199.5 187.9 140.2  40.2   0.0 166.2 201.9 100.9 229.0 179.8 198.7  40.1 145.5 183.1 145.7 102.4 182.9  84.0  94.6 204.1  17.0  95.6 214.3  57.7 127.8 154.9  37.8 144.8  40.6 132.7  90.5 162.4 136.5  99.5 206.6 147.0
0.51 163.6  42.0  39.6  71.8  41.6 116.5  44.5  60.2 103.7  38.7  34.9 142.6 166.2   0.0 105.3  72.2  73.4  98.2  33.4 154.8 118.9  21.1  87.1 157.8  91.3  83.8 108.8  37.8 150.1 127.7  86.3 109.3  41.3 106.5 136.4  65.6 127.6  37.2  91.2  59.6  86.0  88.2  63.1  94.7
0.69  98.2  66.7 112.6  70.5  69.3 160.7 144.7 154.2   2.4 139.6  90.3 198.6 201.9 105.3   0.0 110.1  80.1 203.2 100.2 211.3  68.2 118.8  56.2 133.1  19.7 129.3 190.6 109.2 191.2 115.4  36.5 150.7 126.7  51.9 189.1 166.4 163.1  99.3 112.8  51.6  65.4 170.1  58.2  55.7
0.39 116.7  59.8 110.9  40.0  88.2  53.3  73.0  68.7 107.7 104.2  40.6  89.3 100.9  72.2 110.1   0.0 128.3 132.1 101.7 102.2  77.9  92.3  58.6  91.5  90.4  19.3  85.6 108.5  86.9  61.4 115.3  43.9  47.1  76.2  80.3  87.9  60.4  35.2  20.0  63.6  50.3  67.8 105.7  63.7
0.71 172.7  69.3  50.5 103.7  40.1 180.1 116.8 133.5  80.2  88.0  89.1 211.4 229.0  73.4  80.1 128.3   0.0 159.3  44.5 224.1 133.2  71.5 105.4 191.6  80.7 145.2 182.0  48.5 214.3 165.7  43.9 171.4 113.4 115.8 204.0 136.3 188.6  97.5 142.1  74.1 110.8 161.2  26.8 110.6
0.74 246.7 137.7 109.1 156.2 138.2 141.4  62.2  63.8 201.5  71.4 119.1 141.5 179.8  98.2 203.2 132.1 159.3   0.0 115.5 148.4 204.0  89.4 175.5 221.6 188.1 128.1  86.1 110.9 163.5 192.5 183.2 141.0  87.2 195.9 142.0  44.3 155.9 113.1 150.3 154.9 171.0  81.9 158.1 182.9
0.30 176.3  53.7  13.0  90.6  31.5 149.0  73.5  91.1  99.2  44.6  61.3 176.0 198.7  33.4 100.2 101.7  44.5 115.5   0.0 188.2 132.5  27.0 100.7 180.6  91.6 115.4 140.9   9.6 182.9 151.6  71.5 141.4  74.7 117.2 169.7  92.2 159.5  66.9 119.2  68.0 102.5 120.8  45.2 107.7
0.89 187.4 159.7 193.0 140.9 184.8  51.0 124.1 106.0 208.9 169.0 135.9  12.9  40.1 154.8 211.3 102.2 224.1 148.4 188.2   0.0 164.2 168.4 156.6 133.3 191.7  82.9  62.5 191.9  31.7 119.1 217.1  60.9 113.7 169.9  22.2 119.1  53.2 126.9  99.4 165.6 147.4  74.0 204.7 159.7
0.68  44.7  79.6 145.2  48.4 103.5 114.1 142.0 143.2  66.2 157.6  87.1 152.6 145.5 118.9  68.2  77.9 133.2 204.0 132.5 164.2   0.0 138.9  32.1  65.0  55.4  92.5 162.6 141.9 138.3  51.3  96.9 104.8 117.0  17.6 142.5 160.8 111.5  91.4  68.3  64.5  33.5 145.7 106.6  24.8
0.55 183.6  60.3  25.6  92.5  50.3 133.6  48.3  66.7 117.5  20.8  56.0 156.7 183.1  21.1 118.8  92.3  71.5  89.4  27.0 168.4 138.9   0.0 106.9 178.9 106.9 102.4 117.1  25.6 166.6 148.8  94.7 127.2  55.5 125.8 151.3  65.7 145.6  57.7 111.6  77.5 106.4  97.8  69.0 114.5
0.65  76.7  47.5 113.4  20.2  72.6 105.6 113.3 116.9  53.7 125.8  56.8 144.1 145.7  87.1  56.2  58.6 105.4 175.5 100.7 156.6  32.1 106.9   0.0  86.4  37.5  76.7 143.5 110.1 135.2  62.7  74.7  95.7  89.6  20.4 134.4 133.3 107.2  62.4  57.3  33.2   9.3 124.7  78.7   7.6
0.64  60.4 127.7 192.2  90.3 156.5  93.6 164.4 158.0 131.1 193.7 122.9 125.0 102.4 157.8 133.1  91.5 191.6 221.6 180.6 133.3  65.0 178.9  86.4   0.0 119.1  93.7 156.7 189.2 102.3  30.4 159.8  88.2 138.6  81.5 115.7 177.7  83.3 122.1  72.0 117.9  80.8 146.5 164.9  82.1
0.25  92.1  50.5 104.6  50.8  60.2 141.1 128.3 136.7  17.3 127.6  72.4 179.0 182.9  91.3  19.7  90.4  80.7 188.1  91.6 191.7  55.4 106.9  37.5 119.1   0.0 109.6 171.5 101.1 171.9  98.8  41.6 131.2 108.9  37.9 169.5 149.8 143.9  81.1  93.4  33.8  46.6 151.2  55.3  38.4
0.76 127.8  77.9 123.3  59.0 105.2  35.0  73.9  64.7 126.9 111.2  56.2  70.0  84.0  83.8 129.3  19.3 145.2 128.1 115.4  82.9  92.5 102.4  76.7  93.7 109.6   0.0  70.4 121.3  69.1  65.4 134.4  26.3  50.3  93.1  61.1  84.5  44.2  48.8  25.2  82.8  67.9  55.2 123.7  81.2
0.16 197.7 127.9 142.7 123.9 146.2  64.6  69.2  50.5 188.3 113.0 102.3  55.5  94.6 108.8 190.6  85.6 182.0  86.1 140.9  62.5 162.6 117.1 143.5 156.7 171.5  70.4   0.0 142.4  78.9 132.2 186.0  68.5  69.3 161.8  57.0  58.8  77.9  92.7  95.4 139.6 135.6  21.2 167.8 149.2
0.50 185.9  62.9   3.5  99.5  41.0 154.3  73.8  92.0 108.4  39.5  68.7 179.9 204.1  37.8 109.2 108.5  48.5 110.9   9.6 191.9 141.9  25.6 110.1 189.2 101.1 121.3 142.4   0.0 187.9 160.0  79.6 147.0  78.2 126.7 173.9  91.0 165.3  73.4 126.6  77.5 111.7 122.7  53.2 117.2
0.19 157.9 146.6 189.6 122.0 174.2  34.2 127.5 111.4 188.7 171.0 125.2  27.0  17.0 150.1 191.2  86.9 214.3 163.5 182.9  31.7 138.3 166.6 135.2 102.3 171.9  69.1  78.9 187.9   0.0  90.5 201.5  43.0 111.2 146.1  22.0 127.9  28.0 117.4  78.6 149.5 125.9  82.7 192.5 137.2
0.76  68.6  99.5 162.9  62.4 128.9  72.8 134.3 128.7 113.1 163.3  92.9 108.8  95.6 127.7 115.4  61.4 165.7 192.5 151.6 119.1  51.3 148.8  62.7  30.4  98.8  65.4 132.2 160.0  90.5   0.0 137.5  65.4 108.5  64.1  98.8 148.3  66.0  91.8  42.2  91.6  55.5 119.9 139.4  60.4
0.82 132.5  58.5  82.7  80.8  45.1 168.5 130.0 143.1  36.9 114.8  84.0 204.2 214.3  86.3  36.5 115.3  43.9 183.2  71.5 217.1  96.9  94.7  74.7 159.8  41.6 134.4 186.0  79.6 201.5 137.5   0.0 158.9 117.6  79.3 195.5 151.5 174.0  93.7 123.9  52.0  82.5 164.9  26.4  77.8
0.10 133.3 103.6 148.9  80.5 131.3  10.0  93.6  80.8 148.3 134.3  82.5  48.6  57.7 109.3 150.7  43.9 171.4 141.0 141.4  60.9 104.8 127.2  95.7  88.2 131.2  26.3  68.5 147.0  43.0  65.4 158.9   0.0  73.0 109.3  38.7  99.8  18.4  75.0  38.5 106.9  86.5  60.7 149.4  98.8
0.34 159.5  60.9  79.4  69.7  76.8  78.7  26.0  27.9 124.7  61.3  36.5 101.7 127.8  41.3 126.7  47.1 113.4  87.2  74.7 113.7 117.0  55.5  89.6 138.6 108.9  50.3  69.3  78.2 111.2 108.5 117.6  73.0   0.0 109.9  95.9  43.8  91.3  28.0  66.8  75.3  84.3  48.2  98.5  96.7
0.28  59.2  65.6 130.1  40.2  87.4 119.0 133.7 137.1  49.8 145.1  77.1 157.8 154.9 106.5  51.9  76.2 115.8 195.9 117.2 169.9  17.6 125.8  20.4  81.5  37.9  93.1 161.8 126.7 146.1  64.1  79.3 109.3 109.9   0.0 147.8 153.6 118.5  82.8  71.1  49.3  26.4 143.5  89.3  13.2
0.49 167.4 138.5 175.3 118.7 164.4  28.8 109.5  92.4 186.7 153.9 115.2  10.1  37.8 136.4 189.1  80.3 204.0 142.0 169.7  22.2 142.5 151.3 134.4 115.7 169.5  61.1  57.0 173.9  22.0  98.8 195.5  38.7  95.9 147.8   0.0 107.9  32.9 106.5  77.2 143.8 125.2  62.2 183.8 137.5
0.66 202.9  99.8  90.5 113.5 107.1 101.6  21.8  19.8 164.5  56.3  78.2 109.8 144.8  65.6 166.4  87.9 136.3  44.3  92.2 119.1 160.8  65.7 133.3 177.7 149.8  84.5  58.8  91.0 127.9 148.3 151.5  99.8  43.8 153.6 107.9   0.0 116.0  71.0 106.1 116.0 128.2  45.7 128.6 140.5
0.26 134.6 120.1 167.2  94.1 148.5  14.5 111.3  97.5 160.7 152.5 100.1  42.8  40.6 127.6 163.1  60.4 188.6 155.9 159.5  53.2 111.5 145.6 107.2  83.3 143.9  44.2  77.9 165.3  28.0  66.0 174.0  18.4  91.3 118.5  32.9 116.0   0.0  92.9  50.6 122.0  97.9  74.3 166.0 109.3
0.37 135.1  35.3  75.7  43.2  57.9  83.2  50.9  55.9  97.2  71.6   9.7 114.1 132.7  37.2  99.3  35.2  97.5 113.1  66.9 126.9  91.4  57.7  62.4 122.1  81.1  48.8  92.7  73.4 117.4  91.8  93.7  75.0  28.0  82.8 106.5  71.0  92.9   0.0  54.0  47.8  58.1  71.7  78.1  69.8
0.54 102.5  72.9 129.1  43.5 102.5  48.4  92.4  86.6 110.3 124.1  57.9  87.0  90.5  91.2 112.8  20.0 142.1 150.3 119.2  99.4  68.3 111.6  57.3  72.0  93.4  25.2  95.4 126.6  78.6  42.2 123.9  38.5  66.8  71.1  77.2 106.1  50.6  54.0   0.0  72.2  48.0  80.4 118.0  60.4
0.22 108.3  17.7  80.9  30.2  39.5 116.6  94.5 102.9  49.4  97.6  38.8 152.8 162.4  59.6  51.6  63.6  74.1 154.9  68.0 165.6  64.5  77.5  33.2 117.9  33.8  82.8 139.6  77.5 149.5  91.6  52.0 106.9  75.3  49.3 143.8 116.0 122.0  47.8  72.2   0.0  37.1 118.9  47.9  39.9
0.65  77.9  48.8 114.9  15.0  76.1  96.4 108.8 111.2  63.0 124.5  53.6 134.9 136.5  86.0  65.4  50.3 110.8 171.0 102.5 147.4  33.5 106.4   9.3  80.8  46.6  67.9 135.6 111.7 125.9  55.5  82.5  86.5  84.3  26.4 125.2 128.2  97.9  58.1  48.0  37.1   0.0 117.2  84.3  13.5
0.34 182.9 106.9 123.3 104.7 125.0  59.9  51.0  32.4 167.9  95.7  81.3  64.1  99.5  88.2 170.1  67.8 161.2  81.9 120.8  74.0 145.7  97.8 124.7 146.5 151.2  55.2  21.2 122.7  82.7 119.9 164.9  60.7  48.2 143.5  62.2  45.7  74.3  71.7  80.4 118.9 117.2   0.0 146.7 130.6
0.62 146.8  45.9  56.4  77.9  21.9 158.6 107.5 122.1  57.8  88.8  68.9 191.8 206.6  63.1  58.2 105.7  26.8 158.1  45.2 204.7 106.6  69.0  78.7 164.9  55.3 123.7 167.8  53.2 192.5 139.4  26.4 149.4  98.5  89.3 183.8 128.6 166.0  78.1 118.0  47.9  84.3 146.7   0.0  83.8
0.10  69.2  54.8 120.5  27.0  79.1 108.7 120.7 123.9  53.4 133.4  64.3 147.4 147.0  94.7  55.7  63.7 110.6 182.9 107.7 159.7  24.8 114.5   7.6  82.1  38.4  81.2 149.2 117.2 137.2  60.4  77.8  98.8  96.7  13.2 137.5 140.5 109.3  69.8  60.4  39.9  13.5 130.6  83.8   0.0
