p 40 5 2
n 3.33333 0.32 0 9.94408 7.01068 9.74672 19.6499 13.6846 51.9361 2.26258 3.43392 46.353 143.802 37.9298 53.9272 6.18154 6.12887 51.6954 6.57551 71.6284 68.5247 8.52723 21.7176 32.2444 59.6376 109.147 51.672 42.1187 181.836 36.0848 65.2218 3.13697 73.1978 8.40463 33.6778 6.17053 20.9796 48.3252 70.8203 32.7015 69.8555 7.12256 
n 1.15 4.31 9.94408 0 14.1823 19.591 24.9412 16.2251 56.8076 10.2369 13.2667 38.797 134.788 33.7253 44.2204 14.7487 14.7967 56.6681 14.7488 67.1492 62.8163 17.9276 23.4804 29.1022 65.9908 102.116 56.593 34.3528 173.091 26.3268 58.6929 12.1192 65.9568 14.7993 26.6195 8.1524 14.2353 42.6126 67.1859 24.2604 65.8014 14.4087 
n 12.7167 4.64 7.01068 14.1823 0 10.8832 12.6449 20.4781 56.9453 4.97271 5.51565 45.174 143.761 44.8567 55.6973 11.2418 2.46288 56.6495 1.57774 67.6176 65.4026 5.46031 28.412 28.1932 63.5811 106.866 56.6561 41.2574 181.324 38.2678 62.7924 4.0702 71.3267 1.55603 32.444 6.37759 27.2128 55.0466 77.8231 32.8938 65.5924 0.246444 
n 15.4833 4.37 9.74672 19.591 10.8832 0 20.5255 15.8446 46.8446 10.4012 6.92533 55.3505 153.33 42.3379 63.6738 6.14267 8.42297 46.5037 9.31586 78.4769 76.2547 6.28101 22.3706 39.0745 52.8411 117.561 46.5357 51.2508 191.218 45.8264 73.5017 8.82541 81.8603 12.224 42.598 14.8486 28.4561 53.664 73.7373 42.1774 76.4127 10.742 
n 1.2 0.41 19.6499 24.9412 12.6449 20.5255 0 33.032 67.2463 17.5337 17.7706 45.1383 143.913 57.319 60.2727 23.252 14.1582 66.8818 13.3931 61.1712 60.7991 14.4186 40.8605 23.8966 72.3258 103.204 66.9278 42.0565 180.448 44.2772 59.6221 16.6784 68.9947 11.2697 33.3601 16.9459 38.9384 67.1678 90.4184 36.2168 58.6708 12.5498 
n 2.38333 3.17 13.6846 16.2251 20.4781 15.8446 33.032 0 40.586 15.9428 15.2945 54.7685 148.886 26.5088 57.121 10.358 18.9059 40.4525 19.6406 83.1845 79.0374 19.6556 8.0622 44.4564 50.1114 118.118 40.374 50.2673 187.574 39.6133 74.876 16.4079 81.9408 21.9674 42.8016 18.8394 15.8099 37.9748 58.1906 39.9228 81.7099 20.541 
n 38 22.45 51.9361 56.8076 56.9453 46.8446 67.2463 40.586 0 53.9844 51.588 95.1742 186.042 44.4121 94.3263 46.0325 54.5999 0.662896 55.5291 123.414 119.598 53.1138 34.0979 84.163 13.5299 158.449 0.391509 90.6418 225.193 78.1139 115.442 53.464 122.296 58.4637 83.3762 58.0158 51.948 53.7357 54.5283 80.1823 121.745 56.8788 
n 3.76667 2.99 2.26258 10.2369 4.97271 10.4012 17.5337 15.9428 53.9844 0 3.48153 45.0812 142.929 39.8857 53.5676 8.01013 4.68383 53.7324 4.87321 69.7069 66.7948 7.6908 23.9794 30.2664 61.4566 107.643 53.7151 40.9236 180.831 35.822 63.6543 1.89132 71.7792 6.26405 32.3518 4.54141 22.4224 50.1028 72.8895 31.7766 67.8825 5.12027 
n 10.8167 2.29 3.43392 13.2667 5.51565 6.92533 17.7706 15.2945 51.588 3.48153 0 48.4825 146.408 40.5835 56.9742 5.72676 3.61553 51.307 4.40063 72.5032 69.8598 5.198 23.0917 33.0203 58.5994 110.9 51.3054 44.3533 184.296 39.1901 66.8754 2.01526 75.0999 7.07166 35.7393 7.93996 24.2467 51.2391 73.1704 35.2561 70.5851 5.50962 
n 3.26667 5.06 46.353 38.797 45.174 55.3505 45.1383 54.7685 95.1742 45.0812 48.4825 0 98.9937 62.0731 22.956 52.3995 47.4102 95.0844 46.6851 34.3206 26.6712 50.634 61.1633 22.6919 104.776 63.351 94.9855 4.55149 136.196 21.6248 20.8309 46.5314 27.1752 44.3133 12.7567 40.5512 44.8173 64.7829 91.8281 15.073 34.6009 45.3844 
n 13.3667 1.32 143.802 134.788 143.761 153.33 143.913 148.886 186.042 142.929 146.408 98.9937 0 143.583 91.9898 149.427 145.86 186.147 145.21 95.0625 88.7222 149.195 153.126 120.391 197.806 53.9608 185.962 102.599 39.3303 109.275 86.4559 144.571 76.4324 143.036 111.485 138.539 134.68 138.571 159.061 111.153 98.6626 143.984 
n 27.5667 4.83 37.9298 33.7253 44.8567 42.3379 57.319 26.5088 44.4121 39.8857 40.5835 62.0731 143.583 0 53.8603 36.5919 43.9693 44.6849 44.4967 95.3157 88.6862 45.5143 21.8233 61.1144 57.5539 122.248 44.4342 57.7378 182.904 41.1094 82.7714 41.0527 87.2729 46.1052 53.4662 40.7296 19.9998 11.9927 33.4606 47.8375 94.7511 44.9959 
n 1.18333 3.06 53.9272 44.2204 55.6973 63.6738 60.2727 57.121 94.3263 53.5676 56.9742 22.956 91.9898 53.8603 0 58.9334 57.3468 94.397 56.9068 53.8275 44.2091 60.7668 61.1371 42.2865 105.851 69.3908 94.2257 22.2818 130.967 17.9007 36.6975 55.3913 37.0661 55.4231 28.4498 49.6412 42.6951 52.3444 78.0348 24.0989 55.0273 55.9413 
n 4.51667 2.63 6.18154 14.7487 11.2418 6.14267 23.252 10.358 46.0325 8.01013 5.72676 52.3995 149.427 36.5919 58.9334 0 9.1878 45.7692 10.0508 77.715 74.7014 9.34782 17.7428 38.2757 53.4796 115.296 45.7579 48.1179 187.602 41.0327 71.3924 7.46636 79.3151 12.7978 39.7687 12.3363 22.3404 47.74 68.5486 38.4963 75.891 11.2303 
n 4.08333 0.45 6.12887 14.7967 2.46288 8.42297 14.1582 18.9059 54.5999 4.68383 3.61553 47.4102 145.86 43.9693 57.3468 9.1878 0 54.2962 0.931278 70.0793 67.8477 3.42327 26.7023 30.6557 61.1329 109.262 54.3072 43.4378 183.509 39.767 65.1904 3.01524 73.6735 3.88753 34.6628 7.71145 27.019 54.4487 76.6919 34.8565 68.0485 2.33723 
n 5.91667 5.3 51.6954 56.6681 56.6495 46.5037 66.8818 40.4525 0.662896 53.7324 51.307 95.0844 186.147 44.6849 94.397 45.7692 54.2962 0 55.2261 123.207 119.442 52.7769 34.05 83.9309 13.1172 158.375 0.328507 90.5551 225.285 78.1267 115.321 53.1914 122.216 58.1643 83.251 57.7867 51.9716 54.0973 55.113 80.1047 121.523 56.5805 
n 2.38333 2.62 6.57551 14.7488 1.57774 9.31586 13.3931 19.6406 55.5291 4.87321 4.40063 46.6851 145.21 44.4967 56.9068 10.0508 0.931278 55.2261 0 69.1711 66.9799 3.98551 27.4833 29.7586 62.0553 108.437 55.2368 42.7427 182.814 39.3891 64.3643 3.44417 72.8831 2.95768 33.9461 7.34321 27.2947 54.8801 77.3048 34.269 67.1322 1.42617 
n 58.4 2.92 71.6284 67.1492 67.6176 78.4769 61.1712 83.1845 123.414 69.7069 72.5032 34.3206 95.0625 95.3157 53.8275 77.715 70.0793 123.207 69.1711 0 10.4072 72.4919 90.6288 39.483 131.103 45.285 123.167 38.1386 126.847 55.8624 17.8917 70.5174 24.0638 66.2533 42.0178 65.4804 76.6761 98.9191 125.999 47.4975 3.60259 67.7463 
n 1.21667 1.16 68.5247 62.8163 65.4026 76.2547 60.7991 79.0374 119.598 66.7948 69.8598 26.6712 88.7222 88.6862 44.2091 74.7014 67.8477 119.442 66.9799 10.4072 0 70.5866 86.0899 37.4752 128.135 42.5333 119.375 30.9484 122.314 48.2075 7.64105 67.8454 14.3092 64.17 36.5117 62.3664 70.8759 91.3489 118.34 41.0826 12.9359 65.5619 
n 3.31667 4.82 8.52723 17.9276 5.46031 6.28101 14.4186 19.6556 53.1138 7.6908 5.198 50.634 149.195 45.5143 60.7668 9.34782 3.42327 52.7769 3.98551 72.4919 70.5866 0 27.0624 33.2225 59.0323 112.202 52.8067 46.7133 186.782 43.1694 68.1313 5.81491 76.7365 6.45605 37.9041 11.1269 29.443 56.3222 77.8153 38.245 70.3573 5.25012 
n 4.05 4.9 21.7176 23.4804 28.412 22.3706 40.8605 8.0622 34.0979 23.9794 23.0917 61.1633 153.126 21.8233 61.1371 17.7428 26.7023 34.05 27.4833 90.6288 86.0899 27.0624 0 52.241 44.788 124.373 33.9303 56.62 192.066 44.2996 81.6007 24.3496 88.2389 29.9239 49.6368 26.8709 18.4535 33.7885 51.4689 46.1304 89.2677 28.4603 
n 4.85 3.24 32.2444 29.1022 28.1932 39.0745 23.8966 44.4564 84.163 30.2664 33.0203 22.6919 120.391 61.1144 42.2865 38.2757 30.6557 83.9309 29.7586 39.483 37.4752 33.2225 52.241 0 91.6197 79.5677 83.9034 20.7884 156.622 30.938 35.7676 31.0361 45.0999 26.875 14.0516 26.1482 41.1907 67.7336 94.0696 20.0695 37.6169 28.3325 
n 2.8 0.44 59.6376 65.9908 63.5811 52.8411 72.3258 50.1114 13.5299 61.4566 58.5994 104.776 197.806 57.5539 105.851 53.4796 61.1329 13.1172 62.0553 131.103 128.135 59.0323 44.788 91.6197 0 168.107 13.4097 100.306 236.814 89.0689 124.533 60.5866 131.945 65.0053 92.5378 65.8072 63.1691 67.1886 67.2556 90.0219 129.157 63.4695 
n 3.23333 4.76 109.147 102.116 106.866 117.561 103.204 118.118 158.449 107.643 110.9 63.351 53.9608 122.248 69.3908 115.296 109.262 158.375 108.437 45.285 42.5333 112.202 124.373 79.5677 168.107 0 158.268 67.8529 81.9673 81.6034 44.0732 108.895 36.1771 105.746 75.6307 103.115 107.289 121.719 147.237 78.2709 48.7567 107.045 
n 2.05 4.25 51.672 56.593 56.6561 46.5357 66.9278 40.374 0.391509 53.7151 51.3054 94.9855 185.962 44.4342 94.2257 45.7579 54.3072 0.328507 55.2368 123.167 119.375 52.8067 33.9303 83.9034 13.4097 158.268 0 90.4547 225.105 77.9804 115.237 53.1853 122.113 58.173 83.1691 57.7573 51.8202 53.8173 54.7849 79.9999 121.49 56.5886 
n 6.03333 4.4 42.1187 34.3528 41.2574 51.2508 42.0565 50.2673 90.6418 40.9236 44.3533 4.55149 102.599 57.7378 22.2818 48.1179 43.4378 90.5551 42.7427 38.1386 30.9484 46.7133 56.62 20.7884 100.306 67.8529 90.4547 0 140.072 17.762 25.33 42.4254 31.6765 40.4702 8.89149 36.4133 40.2943 60.7878 87.8635 10.5216 38.1544 41.4744 
n 1.18333 3.01 181.836 173.091 181.324 191.218 180.448 187.574 225.193 180.831 184.296 136.196 39.3303 182.904 130.967 187.602 183.509 225.285 182.814 126.847 122.314 186.782 192.066 156.622 236.814 81.9673 225.105 140.072 0 147.989 121.439 182.408 111.666 180.5 148.886 176.373 173.648 177.86 197.931 149.137 130.397 181.539 
n 2.76667 0.19 36.0848 26.3268 38.2678 45.8264 44.2772 39.6133 78.1139 35.822 39.1901 21.6248 109.275 41.1094 17.9007 41.0327 39.767 78.1267 39.3891 55.8624 48.2075 43.1694 44.2996 30.938 89.0689 81.6034 77.9804 17.762 147.989 0 41.8751 37.6703 46.2064 38.14 17.6196 32.0611 26.1817 43.1623 70.2034 10.9822 55.915 38.5139 
n 3.01667 2.4 65.2218 58.6929 62.7924 73.5017 59.6221 74.876 115.442 63.6543 66.8754 20.8309 86.4559 82.7714 36.6975 71.3924 65.1904 115.321 64.3643 17.8917 7.64105 68.1313 81.6007 35.7676 124.533 44.0732 115.237 25.33 121.439 41.8751 0 64.8661 10.0342 61.6753 32.0764 59.1419 65.6213 84.8349 111.719 35.7894 20.0074 62.9717 
n 2.26667 1.71 3.13697 12.1192 4.0702 8.82541 16.6784 16.4079 53.464 1.89132 2.01526 46.5314 144.571 41.0527 55.3913 7.46636 3.01524 53.1914 3.44417 70.5174 67.8454 5.81491 24.3496 31.0361 60.5866 108.895 53.1853 42.4254 182.408 37.6703 64.8661 0 73.11 5.57484 33.782 6.0367 24.0102 51.4597 73.8865 33.4284 68.616 4.13823 
n 1.15 0.21 73.1978 65.9568 71.3267 81.8603 68.9947 81.9408 122.296 71.7792 75.0999 27.1752 76.4324 87.2729 37.0661 79.3151 73.6735 122.216 72.8831 24.0638 14.3092 76.7365 88.2389 45.0999 131.945 36.1771 122.113 31.6765 111.666 46.2064 10.0342 73.11 0 70.2979 39.5607 67.2389 71.392 88.0501 114.492 42.1144 27.0415 71.5187 
n 3.78333 1.04 8.40463 14.7993 1.55603 12.224 11.2697 21.9674 58.4637 6.26405 7.07166 44.3133 143.036 46.1052 55.4231 12.7978 3.88753 58.1643 2.95768 66.2533 64.17 6.45605 29.9239 26.875 65.0053 105.746 58.173 40.4702 180.5 38.14 61.6753 5.57484 70.2979 0 31.6195 6.72791 28.1825 56.1665 79.1516 32.3588 64.1957 1.58801 
n 3.33333 0.72 33.6778 26.6195 32.444 42.598 33.3601 42.8016 83.3762 32.3518 35.7393 12.7567 111.485 53.4662 28.4498 39.7687 34.6628 83.251 33.9461 42.0178 36.5117 37.9041 49.6368 14.0516 92.5378 75.6307 83.1691 8.89149 148.886 17.6196 32.0764 33.782 39.5607 31.6195 0 27.8158 34.6732 58.1323 85.0943 6.72186 41.2991 32.6573 
n 1.13333 3.91 6.17053 8.1524 6.37759 14.8486 16.9459 18.8394 58.0158 4.54141 7.93996 40.5512 138.539 40.7296 49.6412 12.3363 7.71145 57.7867 7.34321 65.4804 62.3664 11.1269 26.8709 26.1482 65.8072 103.115 57.7573 36.4133 176.373 32.0611 59.1419 6.0367 67.2389 6.72791 27.8158 0 21.993 50.2659 74.0721 27.4056 63.7386 6.62094 
n 1.18333 2.91 20.9796 14.2353 27.2128 28.4561 38.9384 15.8099 51.948 22.4224 24.2467 44.8173 134.68 19.9998 42.6951 22.3404 27.019 51.9716 27.2947 76.6761 70.8759 29.443 18.4535 41.1907 63.1691 107.289 51.8202 40.2943 173.648 26.1817 65.6213 24.0102 71.392 28.1825 34.6732 21.993 0 28.3779 53.3294 29.8584 75.8268 27.4013 
n 1.23333 0.11 48.3252 42.6126 55.0466 53.664 67.1678 37.9748 53.7357 50.1028 51.2391 64.7829 138.571 11.9927 52.3444 47.74 54.4487 54.0973 54.8801 98.9191 91.3489 56.3222 33.7885 67.7336 67.1886 121.719 53.8173 60.7878 177.86 43.1623 84.8349 51.4597 88.0501 56.1665 58.1323 50.2659 28.3779 0 27.0832 51.8552 98.775 55.2104 
n 8.06667 3.45 70.8203 67.1859 77.8231 73.7373 90.4184 58.1906 54.5283 72.8895 73.1704 91.8281 159.061 33.4606 78.0348 68.5486 76.6919 55.113 77.3048 125.999 118.34 77.8153 51.4689 94.0696 67.2556 147.237 54.7849 87.8635 197.931 70.2034 111.719 73.8865 114.492 79.1516 85.0943 74.0721 53.3294 27.0832 0 78.8939 125.855 77.9417 
n 22.2667 14.11 32.7015 24.2604 32.8938 42.1774 36.2168 39.9228 80.1823 31.7766 35.2561 15.073 111.153 47.8375 24.0989 38.4963 34.8565 80.1047 34.269 47.4975 41.0826 38.245 46.1304 20.0695 90.0219 78.2709 79.9999 10.5216 149.137 10.9822 35.7894 33.4284 42.1144 32.3588 6.72186 27.4056 29.8584 51.8552 78.8939 0 47.073 33.1277 
n 2.08333 4.85 69.8555 65.8014 65.5924 76.4127 58.6708 81.7099 121.745 67.8825 70.5851 34.6009 98.6626 94.7511 55.0273 75.891 68.0485 121.523 67.1322 3.60259 12.9359 70.3573 89.2677 37.6169 129.157 48.7567 121.49 38.1544 130.397 55.915 20.0074 68.616 27.0415 64.1957 41.2991 63.7386 75.8268 98.775 125.855 47.073 0 65.7116 
n 1.31667 3.47 7.12256 14.4087 0.246444 10.742 12.5498 20.541 56.8788 5.12027 5.50962 45.3844 143.984 44.9959 55.9413 11.2303 2.33723 56.5805 1.42617 67.7463 65.5619 5.25012 28.4603 28.3325 63.4695 107.045 56.5886 41.4744 181.539 38.5139 62.9717 4.13823 71.5187 1.58801 32.6573 6.62094 27.4013 55.2104 77.9417 33.1277 65.7116 0 
