p 50 6 2
n 2.65 4.93 0 51.1605 15.353 6.18847 1.66602 14.4539 146.924 3.50976 6.47672 12.0003 3.38922 5.20135 44.0392 1.44111 3.05925 29.0901 77.4703 4.18593 11.8012 11.4059 9.1269 9.32308 62.2308 77.907 34.3223 1.62967 110.22 125.611 78.9557 54.3492 26.1703 9.80098 63.6877 152.303 7.40809 51.12 134.133 7.51002 54.3946 73.1097 54.3492 5.83443 8.12195 54.3492 85.7053 66.8829 73.5959 7.44796 5.04163 66.4286 
n 1.16667 4.56 51.1605 0 62.1504 57.1696 50.6494 53.6555 134.009 51.4997 56.6454 52.1278 49.356 56.1548 31.7972 52.0737 49.5077 29.9249 39.2253 52.2107 43.1364 61.4513 59.776 57.9135 71.4948 76.6717 49.7249 51.1331 116.664 111.255 85.427 71.7946 34.898 49.869 71.4954 139.733 58.2153 63.8281 110.61 43.9353 70.865 83.0971 71.7946 56.8737 44.656 71.7946 71.3303 73.9479 31.2851 57.8596 46.1686 79.9847 
n 5.36667 3.52 15.353 62.1504 0 13.8795 16.9167 27.8264 141.006 12.6999 16.0293 25.8913 14.7694 14.1572 47.1131 13.9123 18.399 43.8544 82.3615 11.809 27.0906 6.38 8.61299 6.06098 76.181 71.6346 30.3459 14.1811 100.138 120.678 70.3316 44.6645 41.3411 24.4965 77.7669 146.172 9.78021 65.1528 131.691 21.9124 45.0343 63.8902 44.6645 11.311 18.1061 44.6645 82.7357 80.9354 87.2818 15.5703 19.3783 56.6964 
n 1.86667 2.44 6.18847 57.1696 13.8795 0 6.52341 13.9959 150.91 7.67698 2.14992 12.246 9.00918 1.01485 49.7767 5.75324 7.76585 33.7507 83.5317 7.61285 16.0523 8.05161 5.44636 8.39825 62.3083 81.6363 38.3479 6.83264 112.538 129.876 81.8317 56.6603 30.2616 11.4461 63.9052 156.225 4.10235 51.2934 139.077 13.2581 56.8436 75.7192 56.6603 2.8257 14.1109 56.6603 90.4268 67.0694 78.7393 1.99143 11.0207 68.789 
n 6.38333 3.27 1.66602 50.6494 16.9167 6.52341 0 12.9099 148.141 5.13628 6.24873 10.4156 4.59669 5.50969 44.6189 3.06042 1.5189 27.8517 77.7186 5.84432 10.3778 12.6742 10.2704 10.8645 60.5749 79.2017 35.5985 3.24242 111.736 126.76 80.4051 55.886 24.7791 8.14488 62.0279 153.535 8.53033 49.4633 135.063 6.73814 55.9152 74.5995 55.886 6.84532 8.70883 55.886 86.7289 65.2234 72.5539 7.37549 4.55229 67.9528 
n 1.41667 0.72 14.4539 53.6555 27.8264 13.9959 12.9099 0 160.372 17.95 11.8613 2.62793 17.4273 13.6706 54.4896 15.5742 12.1204 25.6141 85.3697 18.5388 11.3405 22.0059 19.4287 22.0575 48.3762 91.7226 48.1533 16.0835 124.645 138.759 93.2574 68.7942 20.9794 5.6057 49.9446 165.814 18.062 37.3298 146.133 14.7632 68.825 87.4955 68.7942 16.5267 20.3203 68.7942 98.2928 53.1169 70.3752 12.5559 14.8354 80.8628 
n 16.1667 1.31 146.924 134.009 141.006 150.91 148.141 160.372 0 143.838 152.487 157.745 143.58 150.425 109.689 146.281 148.536 152.643 99.149 143.595 150.903 146.644 147.787 143.61 200.134 69.4036 112.641 145.421 55.2367 22.7618 72.5045 97.7604 155.486 154.804 200.764 5.72416 147.825 190.12 34.3863 145.819 97.0424 79.5293 97.7604 148.267 140.062 97.7604 63.823 203.695 159.576 152.879 145.538 86.9829 
n 42.7833 5.99 3.50976 51.4997 12.6999 7.67698 5.13628 17.95 143.838 0 8.7911 15.5091 2.21391 6.91719 42.1499 2.47386 6.33785 31.1869 76.1602 0.890897 14.5212 10.013 8.31066 6.97268 65.7004 74.7201 31.1975 1.89388 106.759 122.632 75.5658 50.875 28.6576 13.2755 67.1441 149.196 6.87233 54.5876 131.512 9.231 50.9342 69.6767 50.875 5.92565 7.03224 50.875 82.9431 70.3407 75.0952 9.44083 6.68085 62.9638 
n 4.05 4.4 6.47672 56.6454 16.0293 2.14992 6.24873 11.8613 152.487 8.7911 0 10.1832 9.6996 2.1374 50.5015 6.51896 7.17 32.4213 83.8987 8.91912 14.7618 10.1538 7.56759 10.4953 60.1591 83.2731 39.864 7.54831 114.481 131.361 83.6681 58.5848 28.7498 9.62331 61.7577 157.822 6.25106 49.1465 140.294 12.7523 58.7454 77.6035 58.5848 4.88113 14.5987 58.5848 91.7337 64.9213 77.5385 1.23731 10.7778 70.7127 
n 3.55 1.98 12.0003 52.1278 25.8913 12.246 10.4156 2.62793 157.745 15.5091 10.1832 0 14.8805 11.7832 52.0138 13.1847 9.54809 24.8167 83.1954 16.137 9.2712 20.2964 17.6839 20.0036 50.4762 89.0992 45.5354 13.6266 122.116 136.138 90.6827 66.2891 20.4278 3.02607 51.9995 163.186 16.2094 39.3922 143.576 12.191 66.3045 84.9475 66.2891 14.5904 17.6924 66.2891 95.6929 55.1833 69.8833 11.0534 12.2077 78.3443 
n 3.76667 2.99 3.38922 49.356 14.7694 9.00918 4.59669 17.4273 143.58 2.21391 9.6996 14.8805 0 8.11574 40.8313 3.25964 5.35087 29.0851 74.5389 3.05303 12.7403 12.2126 10.4211 9.15886 64.619 74.6108 31.0106 2.18312 107.236 122.24 75.8404 51.4263 26.6856 12.3687 66.018 148.967 8.89914 53.5067 130.752 7.15443 51.4289 70.0703 51.4263 7.74515 5.14718 51.4263 82.3161 69.2175 72.8895 10.5506 4.67399 63.4693 
n 5.1 1.56 5.20135 56.1548 14.1572 1.01485 5.50969 13.6706 150.425 6.91719 2.1374 11.7832 8.11574 0 48.9279 4.85701 6.76703 32.8358 82.6019 6.94092 15.1438 8.57481 5.95327 8.46143 62.0388 81.1882 37.8214 5.93281 112.345 129.337 81.535 56.448 29.4036 10.7738 63.6146 155.753 4.42623 51 138.407 12.2457 56.608 75.4664 56.448 2.86292 13.1847 56.448 89.7955 66.7856 77.7878 2.52708 10.0067 68.5758 
n 2.25 3.41 44.0392 31.7972 47.1131 49.7767 44.6189 54.4896 109.689 42.1499 50.5015 52.0138 40.8313 48.9279 0 44.0778 44.355 42.9595 35.3826 42.3829 43.6111 49.7358 49.3641 45.775 90.4467 46.2998 22.2103 43.0102 85.7086 87.2275 53.9414 40.8071 45.8847 49.0001 91.0954 115.334 48.4643 80.4925 92.1009 39.9426 39.7606 51.3266 40.8071 47.9657 35.9431 40.8071 45.9409 94.0506 63.0549 51.3819 40.6819 48.257 
n 1.95 1.4 1.44111 52.0737 13.9123 5.75324 3.06042 15.5742 146.281 2.47386 6.51896 13.1847 3.25964 4.85701 44.0778 0 4.49727 30.4405 77.7823 2.96567 13.2257 10.0964 7.91766 7.88659 63.527 77.1819 33.6435 1.0794 109.198 125.046 78.0331 53.3043 27.5795 11.1176 64.9984 151.643 6.2378 52.4198 133.799 8.70871 53.3748 72.1314 53.3043 4.79999 8.36504 53.3043 85.2824 68.1918 74.837 7.3106 6.16514 65.4004 
n 2.63333 0.13 3.05925 49.5077 18.399 7.76585 1.5189 12.1204 148.536 6.33785 7.17 9.54809 5.35087 6.76703 44.355 4.49727 0 26.3612 77.134 7.11668 8.85934 14.1866 11.7656 12.3554 59.3981 79.7104 36.1102 4.48091 112.579 127.072 81.1388 56.7768 23.2612 7.03359 60.8275 153.948 10.0253 48.2841 135.122 5.58469 56.7764 75.4012 56.7768 8.32432 8.66979 56.7768 86.9012 64.0252 71.1235 8.36479 3.77034 68.8169 
n 13.8667 3.49 29.0901 29.9249 43.8544 33.7507 27.8517 25.6141 152.643 31.1869 32.4213 24.8167 29.0851 32.8358 42.9595 30.4405 26.3612 0 66.3237 32.0737 17.699 40.49 38.1221 38.1139 47.4932 87.6503 48.0671 29.9018 125.111 130.141 92.7202 72.0396 5.03126 23.4591 48.1398 158.292 36.382 37.7581 133.623 21.9559 71.5893 88.3253 72.0396 34.6852 26.6002 72.0396 88.8573 51.1122 45.2165 33.6306 24.5172 83.0303 
n 4.3 4.92 77.4703 39.2253 82.3615 83.5317 77.7186 85.3697 99.149 76.1602 83.8987 83.1954 74.5389 82.6019 35.3826 77.7823 77.134 66.3237 0 76.5334 74.0292 84.5461 83.8946 80.571 110.644 56.5093 56.3516 76.7037 94.6017 76.8649 68.8226 67.9429 70.7933 80.3519 110.691 104.808 82.8133 102.584 72.5472 72.0045 66.6345 69.8184 67.9429 82.0828 69.4209 67.9429 42.3138 113.168 60.5679 84.9173 73.3639 70.3644 
n 2.05 3.05 4.18593 52.2107 11.809 7.61285 5.84432 18.5388 143.595 0.890897 8.91912 16.137 3.05303 6.94092 42.3829 2.96567 7.11668 32.0737 76.5334 0 15.3979 9.25572 7.68273 6.10704 66.4167 74.4271 30.9589 2.63595 106.25 122.443 75.1312 50.3512 29.5474 13.9866 67.8721 148.94 6.34165 55.3058 131.474 10.1182 50.4298 69.2016 50.3512 5.58716 7.63853 50.3512 82.8546 71.0675 75.9414 9.46375 7.57095 62.4517 
n 3.4 4.92 11.8012 43.1364 27.0906 16.0523 10.3778 11.3405 150.903 14.5212 14.7618 9.2712 12.7403 15.1438 43.6111 13.2257 8.85934 17.699 74.0292 15.3979 0 23.0359 20.5765 21.1046 53.0528 82.9573 39.925 12.9137 117.579 129.011 85.6357 62.2848 14.403 6.74324 54.3106 156.411 18.8404 42.0197 135.57 6.19585 62.126 80.3034 62.2848 17.113 12.6133 62.2848 88.1915 57.5041 62.777 15.984 8.15884 74.0971 
n 6.26667 4.21 11.4059 61.4513 6.38 8.05161 12.6742 22.0059 146.644 10.013 10.1538 20.2964 12.2126 8.57481 49.7358 10.0964 14.1866 40.49 84.5461 9.25572 23.0359 0 2.62183 3.97554 70.2003 77.2409 35.0089 10.7832 106.417 126.077 76.3862 50.8141 37.4376 19.3265 71.8274 151.859 4.26019 59.2254 136.466 18.7897 51.1353 70.0238 50.8141 6.00741 16.8114 50.8141 87.5565 74.9808 84.9125 9.49776 16.224 62.8869 
n 3.8 0.19 9.1269 59.776 8.61299 5.44636 10.2704 19.4287 147.787 8.31066 7.56759 17.6839 10.4211 5.95327 49.3641 7.91766 11.7656 38.1221 83.8946 7.68273 20.5765 2.62183 0 4.18362 67.6846 78.398 35.7049 8.73287 108.215 127.051 77.9223 52.4768 34.9647 16.7112 69.2981 153.038 1.74033 56.6908 137.037 16.6124 52.7461 71.6479 52.4768 3.46742 15.3164 52.4768 88.1897 72.4567 82.7226 6.98689 14.0819 64.583 
n 2.16667 2.96 9.32308 57.9135 6.06098 8.39825 10.8645 22.0575 143.61 6.97268 10.4953 20.0036 9.15886 8.46143 45.775 7.88659 12.3554 38.1139 80.571 6.10704 21.1046 3.97554 4.18362 0 70.4288 74.2255 31.5436 8.24703 104.315 122.867 73.8635 48.5025 35.4232 18.4785 71.98 148.865 4.46462 59.3668 132.917 16.1711 48.7389 67.6385 48.5025 5.6172 13.2836 48.5025 84.0509 75.1582 82.0379 10.2898 13.5996 60.6228 
n 1.2 3.26 62.2308 71.4948 76.181 62.3083 60.5749 48.3762 200.134 65.7004 60.1591 50.4762 64.619 62.0388 90.4467 63.527 59.3981 47.4932 110.644 66.4167 53.0528 70.2003 67.6846 70.4288 0 134.395 92.5507 63.8107 170.409 177.631 138.247 115.335 44.86 52.4303 2.09047 205.781 66.402 11.114 180.476 59.1832 115.161 133.168 115.335 64.8989 65.6399 115.335 136.349 4.84759 65.6051 60.7079 60.6789 127.104 
n 3 0.15 77.907 76.6717 71.6346 81.6363 79.2017 91.7226 69.4036 74.7201 83.2731 89.0992 74.6108 81.1882 46.2998 77.1819 79.7104 87.6503 56.5093 74.4271 82.9573 77.2409 78.398 74.2255 134.395 0 43.6057 76.3656 40.1239 49.3344 13.0864 29.9432 89.6204 86.234 135.293 74.6399 78.4689 123.824 63.8117 77.4843 28.9529 17.1216 29.9432 78.9589 71.4418 29.9432 20.2645 138.375 107.023 83.6156 76.9315 22.3161 
n 1.13333 1.61 34.3223 49.7249 30.3459 38.3479 35.5985 48.1533 112.641 31.1975 39.864 45.5354 31.0106 37.8214 22.2103 33.6435 36.1102 48.0671 56.3516 30.9589 39.925 35.0089 35.7049 31.5436 92.5507 43.6057 0 32.7982 77.8628 91.5293 45.7434 24.0888 48.7937 42.7077 93.6547 118 35.5068 81.6649 101.469 34.1647 23.5593 40.6644 24.0888 35.7786 27.9506 24.0888 52.5478 96.8147 80.2996 40.2994 33.42 35.0022 
n 1.03333 3.7 1.62967 51.1331 14.1811 6.83264 3.24242 16.0835 145.421 1.89388 7.54831 13.6266 2.18312 5.93281 43.0102 1.0794 4.48091 29.9018 76.7037 2.63595 12.9137 10.7832 8.73287 8.24703 63.8107 76.3656 32.7982 0 108.594 124.149 77.3475 52.721 27.1824 11.3834 65.2578 150.793 7.10139 52.6983 132.814 8.02896 52.7687 71.4899 52.721 5.76548 7.2883 52.721 84.3261 68.454 74.1316 8.37273 5.45218 64.802 
n 20.4667 1.57 110.22 116.664 100.138 112.538 111.736 124.645 55.2367 106.759 114.481 122.116 107.236 112.345 85.7086 109.198 112.579 125.111 94.6017 106.25 117.579 106.417 108.215 104.315 170.409 40.1239 77.8628 108.594 0 47.5409 32.3926 55.9113 126.395 119.533 171.517 58.3051 108.779 159.494 70.6359 111.61 55.8255 37.2763 55.9113 109.716 105.2 55.9113 52.8745 174.676 147.143 114.505 110.49 43.7984 
n 22.3667 5.72 125.611 111.255 120.678 129.876 126.76 138.759 22.7618 122.632 131.361 136.138 122.24 129.337 87.2275 125.046 127.072 130.141 76.8649 122.443 129.011 126.077 127.051 122.867 177.631 49.3344 91.5293 124.149 47.5409 0 55.0124 78.8804 133.093 133.166 178.225 28.4845 126.972 167.716 23.5131 124.101 78.0062 61.9793 78.8804 127.301 118.509 78.8804 41.2883 181.135 137.103 131.823 123.954 69.1488 
n 2.68333 3.43 78.9557 85.427 70.3316 81.8317 80.4051 93.2574 72.5045 75.5658 83.6681 90.6827 75.8404 81.535 53.9414 78.0331 81.1388 92.7202 68.8226 75.1312 85.6357 76.3862 77.9223 73.8635 138.247 13.0864 45.7434 77.3475 32.3926 55.0124 0 25.8006 94.0536 87.9908 139.313 77.2607 78.2818 127.396 72.6119 79.7739 25.3174 7.04288 25.8006 79.0432 73.4312 25.8006 33.0523 142.46 116.381 83.8209 78.814 14.4795 
n 1.93333 1.25 54.3492 71.7946 44.6645 56.6603 55.886 68.7942 97.7604 50.875 58.5848 66.2891 51.4263 56.448 40.8071 53.3043 56.7768 72.0396 67.9429 50.3512 62.2848 50.8141 52.4768 48.5025 115.335 29.9432 24.0888 52.721 55.9113 78.8804 25.8006 0 72.481 63.7711 116.566 102.687 52.9573 104.302 93.5954 56.1852 1.34626 19.2271 0 53.8432 49.7293 0 46.7852 119.754 102.947 58.6351 54.875 12.1288 
n 3.45 1.42 26.1703 34.898 41.3411 30.2616 24.7791 20.9794 155.486 28.6576 28.7498 20.4278 26.6856 29.4036 45.8847 27.5795 23.2612 5.03126 70.7933 29.5474 14.403 37.4376 34.9647 35.4232 44.86 89.6204 48.7937 27.1824 126.395 133.093 94.0536 72.481 0 19.4174 45.6891 161.109 33.2321 34.6341 137.236 19.5673 72.12 89.3698 72.481 31.498 25.0108 72.481 91.8154 48.7572 49.4618 29.9231 22.0154 83.779 
n 2.56667 3.13 9.80098 49.869 24.4965 11.4461 8.14488 5.6057 154.804 13.2755 9.62331 3.02607 12.3687 10.7738 49.0001 11.1176 7.03359 23.4591 80.3519 13.9866 6.74324 19.3265 16.7112 18.4785 52.4303 86.234 42.7077 11.3834 119.533 133.166 87.9908 63.7711 19.4174 0 53.8879 160.254 15.0993 41.3191 140.551 9.16742 63.7523 82.3248 63.7711 13.385 14.7939 63.7711 92.6872 57.0826 68.6708 10.7083 9.30274 75.7919 
n 3.85 0.29 63.6877 71.4954 77.7669 63.9052 62.0279 49.9446 200.764 67.1441 61.7577 51.9995 66.018 63.6146 91.0954 64.9984 60.8275 48.1398 110.691 67.8721 54.3106 71.8274 69.2981 71.98 2.09047 135.293 93.6547 65.2578 171.517 178.225 139.313 116.566 45.6891 53.8879 0 206.419 67.9925 12.6148 180.805 60.4647 116.373 134.298 116.566 66.4713 66.9154 116.566 136.957 3.19994 64.6913 62.3305 62.0164 128.293 
n 2.96667 4.4 152.303 139.733 146.172 156.225 153.535 165.814 5.72416 149.196 157.822 163.186 148.967 155.753 115.334 151.643 153.948 158.292 104.808 148.94 156.411 151.859 153.038 148.865 205.781 74.6399 118 150.793 58.3051 28.4845 77.2607 102.687 161.109 160.254 206.419 0 153.102 195.742 38.8637 151.29 102.002 84.259 102.687 153.568 145.497 102.687 69.4969 209.356 165.259 158.198 150.979 91.7352 
n 9.2 2.51 7.40809 58.2153 9.78021 4.10235 8.53033 18.062 147.825 6.87233 6.25106 16.2094 8.89914 4.42623 48.4643 6.2378 10.0253 36.382 82.8133 6.34165 18.8404 4.26019 1.74033 4.46462 66.402 78.4689 35.5068 7.10139 108.779 126.972 78.2818 52.9573 33.2321 15.0993 67.9925 153.102 0 55.3793 136.678 14.9074 53.1846 72.0814 52.9573 1.74848 13.9043 52.9573 87.8877 71.1591 81.0018 5.8849 12.391 65.0797 
n 3.5 2.33 51.12 63.8281 65.1528 51.2934 49.4633 37.3298 190.12 54.5876 49.1465 39.3922 53.5067 51 80.4925 52.4198 48.2841 37.7581 102.584 55.3058 42.0197 59.2254 56.6908 59.3668 11.114 123.824 81.6649 52.6983 159.494 167.716 127.396 104.302 34.6341 41.3191 12.6148 195.742 55.3793 0 171.32 48.1262 104.145 122.234 104.302 53.8565 54.5844 104.302 126.433 15.792 62.4881 49.7277 49.5864 116.108 
n 3.4 1.42 134.133 110.61 131.691 139.077 135.063 146.133 34.3863 131.512 140.294 143.576 130.752 138.407 92.1009 133.799 135.122 133.623 72.5472 131.474 135.57 136.466 137.037 132.917 180.476 63.8117 101.469 132.814 70.6359 23.5131 72.6119 93.5954 137.236 140.551 180.805 38.8637 136.678 171.32 0 131.385 92.522 79.1377 93.5954 136.725 126.454 93.5954 48.9555 183.519 132.632 140.933 131.688 85.6458 
n 1.78333 2.04 7.51002 43.9353 21.9124 13.2581 6.73814 14.7632 145.819 9.231 12.7523 12.191 7.15443 12.2457 39.9426 8.70871 5.58469 21.9559 72.0045 10.1182 6.19585 18.7897 16.6124 16.1711 59.1832 77.4843 34.1647 8.02896 111.61 124.101 79.7739 56.1852 19.5673 9.16742 60.4647 151.29 14.9074 48.1262 131.385 0 56.0527 74.3371 56.1852 13.3418 6.45819 56.1852 83.5457 63.6603 66.1291 13.9495 2.57996 68.0469 
n 2.68333 3.58 54.3946 70.865 45.0343 56.8436 55.9152 68.825 97.0424 50.9342 58.7454 66.3045 51.4289 56.608 39.7606 53.3748 56.7764 71.5893 66.6345 50.4298 62.126 51.1353 52.7461 48.7389 115.161 28.9529 23.5593 52.7687 55.8255 78.0062 25.3174 1.34626 72.12 63.7523 116.373 102.002 53.1846 104.145 92.522 56.0527 0 18.902 1.34626 54.0327 49.6033 1.34626 45.563 119.557 102.048 58.8238 54.7966 12.0404 
n 1.11667 1.76 73.1097 83.0971 63.8902 75.7192 74.5995 87.4955 79.5293 69.6767 77.6035 84.9475 70.0703 75.4664 51.3266 72.1314 75.4012 88.3253 69.8184 69.2016 80.3034 70.0238 71.6479 67.6385 133.168 17.1216 40.6644 71.4899 37.2763 61.9793 7.04288 19.2271 89.3698 82.3248 134.298 84.259 72.0814 122.234 79.1377 74.3371 18.902 0 19.2271 72.9129 67.9328 19.2271 37.326 137.463 114.288 77.7023 73.2413 7.4906 
n 3.31667 1.72 54.3492 71.7946 44.6645 56.6603 55.886 68.7942 97.7604 50.875 58.5848 66.2891 51.4263 56.448 40.8071 53.3043 56.7768 72.0396 67.9429 50.3512 62.2848 50.8141 52.4768 48.5025 115.335 29.9432 24.0888 52.721 55.9113 78.8804 25.8006 0 72.481 63.7711 116.566 102.687 52.9573 104.302 93.5954 56.1852 1.34626 19.2271 0 53.8432 49.7293 0 46.7852 119.754 102.947 58.6351 54.875 12.1288 
n 1.4 0.32 5.83443 56.8737 11.311 2.8257 6.84532 16.5267 148.267 5.92565 4.88113 14.5904 7.74515 2.86292 47.9657 4.79999 8.32432 34.6852 82.0828 5.58716 17.113 6.00741 3.46742 5.6172 64.8989 78.9589 35.7786 5.76548 109.716 127.301 79.0432 53.8432 31.498 13.385 66.4713 153.568 1.74848 53.8565 136.725 13.3418 54.0327 72.9129 53.8432 0 12.8633 53.8432 88.0044 69.6434 79.3761 4.79188 10.867 65.9717 
n 1.18333 4.01 8.12195 44.656 18.1061 14.1109 8.70883 20.3203 140.062 7.03224 14.5987 17.6924 5.14718 13.1847 35.9431 8.36504 8.66979 26.6002 69.4209 7.63853 12.6133 16.8114 15.3164 13.2836 65.6399 71.4418 27.9506 7.2883 105.2 118.509 73.4312 49.7293 25.0108 14.7939 66.9154 145.497 13.9043 54.5844 126.454 6.45819 49.6033 67.9328 49.7293 12.8633 0 49.7293 78.249 70.1103 69.1887 15.5465 5.49178 61.6044 
n 2 2.65 54.3492 71.7946 44.6645 56.6603 55.886 68.7942 97.7604 50.875 58.5848 66.2891 51.4263 56.448 40.8071 53.3043 56.7768 72.0396 67.9429 50.3512 62.2848 50.8141 52.4768 48.5025 115.335 29.9432 24.0888 52.721 55.9113 78.8804 25.8006 0 72.481 63.7711 116.566 102.687 52.9573 104.302 93.5954 56.1852 1.34626 19.2271 0 53.8432 49.7293 0 46.7852 119.754 102.947 58.6351 54.875 12.1288 
n 3.4 4.87 85.7053 71.3303 82.7357 90.4268 86.7289 98.2928 63.823 82.9431 91.7337 95.6929 82.3161 89.7955 45.9409 85.2824 86.9012 88.8573 42.3138 82.8546 88.1915 87.5565 88.1897 84.0509 136.349 20.2645 52.5478 84.3261 52.8745 41.2883 33.0523 46.7852 91.8154 92.6872 136.957 69.4969 87.8877 126.433 48.9555 83.5457 45.563 37.326 46.7852 88.0044 78.249 46.7852 0 139.879 99.292 92.3164 83.6079 41.7723 
n 7 3.9 66.8829 73.9479 80.9354 67.0694 65.2234 53.1169 203.695 70.3407 64.9213 55.1833 69.2175 66.7856 94.0506 68.1918 64.0252 51.1122 113.168 71.0675 57.5041 74.9808 72.4567 75.1582 4.84759 138.375 96.8147 68.454 174.676 181.135 142.46 119.754 48.7572 57.0826 3.19994 209.356 71.1591 15.792 183.519 63.6603 119.557 137.463 119.754 69.6434 70.1103 119.754 139.879 0 66.0209 65.4852 65.2158 131.473 
n 8.06667 3.45 73.5959 31.2851 87.2818 78.7393 72.5539 70.3752 159.576 75.0952 77.5385 69.8833 72.8895 77.7878 63.0549 74.837 71.1235 45.2165 60.5679 75.9414 62.777 84.9125 82.7226 82.0379 65.6051 107.023 80.2996 74.1316 147.143 137.103 116.381 102.947 49.4618 68.6708 64.6913 165.259 81.0018 62.4881 132.632 66.1291 102.048 114.288 102.947 79.3761 69.1887 102.947 99.292 66.0209 0 78.7608 68.6891 111.269 
n 1.4 3.27 7.44796 57.8596 15.5703 1.99143 7.37549 12.5559 152.879 9.44083 1.23731 11.0534 10.5506 2.52708 51.3819 7.3106 8.36479 33.6306 84.9173 9.46375 15.984 9.49776 6.98689 10.2898 60.7079 83.6156 40.2994 8.37273 114.505 131.823 83.8209 58.6351 29.9231 10.7083 62.3305 158.198 5.8849 49.7277 140.933 13.9495 58.8238 77.7023 58.6351 4.79188 15.5465 58.6351 92.3164 65.4852 78.7608 0 11.9231 70.7635 
n 1.11667 0.66 5.04163 46.1686 19.3783 11.0207 4.55229 14.8354 145.538 6.68085 10.7778 12.2077 4.67399 10.0067 40.6819 6.16514 3.77034 24.5172 73.3639 7.57095 8.15884 16.224 14.0819 13.5996 60.6789 76.9315 33.42 5.45218 110.49 123.954 78.814 54.875 22.0154 9.30274 62.0164 150.979 12.391 49.5864 131.688 2.57996 54.7966 73.2413 54.875 10.867 5.49178 54.875 83.6079 65.2158 68.6891 11.9231 0 66.8216 
n 1.35 4.47 66.4286 79.9847 56.6964 68.789 67.9528 80.8628 86.9829 62.9638 70.7127 78.3443 63.4693 68.5758 48.257 65.4004 68.8169 83.0303 70.3644 62.4517 74.0971 62.8869 64.583 60.6228 127.104 22.3161 35.0022 64.802 43.7984 69.1488 14.4795 12.1288 83.779 75.7919 128.293 91.7352 65.0797 116.108 85.6458 68.0469 12.0404 7.4906 12.1288 65.9717 61.6044 12.1288 41.7723 131.473 111.269 70.7635 66.8216 0 
