p 50 6 2
n 1.86667 3.99 0 3.25442 0.414581 1.53707 54.4559 8.69057 13.6434 10.1859 10.9955 25.1394 15.6594 65.7283 3.52192 7.21143 0.836005 45.3093 15.5687 102.637 39.0476 32.1214 9.89121 69.1717 4.22558 74.7588 8.76545 51.6877 51.5052 105.704 34.1263 9.02887 76.5064 142.621 65.7283 82.2296 64.6247 7.83142 2.27476 2.13538 11.0448 30.3821 72.0236 18.8982 81.632 4.18162 10.4245 13.2992 43.9722 72.6581 63.7269 17.8605 
n 2.65 4.93 3.25442 0 3.53834 1.75052 56.5766 10.4574 16.653 11.6593 11.76 25.0421 15.7431 63.6877 1.2012 5.4101 3.43649 48.2752 18.2403 105.798 42.2572 35.2899 8.11294 67.2292 7.31059 77.8493 7.07177 54.3492 49.8256 108.254 37.339 7.40809 79.5897 145.792 63.6877 85.139 66.9494 5.83443 1.57639 1.62737 7.79036 32.3443 74.8558 17.0439 84.5516 4.86275 8.9183 16.2947 45.9396 73.5959 66.4286 17.4548 
n 1.45 0.92 0.414581 3.53834 0 1.87107 54.5295 8.2936 13.5365 10.4017 10.6592 25.4794 15.9961 66.1429 3.88824 7.62474 0.551312 44.9316 15.5561 102.299 38.7285 31.9368 9.84248 69.5857 4.13077 74.4028 8.71452 51.2842 51.9158 105.296 33.8087 8.96569 76.1489 142.287 66.1429 81.8461 64.2112 7.83241 2.41141 2.2763 11.3188 29.9697 71.6323 19.3126 81.2496 3.92792 10.3352 13.1978 44.0733 72.8899 63.3259 17.6141 
n 3.28333 2.61 1.53707 1.75052 1.87107 0 55.2561 9.61364 14.9488 10.5698 11.4686 24.8092 15.382 64.5826 2.03633 6.03717 1.92114 46.7855 16.6585 104.167 40.5843 33.5463 9.15168 68.0662 5.57403 76.2732 8.0501 53.0563 50.5033 107.034 35.6632 8.35152 78.0189 144.154 64.5826 83.6893 65.8633 6.96014 1.34319 1.23241 9.52844 31.4574 73.4564 17.7935 83.095 4.43821 9.81907 14.5946 44.687 72.8568 65.1119 17.8279 
n 3 3 54.4559 56.5766 54.5295 55.2561 0 58.8326 42.5868 45.0467 62.7341 40.6797 44.5078 77.197 55.7283 54.2562 55.0517 61.6835 39.4015 93.2935 48.9642 34.5728 64.3417 77.9101 50.691 75.3166 63.2184 72.9449 62.3375 118.558 47.7979 63.4848 76.9685 128.268 77.197 88.4664 88.7804 62.2099 56.5356 56.4027 62.0594 69.2671 83.0293 53.8918 87.6376 58.1146 64.8637 42.7755 10.9877 31.7393 80.3695 70.8354 
n 3.85 4.19 8.69057 10.4574 8.2936 9.61364 58.8326 0 16.2497 17.5555 3.93838 33.4825 24.0181 74.1325 11.4276 15.6386 7.90367 39.1216 19.5626 97.4981 34.9163 31.7229 10.1295 77.6494 9.68906 69.1356 9.40989 44.338 60.1164 98.0232 30.1593 9.33802 70.828 137.51 74.1325 75.6341 56.556 9.76647 8.90712 8.88947 16.6205 21.891 65.1539 27.3949 75.0802 5.70035 9.68822 16.0571 48.9255 79.5314 56.4598 12.0591 
n 2.88333 1.24 13.6434 16.653 13.5365 14.9488 42.5868 16.2497 0 9.8674 20.1642 24.2939 16.815 70.5257 16.3338 17.5141 13.9428 37.9999 3.88061 92.4012 28.9008 18.9084 23.0448 73.4319 9.41786 65.5359 21.9354 46.6248 55.0422 100.429 24.1414 22.1218 67.3409 132.142 70.5257 74.6001 61.3727 21.2521 15.9176 15.7785 24.1193 31.1064 65.1588 25.8568 73.9246 16.3637 23.2981 0.389134 32.8151 64.6645 58.0116 28.2823 
n 15.7333 2.04 10.1859 11.6593 10.4017 10.5698 45.0467 17.5555 9.8674 0 20.7012 16.416 7.50986 61.1016 10.7247 9.58765 10.9522 47.49 8.93207 102.247 38.7627 27.939 19.6939 64.1539 7.8857 75.3863 18.6061 55.5506 45.8848 109.599 33.9825 18.9151 77.1889 141.952 61.1016 84.2729 69.7538 17.4537 11.9095 11.7909 17.2975 37.3287 74.6624 16.0107 83.6095 14.3256 20.3886 9.50441 34.3289 62.4941 67.1993 28.003 
n 1.15 4.61 10.9955 11.76 10.6592 11.4686 62.7341 3.93838 20.1642 20.7012 0 36.1349 26.654 75.05 12.9033 17.1692 10.1595 40.8244 23.4097 99.521 37.6588 35.4354 8.37251 78.6874 13.0115 70.9809 8.05545 45.14 61.4922 98.3215 33.0218 7.83955 72.6375 139.494 75.05 76.869 56.5227 8.92703 10.4081 10.4431 16.3029 21.4666 66.2292 28.72 76.3466 7.03494 7.5716 19.9628 52.7678 83.0181 57.2577 8.12436 
n 1.75 4.34 25.1394 25.0421 25.4794 24.8092 40.6797 33.4825 24.2939 16.416 36.1349 0 9.48565 47.2149 23.8451 20.1362 25.9754 61.9962 21.2528 113.491 51.7272 37.7822 32.7086 49.7719 24.0813 88.0589 31.8232 70.9124 31.3315 124.593 47.347 32.1864 89.8838 152.522 47.2149 98.0727 85.6029 30.4619 26.0345 25.9635 26.4936 53.7398 89.0274 14.0182 97.3625 29.2019 33.6844 24.0457 29.9299 49.9953 82.2052 42.4968 
n 2.38333 3.17 15.6594 15.7431 15.9961 15.382 44.5078 24.0181 16.815 7.50986 26.654 9.48565 0 53.7473 14.5621 11.231 16.4953 54.7685 14.7502 108.614 45.538 33.3679 23.6338 56.73 14.7463 82.1822 22.6848 63.0174 38.4155 117.026 40.866 23.0403 83.995 148.13 53.7473 91.4144 77.2637 21.3522 16.6372 16.559 18.4516 44.6181 81.9408 10.6811 90.7376 19.7449 24.5524 16.4916 33.525 58.1906 74.6124 33.1593 
n 26.05 7.35 65.7283 63.6877 66.1429 64.5826 77.197 74.1325 70.5257 61.1016 75.05 47.2149 53.7473 0 62.7074 58.5514 66.4192 108.513 68.0302 160.494 98.8342 84.9116 67.9181 4.31497 66.9674 135.266 67.6669 116.566 16.0417 170.674 94.3336 67.9925 137.091 199.153 0 145.042 130.246 66.4713 65.2267 65.243 59.2531 96.0223 135.682 46.8346 144.35 68.5278 69.0325 70.2141 69.308 64.6913 128.293 77.9375 
n 3.35 1.37 3.52192 1.2012 3.88824 2.03633 55.7283 11.4276 16.3338 10.7247 12.9033 23.8451 14.5621 62.7074 0 4.27947 3.95325 48.8176 17.6877 106.14 42.5202 35.1041 9.20233 66.2231 7.17393 78.2799 8.18838 55.0779 48.7561 109.039 37.5967 8.53265 80.028 146.12 62.7074 85.7248 67.8206 6.91134 2.54539 2.5458 7.82747 33.315 75.4922 15.9895 85.1302 5.9399 10.0467 15.9656 45.0476 72.4733 67.1384 18.6523 
n 10.5 2.73 7.21143 5.4101 7.62474 6.03717 54.2562 15.6386 17.5141 9.58765 17.1692 20.1362 11.231 58.5514 4.27947 0 7.87227 52.1582 17.9511 108.894 45.1533 36.4025 12.5744 62.0291 9.55475 81.2961 11.7125 58.8279 44.4953 112.881 40.2372 12.0788 83.0627 148.814 58.5514 89.1288 71.8358 10.3419 6.81891 6.80934 7.80903 37.4945 79.0225 11.7579 88.5168 10.2188 13.5649 17.1263 43.4022 69.4212 70.8383 22.5605 
n 1.8 4.89 0.836005 3.43649 0.551312 1.92114 55.0517 7.90367 13.9428 10.9522 10.1595 25.9754 16.4953 66.4192 3.95325 7.87227 0 44.8893 16.035 102.361 38.8343 32.2536 9.34012 69.8801 4.56885 74.421 8.2119 51.1361 52.2504 105.12 33.9184 8.45609 76.1632 142.356 66.4192 81.7822 63.9782 7.3646 2.12728 2.0032 11.155 29.6551 71.54 19.6014 81.1897 3.38031 9.81206 13.6095 44.6065 73.4392 63.1909 17.0667 
n 3.26667 5.06 45.3093 48.2752 44.9316 46.7855 61.6835 39.1216 37.9999 47.49 40.8244 61.9962 54.7685 108.513 48.8176 52.1582 44.8893 0 40.7477 58.8444 12.7931 28.6713 49.013 111.43 42.7033 30.178 48.441 11.2697 93.0277 62.6496 15.4277 48.3192 31.8183 98.7399 108.513 36.9806 27.1264 48.8871 46.7629 46.6814 55.5032 24.4174 27.1752 62.8474 36.3611 44.3555 48.3414 38.3051 57.169 91.8281 20.4744 44.8815 
n 3.93333 5.05 15.5687 18.2403 15.5561 16.6585 39.4015 19.5626 3.88061 8.93207 23.4097 21.2528 14.7502 68.0302 17.6877 17.9511 16.035 40.7477 0 93.876 30.8825 19.0366 25.3594 70.8025 11.5014 67.4931 24.2326 49.7763 52.3652 103.342 26.3079 24.4601 69.3095 133.443 68.0302 77.0164 64.7443 23.3881 17.8009 17.6616 25.202 34.9605 67.815 24.6495 76.3215 18.8636 25.7485 3.86944 29.3636 60.8263 60.9651 31.4712 
n 3.55 3.78 102.637 105.798 102.299 104.167 93.2935 97.4981 92.4012 102.247 99.521 113.491 108.614 160.494 106.14 108.894 102.361 58.8444 93.876 0 63.7479 75.7235 107.558 162.675 99.3701 28.7807 106.903 58.1507 144.463 45.1847 68.6583 106.813 27.2852 40.0182 160.494 29.3134 58.2488 107.216 104.384 104.285 113.384 82.3181 39.0147 118.255 29.2242 102.386 106.957 92.774 95.6643 124.136 48.5797 103.689 
n 1.41667 2.07 39.0476 42.2572 38.7285 40.5843 48.9642 34.9163 28.9008 38.7627 37.6588 51.7272 45.538 98.8342 42.5202 45.1533 38.8343 12.7931 30.8825 63.7479 0 16.1326 45.0175 101.493 35.6478 36.6501 44.2143 24.0064 83.0468 74.0448 4.92478 44.1871 38.4602 103.663 98.8342 46.3965 39.9126 44.3106 40.9067 40.7986 49.9627 27.9759 37.8785 54.7017 45.6727 39.2322 44.603 29.2596 44.4201 79.0449 32.6745 43.6349 
n 16.5833 2.13 32.1214 35.2899 31.9368 33.5463 34.5728 31.7229 18.9084 27.939 35.4354 37.7822 33.3679 84.9116 35.1041 36.4025 32.2536 28.6713 19.0366 75.7235 16.1326 0 40.6436 87.2726 27.982 50.6919 39.609 39.6101 68.9244 90.0004 13.6042 39.7174 52.5156 114.941 84.9116 61.6803 55.5492 39.2006 34.3466 34.2126 42.9286 35.5079 53.7571 43.6245 60.919 33.9873 40.6329 19.2933 28.663 63.4209 48.8031 43.1011 
n 3.45 2.27 9.89121 8.11294 9.84248 9.15168 64.3417 10.1295 23.0448 19.6939 8.37251 32.7086 23.6338 67.9181 9.20233 12.5744 9.34012 49.013 25.3594 107.558 45.0175 40.6436 0 71.691 13.8602 79.1171 1.12822 53.5119 55.0475 106.589 40.2304 0.930873 80.7929 147.559 67.9181 85.2157 64.6957 2.29309 7.83477 7.9633 8.6653 29.6074 74.5943 22.754 84.6877 6.72473 1.12661 22.7367 53.8204 81.6692 65.6284 10.3917 
n 30.9167 7.1 69.1717 67.2292 69.5857 68.0662 77.9101 77.6494 73.4319 64.1539 78.6874 49.7719 56.73 4.31497 66.2231 62.0291 69.8801 111.43 70.8025 162.675 101.493 87.2726 71.691 0 70.2493 137.792 71.4064 119.693 18.4478 173.751 97.0639 71.7371 139.617 201.108 4.31497 147.799 133.558 70.1897 68.7543 68.7655 63.0284 99.5235 138.573 50.2788 147.097 72.0831 72.8098 73.131 70.4713 63.6456 131.341 81.7815 
n 3.4 4.62 4.22558 7.31059 4.13077 5.57403 50.691 9.68906 9.41786 7.8857 13.0115 24.0813 14.7463 66.9674 7.17393 9.55475 4.56885 42.7033 11.5014 99.3701 35.6478 27.982 13.8602 70.2493 0 71.7419 12.7344 49.7635 52.2602 103.895 30.7259 12.9589 73.5093 139.309 66.9674 79.6839 63.3085 11.9314 6.49976 6.36061 14.9904 29.9372 69.6728 20.3547 79.0625 7.42367 14.2544 9.07445 40.3612 70.007 61.679 20.682 
n 7.73333 4.39 74.7588 77.8493 74.4028 76.2732 75.3166 69.1356 65.5359 75.3863 70.9809 88.0589 82.1822 135.266 78.2799 81.2961 74.421 30.178 67.4931 28.7807 36.6501 50.6919 79.1171 137.792 71.7419 0 78.5088 29.8382 119.375 44.0543 41.4053 78.4012 1.82587 68.5704 135.266 13.785 33.7323 78.8934 76.3874 76.2953 85.2942 53.5613 14.9455 91.2708 12.9604 74.1993 78.4734 65.8907 74.9258 107.055 22.1952 74.9409 
n 1.21667 2.41 8.76545 7.07177 8.71452 8.0501 63.2184 9.40989 21.9354 18.6061 8.05545 31.8232 22.6848 67.6669 8.18838 11.7125 8.2119 48.441 24.2326 106.903 44.2143 39.609 1.12822 71.4064 12.7344 78.5088 0 53.1469 54.6292 106.373 39.4066 0.369275 80.1931 146.912 67.6669 84.757 64.5412 1.37929 6.72615 6.85307 8.46896 29.4598 74.1729 22.1859 84.2211 5.64692 1.86764 21.6252 52.7045 80.6606 65.2712 10.9967 
n 1.93333 1.25 51.6877 54.3492 51.2842 53.0563 72.9449 44.338 46.6248 55.5506 45.14 70.9124 63.0174 116.566 55.0779 58.8279 51.1361 11.2697 49.7763 58.1507 24.0064 39.6101 53.5119 119.693 49.7635 29.8382 53.1469 0 101.431 54.1373 26.0854 52.9573 31.0794 97.1458 116.566 32.2223 15.948 53.8432 52.7803 52.722 60.9498 25.0621 21.3205 70.1163 31.7965 49.9427 52.6708 46.8839 68.2307 102.947 12.1288 47.3931 
n 2.71667 2.64 51.5052 49.8256 51.9158 50.5033 62.3375 60.1164 55.0422 45.8848 61.4922 31.3315 38.4155 16.0417 48.7561 44.4953 52.2504 93.0277 52.3652 144.463 83.0468 68.9244 55.0475 18.4478 52.2602 119.375 54.6292 101.431 0 155.429 78.6174 54.9776 121.2 183.116 16.0417 129.353 115.507 53.342 51.3015 51.2987 46.4975 81.8752 120.156 32.7846 128.65 54.6842 56.1741 54.7472 53.8634 54.2134 113.009 65.3639 
n 1.15 2.36 105.704 108.254 105.296 107.034 118.558 98.0232 100.429 109.599 98.3215 124.593 117.026 170.674 109.039 112.881 105.12 62.6496 103.342 45.1847 74.0448 90.0004 106.589 173.751 103.895 44.0543 106.373 54.1373 155.429 0 77.7809 106.143 42.6587 66.0433 170.674 30.3488 42.1178 107.213 106.678 106.628 114.497 77.0295 36.2571 124.243 31.1839 103.702 105.649 100.713 116.896 150.212 42.4214 99.0067 
n 17 1.65 34.1263 37.339 33.8087 35.6632 47.7979 30.1593 24.1414 33.9825 33.0218 47.347 40.866 94.3336 37.5967 40.2372 33.9184 15.4277 26.3079 68.6583 4.92478 13.6042 40.2304 97.0639 30.7259 41.4053 39.4066 26.0854 78.6174 77.7809 0 39.3889 43.2067 108.583 94.3336 50.736 41.9974 39.4702 35.9949 35.886 45.0527 25.2975 41.8154 49.8786 50.033 34.3642 39.8461 24.4927 42.266 77.0251 35.8653 39.2748 
n 9.2 2.51 9.02887 7.40809 8.96569 8.35152 63.4848 9.33802 22.1218 18.9151 7.83955 32.1864 23.0403 67.9925 8.53265 12.0788 8.45609 48.3192 24.4601 106.813 44.1871 39.7174 0.930873 71.7371 12.9589 78.4012 0.369275 52.9573 54.9776 106.143 39.3889 0 80.0823 146.82 67.9925 84.5974 64.2948 1.74848 7.02156 7.14652 8.77628 29.2096 74.0013 22.5477 84.0641 5.79439 1.51461 21.8151 52.9847 81.0018 65.0797 10.6293 
n 1.33333 0.42 76.5064 79.5897 76.1489 78.0189 76.9685 70.828 67.3409 77.1889 72.6375 89.8838 83.995 137.091 80.028 83.0627 76.1632 31.8183 69.3095 27.2852 38.4602 52.5156 80.7929 139.617 73.5093 1.82587 80.1931 31.0794 121.2 42.6587 43.2067 80.0823 0 66.9705 137.091 12.5477 34.1997 80.5892 78.1236 78.0322 87.0183 55.0334 15.0313 93.0658 11.742 75.9151 80.1407 67.695 76.6726 108.705 22.8976 76.5159 
n 1.41667 0.32 142.621 145.792 142.287 144.154 128.268 137.51 132.142 141.952 139.494 152.522 148.13 199.153 146.12 148.814 142.356 98.7399 133.443 40.0182 103.663 114.941 147.559 201.108 139.309 68.5704 146.912 97.1458 183.116 66.0433 108.583 146.82 66.9705 0 199.153 65.8545 94.4559 147.232 144.386 144.285 153.393 121.808 76.656 157.96 66.068 142.404 146.95 132.52 132.321 157.413 86.5361 143.482 
n 2.7 2.34 65.7283 63.6877 66.1429 64.5826 77.197 74.1325 70.5257 61.1016 75.05 47.2149 53.7473 0 62.7074 58.5514 66.4192 108.513 68.0302 160.494 98.8342 84.9116 67.9181 4.31497 66.9674 135.266 67.6669 116.566 16.0417 170.674 94.3336 67.9925 137.091 199.153 0 145.042 130.246 66.4713 65.2267 65.243 59.2531 96.0223 135.682 46.8346 144.35 68.5278 69.0325 70.2141 69.308 64.6913 128.293 77.9375 
n 1.13333 0.11 82.2296 85.139 81.8461 83.6893 88.4664 75.6341 74.6001 84.2729 76.869 98.0727 91.4144 145.042 85.7248 89.1288 81.7822 36.9806 77.0164 29.3134 46.3965 61.6803 85.2157 147.799 79.6839 13.785 84.757 32.2223 129.353 30.3488 50.736 84.5974 12.5477 65.8545 145.042 0 29.1014 85.3348 83.6071 83.5314 92.1936 57.2844 10.9815 99.7927 0.835358 81.0523 84.4396 74.9274 87.3992 120.183 20.8228 79.5806 
n 1.18333 1.81 64.6247 66.9494 64.2112 65.8633 88.7804 56.556 61.3727 69.7538 56.5227 85.6029 77.2637 130.246 67.8206 71.8358 63.9782 27.1264 64.7443 58.2488 39.9126 55.5492 64.6957 133.558 63.3085 33.7323 64.5412 15.948 115.507 42.1178 41.9974 64.2948 34.1997 94.4559 130.246 29.1014 0 65.4475 65.3765 65.3402 72.7983 35.0888 19.5828 83.4509 29.0886 62.256 63.7246 61.5972 84.1781 118.894 12.0282 56.8934 
n 1.4 0.32 7.83142 5.83443 7.83241 6.96014 62.2099 9.76647 21.2521 17.4537 8.92703 30.4619 21.3522 66.4713 6.91134 10.3419 7.3646 48.8871 23.3881 107.216 44.3106 39.2006 2.29309 70.1897 11.9314 78.8934 1.37929 53.8432 53.342 107.213 39.4702 1.74848 80.5892 147.232 66.4713 85.3348 65.4475 0 5.67593 5.81001 7.39325 30.3924 74.7977 20.8444 84.7896 5.2587 3.22348 20.9293 51.6464 79.3761 65.9717 12.3666 
n 1.83333 3.59 2.27476 1.57639 2.41141 1.34319 56.5356 8.90712 15.9176 11.9095 10.4081 26.0345 16.6372 65.2267 2.54539 6.81891 2.12728 46.7629 17.8009 104.384 40.9067 34.3466 7.83477 68.7543 6.49976 76.3874 6.72615 52.7803 51.3015 106.678 35.9949 7.02156 78.1236 144.386 65.2267 83.6071 65.3765 5.67593 0 0.139975 9.05933 30.798 73.3077 18.533 83.0224 3.40362 8.48182 15.5738 45.9888 74.1925 64.8627 16.5367 
n 3 3.55 2.13538 1.62737 2.2763 1.23241 56.4027 8.88947 15.7785 11.7909 10.4431 25.9635 16.559 65.243 2.5458 6.80934 2.0032 46.6814 17.6616 104.285 40.7986 34.2126 7.9633 68.7655 6.36061 76.2953 6.85307 52.722 51.2987 106.628 35.886 7.14652 78.0322 144.285 65.243 83.5314 65.3402 5.81001 0.139975 0 9.17051 30.78 73.2378 18.5351 82.9458 3.42545 8.6033 15.4345 45.8589 74.0882 64.8021 16.6224 
n 14.0667 3.9 11.0448 7.79036 11.3188 9.52844 62.0594 16.6205 24.1193 17.2975 16.3029 26.4936 18.4516 59.2531 7.82747 7.80903 11.155 55.5032 25.202 113.384 49.9627 42.9286 8.6653 63.0284 14.9904 85.2942 8.46896 60.9498 46.4975 114.497 45.0527 8.77628 87.0183 153.393 59.2531 92.1936 72.7983 7.39325 9.05933 9.17051 0 37.7673 81.7592 14.7402 91.6287 11.1517 9.78189 23.7461 51.1918 76.3675 73.0747 18.8704 
n 1.26667 4.66 30.3821 32.3443 29.9697 31.4574 69.2671 21.891 31.1064 37.3287 21.4666 53.7398 44.6181 96.0223 33.315 37.4945 29.6551 24.4174 34.9605 82.3181 27.9759 35.5079 29.6074 99.5235 29.9372 53.5613 29.4598 25.0621 81.8752 77.0295 25.2975 29.2096 55.0334 121.808 96.0223 57.2844 35.0888 30.3924 30.798 30.78 37.7673 0 46.3697 49.2486 56.8541 27.5299 28.6418 31.1873 61.3344 95.0201 36.8841 22.4182 
n 1.15 0.21 72.0236 74.8558 71.6323 73.4564 83.0293 65.1539 65.1588 74.6624 66.2292 89.0274 81.9408 135.682 75.4922 79.0225 71.54 27.1752 67.815 39.0147 37.8785 53.7571 74.5943 138.573 69.6728 14.9455 74.1729 21.3205 120.156 36.2571 41.8154 74.0013 15.0313 76.656 135.682 10.9815 19.5828 74.7977 73.3077 73.2378 81.7592 46.3697 0 89.9257 10.6462 70.6488 73.7906 65.4682 80.788 114.492 9.88606 68.7129 
n 1.18333 4.66 18.8982 17.0439 19.3126 17.7935 53.8918 27.3949 25.8568 16.0107 28.72 14.0182 10.6811 46.8346 15.9895 11.7579 19.6014 62.8474 24.6495 118.255 54.7017 43.6245 22.754 50.2788 20.3547 91.2708 22.1859 70.1163 32.7846 124.243 49.8786 22.5477 93.0658 157.96 46.8346 99.7927 83.4509 20.8444 18.533 18.5351 14.7402 49.2486 89.9257 0 99.1515 21.9052 23.8655 25.4865 42.9463 63.5489 82.0289 33.1428 
n 2.81667 4.99 81.632 84.5516 81.2496 83.095 87.6376 75.0802 73.9246 83.6095 76.3466 97.3625 90.7376 144.35 85.1302 88.5168 81.1897 36.3611 76.3215 29.2242 45.6727 60.919 84.6877 147.097 79.0625 12.9604 84.2211 31.7965 128.65 31.1839 50.033 84.0641 11.742 66.068 144.35 0.835358 29.0886 84.7896 83.0224 82.9458 91.6287 56.8541 10.6462 99.1515 0 80.4842 83.9179 74.2532 86.5899 119.356 20.5229 79.1245 
n 2.06667 4.7 4.18162 4.86275 3.92792 4.43821 58.1146 5.70035 16.3637 14.3256 7.03494 29.2019 19.7449 68.5278 5.9399 10.2188 3.38031 44.3555 18.8636 102.386 39.2322 33.9873 6.72473 72.0831 7.42367 74.1993 5.64692 49.9427 54.6842 103.702 34.3642 5.79439 75.9151 142.404 68.5278 81.0523 62.256 5.2587 3.40362 3.42545 11.1517 27.5299 70.6488 21.9052 80.4842 0 6.93618 16.0658 47.7612 76.817 62.0537 13.6864 
n 1.21667 3.36 10.4245 8.9183 10.3352 9.81907 64.8637 9.68822 23.2981 20.3886 7.5716 33.6844 24.5524 69.0325 10.0467 13.5649 9.81206 48.3414 25.7485 106.957 44.603 40.6329 1.12661 72.8098 14.2544 78.4734 1.86764 52.6708 56.1741 105.649 39.8461 1.51461 80.1407 146.95 69.0325 84.4396 63.7246 3.22348 8.48182 8.6033 9.78189 28.6418 73.7906 23.8655 83.9179 6.93618 0 23.0017 54.3965 82.5137 64.7793 9.27736 
n 8.28333 0.76 13.2992 16.2947 13.1978 14.5946 42.7755 16.0571 0.389134 9.50441 19.9628 24.0457 16.4916 70.2141 15.9656 17.1263 13.6095 38.3051 3.86944 92.774 29.2596 19.2933 22.7367 73.131 9.07445 65.8907 21.6252 46.8839 54.7472 100.713 24.4927 21.8151 67.695 132.52 70.2141 74.9274 61.5972 20.9293 15.5738 15.4345 23.7461 31.1873 65.4682 25.4865 74.2532 16.0658 23.0017 0 32.9571 64.6908 58.293 28.0757 
n 1.31667 3.87 43.9722 45.9396 44.0733 44.687 10.9877 48.9255 32.8151 34.3289 52.7678 29.9299 33.525 69.308 45.0476 43.4022 44.6065 57.169 29.3636 95.6643 44.4201 28.663 53.8204 70.4713 40.3612 74.9258 52.7045 68.2307 53.8634 116.896 42.266 52.9847 76.6726 132.321 69.308 87.3992 84.1781 51.6464 45.9888 45.8589 51.1918 61.3344 80.788 42.9463 86.5899 47.7612 54.3965 32.9571 0 34.7616 76.8954 60.8016 
n 8.06667 3.45 72.6581 73.5959 72.8899 72.8568 31.7393 79.5314 64.6645 62.4941 83.0181 49.9953 58.1906 64.6913 72.4733 69.4212 73.4392 91.8281 60.8263 124.136 79.0449 63.4209 81.6692 63.6456 70.007 107.055 80.6606 102.947 54.2134 150.212 77.0251 81.0018 108.705 157.413 64.6913 120.183 118.894 79.3761 74.1925 74.0882 76.3675 95.0201 114.492 63.5489 119.356 76.817 82.5137 64.6908 34.7616 0 111.269 90.4971 
n 1.35 4.47 63.7269 66.4286 63.3259 65.1119 80.3695 56.4598 58.0116 67.1993 57.2577 82.2052 74.6124 128.293 67.1384 70.8383 63.1909 20.4744 60.9651 48.5797 32.6745 48.8031 65.6284 131.341 61.679 22.1952 65.2712 12.1288 113.009 42.4214 35.8653 65.0797 22.8976 86.5361 128.293 20.8228 12.0282 65.9717 64.8627 64.8021 73.0747 36.8841 9.88606 82.0289 20.5229 62.0537 64.7793 58.293 76.8954 111.269 0 59.295 
n 3.33333 3.87 17.8605 17.4548 17.6141 17.8279 70.8354 12.0591 28.2823 28.003 8.12436 42.4968 33.1593 77.9375 18.6523 22.5605 17.0667 44.8815 31.4712 103.689 43.6349 43.1011 10.3917 81.7815 20.682 74.9409 10.9967 47.3931 65.3639 99.0067 39.2748 10.6293 76.5159 143.482 77.9375 79.5806 56.8934 12.3666 16.5367 16.6224 18.8704 22.4182 68.7129 33.1428 79.1245 13.6864 9.27736 28.0757 60.8016 90.4971 59.295 0 
