p 40 5 2
n 8.38333 0.67 0 15.4169 21.8339 22.3307 25.259 23.6674 21.9214 48.2382 18.4672 136.916 17.9555 32.0008 75.3781 15.8954 41.3934 52.9358 62.6383 16.8285 30.3953 83.4282 18.2438 29.2089 52.9358 19.612 19.5991 143.719 42.0833 15.2078 52.5111 19.5553 56.0939 68.0799 21.5263 73.8992 7.79176 132.111 73.1086 32.1351 7.72919 6.74321 
n 3.28333 2.61 15.4169 0 6.42313 6.91401 34.6273 11.4686 13.2333 48.7549 4.83193 144.098 3.87309 35.2928 77.7786 1.83916 52.7873 52.0474 61.3964 2.29651 35.4748 86.6461 2.98708 32.73 52.0474 26.0096 4.27632 150.685 53.6908 5.8394 53.0726 26.26 56.9653 67.9657 21.5619 78.7986 21.5968 141.285 78.1438 36.5449 23.1445 14.209 
n 2.85 2.94 21.8339 6.42313 0 0.640546 39.4625 9.32193 14.0321 50.0609 5.83407 147.177 5.01499 38.1647 79.9554 6.40421 57.8984 53.3374 61.6816 5.34092 38.9568 88.4313 3.6879 35.8141 53.3374 30.8403 2.62561 153.661 58.8611 9.7982 54.2832 31.153 58.2139 69.2686 24.8824 81.3177 27.9121 145.161 80.7217 39.7528 29.5628 20.0745 
n 1.15 0.51 22.3307 6.91401 0.640546 0 40.1017 9.74734 13.8123 50.6001 5.89243 147.784 5.65361 38.7768 79.7409 6.76314 58.5349 53.0518 62.1539 5.9402 39.585 88.9862 4.26587 36.4334 53.0518 30.97 2.91264 154.265 59.4965 9.96474 54.8153 31.2907 58.7466 68.9756 24.8451 81.9075 28.3196 145.792 81.3141 40.3742 30.0576 20.6706 
n 6.6 3.48 25.259 34.6273 39.4625 40.1017 0 34.7529 45.6918 29.8878 39.2958 111.658 34.4483 14.2321 98.4392 36.1202 18.5722 77.7666 44.8233 34.4253 10.3223 59.8444 36.1197 12.7447 77.7666 43.3991 38.4565 118.46 19.6207 37.7703 33.4389 43.1959 36.1883 92.4722 46.7612 49.4159 28.9892 107.265 48.5652 12.3559 23.3373 21.2955 
n 1.15 4.61 23.6674 11.4686 9.32193 9.74734 34.7529 0 23.0515 41.2348 14.1927 139.302 7.60373 30.7219 88.7534 12.8455 53.2949 62.4437 52.4449 9.17376 32.1897 79.7207 9.24953 28.6718 62.4437 37.3877 10.8517 145.688 54.3665 17.0805 45.386 37.6163 49.317 78.3892 32.8775 73.1182 31.0467 138.123 72.571 32.6362 30.9448 19.2845 
n 3.55 1.98 21.9214 13.2333 14.0321 13.8123 45.6918 23.0515 0 61.9847 8.98231 156.527 16.1942 48.1792 65.9293 11.3957 62.9697 39.3922 74.5478 14.9658 48.0018 99.7803 14.1118 45.5354 39.3922 20.4278 12.202 163.186 63.7334 8.15427 66.3045 20.8658 70.195 55.3377 12.2095 91.6762 24.2464 152.94 90.9935 49.2399 28.415 24.3963 
n 3.26667 2.66 48.2382 48.7549 50.0609 50.6001 29.8878 41.2348 61.9847 0 53.2817 99.4686 46.1877 16.8029 123.543 50.5939 37.0794 99.7977 15.0214 47.1787 19.8898 38.5069 48.3501 19.4305 99.7977 67.8407 50.6872 105.578 38.2865 54.1402 4.34843 67.7926 8.21039 115.455 67.9892 33.1144 54.6528 100.887 32.7589 17.7888 49.9927 41.7886 
n 2.13333 4.61 18.4672 4.83193 5.83407 5.89243 39.2958 14.1927 8.98231 53.2817 0 148.927 7.2283 40.0882 74.5735 3.17827 57.32 48.3116 65.6274 6.10348 40.3061 91.3136 5.12952 37.5416 48.3116 25.0947 3.44446 155.51 58.1957 4.22839 57.5804 25.4221 61.4881 64.2583 19.0925 83.58 23.5087 146.086 82.9317 41.3674 26.0295 18.498 
n 6.48333 0.37 136.916 144.098 147.177 147.784 111.658 139.302 156.527 99.4686 148.927 0 142.58 109.024 206.464 145.841 97.7777 188.834 94.3797 143.147 108.63 63.1108 144.643 111.454 188.834 154.2 147.106 7.07321 97.5733 148.387 95.9845 153.919 92.3655 202.754 158.395 66.4321 139.858 21.4823 66.8852 107.578 134.021 132.494 
n 15.75 0.84 17.9555 3.87309 5.01499 5.65361 34.4483 7.60373 16.1942 46.1877 7.2283 142.58 0 33.5665 81.404 5.29185 52.886 55.4176 58.404 1.57759 34.1652 84.3611 2.1624 31.136 55.4176 29.8666 4.56263 149.103 53.8516 9.53009 50.468 30.1109 54.3849 71.3579 25.3283 76.9147 24.7146 140.318 76.2943 35.045 25.6233 15.3513 
n 14.7167 5.04 32.0008 35.2928 38.1647 38.7768 14.2321 30.7219 48.1792 16.8029 40.0882 109.024 33.5665 0 107.361 37.0861 27.6264 84.4522 31.7679 34.1879 4.0688 51.9116 35.6462 2.7968 84.4522 51.58 38.1057 115.537 28.8835 40.0582 20.8691 51.4965 24.246 99.8757 52.6005 43.516 38.0375 107.402 42.853 2.63881 33.2314 25.8759 
n 3.9 3.65 75.3781 77.7786 79.9554 79.7409 98.4392 88.7534 65.9293 123.543 74.5735 206.464 81.404 107.361 0 76.136 108.983 27.7874 137.64 79.9403 105.498 158.189 79.5374 104.575 27.7874 55.7813 77.9717 213.495 109.068 71.9417 127.843 55.8696 131.462 14.6076 56.4062 147.797 69.702 197.547 146.923 107.346 75.1478 81.7546 
n 2.55 2.33 15.8954 1.83916 6.40421 6.76314 36.1202 12.8455 11.3957 50.5939 3.17827 145.841 5.29185 37.0861 76.136 0 54.1715 50.2911 63.2122 3.80497 37.211 88.4776 3.73889 34.5094 50.2911 24.9495 3.86263 152.438 55.0546 4.2407 54.9112 25.2255 58.8043 66.2179 20.0425 80.5976 21.5744 142.922 79.939 38.3087 23.5747 15.4028 
n 2.93333 3.5 41.3934 52.7873 57.8984 58.5349 18.5722 53.2949 62.9697 37.0794 57.32 97.7777 52.886 27.6264 108.983 54.1715 0 91.3324 49.8639 52.7681 23.9745 54.2759 54.4749 27.8078 91.3324 56.7923 56.7549 104.758 1.26656 55.3628 38.9582 56.4755 40.0629 104.992 62.056 42.0679 42.748 91.1674 41.0741 24.9915 36.968 38.8998 
n 1.25 1.76 52.9358 52.0474 53.3374 53.0518 77.7666 62.4437 39.3922 99.7977 48.3116 188.834 55.4176 84.4522 27.7874 50.2911 91.3324 0 113.19 54.0585 83.2334 136.251 53.4121 81.6649 0 34.6341 51.5933 195.742 91.6865 46.2694 104.145 34.9165 107.928 15.9471 31.8671 126.828 49.0157 182.23 126.03 84.8796 54.8421 58.6054 
n 1.73333 4.89 62.6383 61.3964 61.6816 62.1539 44.8233 52.4449 74.5478 15.0214 65.6274 94.3797 58.404 31.7679 137.64 63.2122 49.8639 113.19 0 59.5824 34.9083 31.2883 60.5381 34.3262 113.19 82.1524 62.7195 99.9285 50.9813 67.0408 11.4673 82.135 9.82432 128.997 81.6103 31.1492 69.3246 98.9543 31.2616 32.8082 64.8342 56.0414 
n 2.13333 4.51 16.8285 2.29651 5.34092 5.9402 34.4253 9.17376 14.9658 47.1787 6.10348 143.147 1.57759 34.1879 79.9403 3.80497 52.7681 54.0585 59.5824 0 34.611 85.2424 1.71183 31.6978 54.0585 28.2918 4.06362 149.697 53.709 8.01897 51.4769 28.5376 55.3848 69.9916 23.8007 77.6259 23.3925 140.658 76.9909 35.5723 24.5374 14.7335 
n 1.11667 5.01 30.3953 35.4748 38.9568 39.585 10.3223 32.1897 48.0018 19.8898 40.3061 108.63 34.1652 4.0688 105.498 37.211 23.9745 83.2334 34.9083 34.611 0 53.0399 36.1626 3.91594 83.2334 49.7847 38.6244 115.239 25.2184 39.8476 23.7047 49.6653 26.7967 98.472 51.4957 43.8882 35.8757 106.217 43.1566 2.10191 30.7702 24.7105 
n 1.1 3.21 83.4282 86.6461 88.4313 88.9862 59.8444 79.7207 99.7803 38.5069 91.3136 63.1108 84.3611 51.9116 158.189 88.4776 54.2759 136.251 31.2883 85.2424 53.0399 0 86.516 54.6723 136.251 102.689 88.9048 68.6463 54.8611 91.7455 34.4775 102.543 30.5934 151.508 104.45 12.6133 88.51 69.0342 13.6218 51.3716 83.0485 77.6564 
n 3.88333 1.04 18.2438 2.98708 3.6879 4.26587 36.1197 9.24953 14.1118 48.3501 5.12952 144.643 2.1624 35.6462 79.5374 3.73889 54.4749 53.4121 60.5381 1.71183 36.1626 86.516 0 33.1898 53.4121 28.679 2.46439 151.178 55.4177 7.89371 52.6302 28.9503 56.5473 69.3571 23.6529 79.0304 24.5712 142.261 78.4053 37.0838 25.9701 16.4098 
n 3.3 3.12 29.2089 32.73 35.8141 36.4334 12.7447 28.6718 45.5354 19.4305 37.5416 111.454 31.136 2.7968 104.575 34.5094 27.8078 81.6649 34.3262 31.6978 3.91594 54.6723 33.1898 0 81.6649 48.7937 35.6534 118 29.0436 37.4008 23.5593 48.7127 26.9902 97.0809 49.8173 46.1408 35.2994 109.516 45.461 3.96972 30.5625 23.0818 
n 8.86667 1.24 52.9358 52.0474 53.3374 53.0518 77.7666 62.4437 39.3922 99.7977 48.3116 188.834 55.4176 84.4522 27.7874 50.2911 91.3324 0 113.19 54.0585 83.2334 136.251 53.4121 81.6649 0 34.6341 51.5933 195.742 91.6865 46.2694 104.145 34.9165 107.928 15.9471 31.8671 126.828 49.0157 182.23 126.03 84.8796 54.8421 58.6054 
n 3.45 1.42 19.612 26.0096 30.8403 30.97 43.3991 37.3877 20.4278 67.8407 25.0947 154.2 29.8666 51.58 55.7813 24.9495 56.7923 34.6341 82.1524 28.2918 49.7847 102.689 28.679 48.7937 34.6341 0 28.2535 161.109 57.1939 21.0524 72.12 0.507999 75.7053 49.0731 9.43427 92.7421 14.4438 147.866 91.911 51.5997 20.2389 26.1122 
n 4.01667 2.4 19.5991 4.27632 2.62561 2.91264 38.4565 10.8517 12.202 50.6872 3.44446 147.106 4.56263 38.1057 77.9717 3.86263 56.7549 51.5933 62.7195 4.06362 38.6244 88.9048 2.46439 35.6534 51.5933 28.2535 0 153.639 57.6832 7.20124 54.9549 28.5602 58.8766 67.5393 22.5216 81.475 25.4354 144.709 80.8529 39.5482 27.312 18.4098 
n 2.96667 4.4 143.719 150.685 153.661 154.265 118.46 145.688 163.186 105.578 155.51 7.07321 149.103 115.537 213.495 152.438 104.758 195.742 99.9285 149.697 115.239 68.6463 151.178 118 195.742 161.109 153.639 0 104.567 155.04 102.002 160.832 98.3261 209.717 165.214 72.6621 146.75 26.0754 73.1577 114.145 140.915 139.221 
n 2.01667 3.05 42.0833 53.6908 58.8611 59.4965 19.6207 54.3665 63.7334 38.2865 58.1957 97.5733 53.8516 28.8835 109.068 55.0546 1.26656 91.6865 50.9813 53.709 25.2184 54.8611 55.4177 29.0436 91.6865 57.1939 57.6832 104.567 0 56.1764 40.1201 56.8688 41.1721 105.241 62.6106 42.5812 43.2345 90.6988 41.5823 26.2494 37.4806 39.746 
n 1.31667 2.92 15.2078 5.8394 9.7982 9.96474 37.7703 17.0805 8.15427 54.1402 4.22839 148.387 9.53009 40.0582 71.9417 4.2407 55.3628 46.2694 67.0408 8.01897 39.8476 91.7455 7.89371 37.4008 46.2694 21.0524 7.20124 155.04 56.1764 0 58.4757 21.3592 62.3438 62.1727 15.802 83.5398 19.5532 144.947 82.8527 41.0909 22.5112 16.5242 
n 2.68333 3.58 52.5111 53.0726 54.2832 54.8153 33.4389 45.386 66.3045 4.34843 57.5804 95.9845 50.468 20.8691 127.843 54.9112 38.9582 104.145 11.4673 51.4769 23.7047 34.4775 52.6302 23.5593 104.145 72.12 54.9549 102.002 40.1201 58.4757 0 72.0662 3.93226 119.799 72.3334 29.8718 58.843 98.0467 29.6071 21.6208 54.1004 46.0922 
n 2.33333 3.72 19.5553 26.26 31.153 31.2907 43.1959 37.6163 20.8658 67.7926 25.4221 153.919 30.1109 51.4965 55.8696 25.2255 56.4755 34.9165 82.135 28.5376 49.6653 102.543 28.9503 48.7127 34.9165 0.507999 28.5602 160.832 56.8688 21.3592 72.0662 0 75.6404 49.282 9.93669 92.5574 14.2196 147.53 91.7234 51.4906 19.9941 26.0941 
n 1.16667 4.71 56.0939 56.9653 58.2139 58.7466 36.1883 49.317 70.195 8.21039 61.4881 92.3655 54.3849 24.246 131.462 58.8043 40.0629 107.928 9.82432 55.3848 26.7967 30.5934 56.5473 26.9902 107.928 75.7053 58.8766 98.3261 41.1721 62.3438 3.93226 75.6404 0 123.55 76.0949 26.5212 62.2831 94.8613 26.331 24.7504 57.4261 49.7406 
n 2.51667 4.83 68.0799 67.9657 69.2686 68.9756 92.4722 78.3892 55.3377 115.455 64.2583 202.754 71.3579 99.8757 14.6076 66.2179 104.992 15.9471 128.997 69.9916 98.472 151.508 69.3571 97.0809 15.9471 49.0731 67.5393 209.717 105.241 62.1727 119.799 49.282 123.55 0 47.4682 141.784 63.5007 195.253 140.961 100.182 69.2477 74.0002 
n 2.13333 0.51 21.5263 21.5619 24.8824 24.8451 46.7612 32.8775 12.2095 67.9892 19.0925 158.395 25.3283 52.6005 56.4062 20.0425 62.056 31.8671 81.6103 23.8007 51.4957 104.45 23.6529 49.8173 31.8671 9.43427 22.5216 165.214 62.6106 15.802 72.3334 9.93669 76.0949 47.4682 0 95.2673 19.5828 153.16 94.4962 53.0905 25.1724 26.7998 
n 1.16667 2.41 73.8992 78.7986 81.3177 81.9075 49.4159 73.1182 91.6762 33.1144 83.58 66.4321 76.9147 43.516 147.797 80.5976 42.0679 126.828 31.1492 77.6259 43.8882 12.6133 79.0304 46.1408 126.828 92.7421 81.475 72.6621 42.5812 83.5398 29.8718 92.5574 26.5212 141.784 95.2673 0 78.3808 68.3862 1.01292 42.4851 72.753 68.5547 
n 3.73333 1.74 7.79176 21.5968 27.9121 28.3196 28.9892 31.0467 24.2464 54.6528 23.5087 139.858 24.7146 38.0375 69.702 21.5744 42.748 49.0157 69.3246 23.3925 35.8757 88.51 24.5712 35.2994 49.0157 14.4438 25.4354 146.75 43.2345 19.5532 58.843 14.2196 62.2831 63.5007 19.5828 78.3808 0 133.915 77.5396 37.782 5.83718 14.2842 
n 3.15 2.71 132.111 141.285 145.161 145.792 107.265 138.123 152.94 100.887 146.086 21.4823 140.318 107.402 197.547 142.922 91.1674 182.23 98.9543 140.658 106.217 69.0342 142.261 109.516 182.23 147.866 144.709 26.0754 90.6988 144.947 98.0467 147.53 94.8613 195.253 153.16 68.3862 133.915 0 68.533 105.547 128.132 128.55 
n 2.66667 4.58 73.1086 78.1438 80.7217 81.3141 48.5652 72.571 90.9935 32.7589 82.9317 66.8852 76.2943 42.853 146.923 79.939 41.0741 126.03 31.2616 76.9909 43.1566 13.6218 78.4053 45.461 126.03 91.911 80.8529 73.1577 41.5823 82.8527 29.6071 91.7234 26.331 140.961 94.4962 1.01292 77.5396 68.533 0 41.7798 71.9005 67.8025 
n 4.98333 2.25 32.1351 36.5449 39.7528 40.3742 12.3559 32.6362 49.2399 17.7888 41.3674 107.578 35.045 2.63881 107.346 38.3087 24.9915 84.8796 32.8082 35.5723 2.10191 51.3716 37.0838 3.96972 84.8796 51.5997 39.5482 114.145 26.2494 41.0909 21.6208 51.4906 24.7504 100.182 53.0905 42.4851 37.782 105.547 41.7798 0 32.7445 26.291 
n 1.18333 2.91 7.72919 23.1445 29.5628 30.0576 23.3373 30.9448 28.415 49.9927 26.0295 134.021 25.6233 33.2314 75.1478 23.5747 36.968 54.8421 64.8342 24.5374 30.7702 83.0485 25.9701 30.5625 54.8421 20.2389 27.312 140.915 37.4806 22.5112 54.1004 19.9941 57.4261 69.2477 25.1724 72.753 5.83718 128.132 71.9005 32.7445 0 12.1799 
n 0 0 6.74321 14.209 20.0745 20.6706 21.2955 19.2845 24.3963 41.7886 18.498 132.494 15.3513 25.8759 81.7546 15.4028 38.8998 58.6054 56.0414 14.7335 24.7105 77.6564 16.4098 23.0818 58.6054 26.1122 18.4098 139.221 39.746 16.5242 46.0922 26.0941 49.7406 74.0002 26.7998 68.5547 14.2842 128.55 67.8025 26.291 12.1799 0 
