p 20 3 2
n 2.08333 1.5 0 66.5407 13.5149 14.3256 80.5155 74.5213 28.7552 7.10657 34.1309 74.7777 143.516 83.9611 102.751 70.7918 34.6177 24.4916 2.30183 3.10872 20.3801 28.5397 
n 3.13333 1.01 66.5407 0 75.4055 75.7269 69.6579 49.2561 91.3405 62.0288 33.9282 9.08612 80.7969 17.9326 38.654 132.465 87.529 88.1911 68.7897 63.5673 58.7397 92.5233 
n 10.5 2.73 13.5149 75.4055 0 0.882058 77.218 74.8863 16.3264 20.6031 41.6201 83.0261 149.169 92.107 112.881 58.5514 21.4717 12.7934 12.7446 14.8753 19.7059 17.1264 
n 4.51667 2.63 14.3256 75.7269 0.882058 0 76.7381 74.6302 15.8381 21.4015 41.8993 83.2953 149.22 92.3624 113.283 58.0087 20.5962 12.4721 13.6006 15.604 19.6188 16.8004 
n 4.3 4.92 80.5155 69.6579 77.218 76.7381 0 21.3387 84.6611 82.4942 60.4957 68.8226 98.3567 72.5656 100.179 110.691 70.3458 84.9596 82.2123 78.1239 60.1872 87.8826 
n 26.5 7.3 74.5213 49.2561 74.8863 74.6302 21.3387 0 85.8836 74.6814 47.3176 47.698 83.1618 51.2269 78.8582 118.327 74.0918 85.0318 76.5638 71.6881 55.6063 88.648 
n 35.2833 2.26 28.7552 91.3405 16.3264 15.8381 84.6611 85.8836 0 35.7372 57.4295 98.7234 163.279 107.726 129.069 42.2648 16.1505 4.59997 27.2908 30.7363 33.6766 3.54346 
n 1.13333 3.36 7.10657 62.0288 20.6031 21.4015 82.4942 74.6814 35.7372 0 31.2226 70.5524 140.389 79.7257 97.314 77.5966 41.5065 31.3914 8.47448 6.4283 23.493 35.3325 
n 2.4 5.07 34.1309 33.9282 41.6201 41.8993 60.4957 47.3176 57.4295 31.2226 0 41.4081 109.423 50.5067 72.0797 98.6285 54.223 54.371 36.4326 31.0326 25.1348 58.6967 
n 2.68333 3.43 74.7777 9.08612 83.0261 83.2953 68.8226 47.698 98.7234 70.5524 41.4081 0 71.7109 9.18572 33.863 139.313 93.9227 95.7639 77.0495 71.7579 65.5907 100.085 
n 7.55 4.33 143.516 80.7969 149.169 149.22 98.3567 83.1618 163.279 140.389 109.423 71.7109 0 63.2734 64.6039 199.91 154.352 161.247 145.817 140.41 129.816 165.376 
n 3.31667 0.97 83.9611 17.9326 92.107 92.3624 72.5656 51.2269 107.726 79.7257 50.5067 9.18572 63.2734 0 27.7776 148.089 102.543 104.825 86.2339 80.9391 74.4533 109.141 
n 1.15 2.36 102.751 38.654 112.881 113.283 100.179 78.8582 129.069 97.314 72.0797 33.863 64.6039 27.7776 0 170.674 126.085 125.65 104.89 99.9648 97.1455 129.973 
n 2.7 2.34 70.7918 132.465 58.5514 58.0087 110.691 118.327 42.2648 77.5966 98.6285 139.313 199.91 148.089 170.674 0 45.9034 46.3196 69.1296 72.9401 73.763 42.2686 
n 2.33333 3.72 34.6177 87.529 21.4717 20.5962 70.3458 74.0918 16.1505 41.5065 54.223 93.9227 154.352 102.543 126.085 45.9034 0 18.6999 34.1455 35.2719 29.1132 19.694 
n 3.11667 2.71 24.4916 88.1911 12.7934 12.4721 84.9596 85.0318 4.59997 31.3914 54.371 95.7639 161.247 104.825 125.65 46.3196 18.6999 0 22.9209 26.6334 31.4317 4.33312 
n 9.3 3.57 2.30183 68.7897 12.7446 13.6006 82.2123 76.5638 27.2908 8.47448 36.4326 77.0495 145.817 86.2339 104.89 69.1296 34.1455 22.9209 0 5.40723 22.0254 26.8624 
n 1.25 2.61 3.10872 63.5673 14.8753 15.604 78.1239 71.6881 30.7363 6.4283 31.0326 71.7579 140.41 80.9391 99.9648 72.9401 35.2719 26.6334 5.40723 0 18.2109 30.792 
n 2.11667 0.26 20.3801 58.7397 19.7059 19.6188 60.1872 55.6063 33.6766 23.493 25.1348 65.5907 129.816 74.4533 97.1455 73.763 29.1132 31.4317 22.0254 18.2109 0 35.5827 
n 2.31667 1.82 28.5397 92.5233 17.1264 16.8004 87.8826 88.648 3.54346 35.3325 58.6967 100.085 165.376 109.141 129.973 42.2686 19.694 4.33312 26.8624 30.792 35.5827 0 
