p 20 3 2
n 1.61667 2.48 0 23.1383 13.1583 3.33864 32.4044 20.2946 59.7825 75.5848 48.7059 111.036 39.842 51.4894 46.0685 130.218 36.2114 68.2288 29.4392 22.9826 25.9321 80.0707 
n 2.88333 1.24 23.1383 0 19.1551 25.9105 20.9485 17.5141 41.7202 53.472 25.9399 91.4833 24.3223 28.4271 66.9218 111.807 14.9408 45.7629 24.0899 16.2214 21.5223 57.1298 
n 3.8 2.29 13.1583 19.1551 0 13.4629 20.0605 7.57113 60.5328 72.1949 44.391 110.634 28.0807 46.1842 48.5216 130.87 34.0892 64.2765 16.3128 10.784 12.8463 74.8432 
n 2.61667 4.03 3.33864 25.9105 13.4629 0 33.3569 20.9591 63.1091 78.6947 51.6612 114.35 41.106 54.3301 42.7423 133.554 39.3318 71.2729 29.6852 23.9398 26.2757 82.9848 
n 2.31667 4.82 32.4044 20.9485 20.0605 33.3569 0 12.4939 58.1164 62.5663 35.9734 103.982 8.41357 35.8288 64.1974 125.337 31.5899 54.2909 7.48499 9.4352 8.70291 62.336 
n 10.5 2.73 20.2946 17.5141 7.57113 20.9591 12.4939 0 59.0397 68.2083 40.4417 107.929 20.6031 41.6201 53.9637 128.642 31.9146 60.0946 9.48466 3.46832 5.93636 69.8696 
n 1.18333 3.06 59.7825 41.7202 60.5328 63.1091 58.1164 59.0397 0 25.1985 24.7152 51.3431 56.0796 27.7881 105.851 70.5836 27.1902 23.5463 63.8216 57.1503 62.0905 35.9663 
n 1.13333 2.16 75.5848 53.472 72.1949 78.6947 62.5663 68.2083 25.1985 0 27.8358 42.4639 57.3017 26.836 120.392 64.3734 39.3734 8.27652 69.6886 65.3708 69.2004 11.74 
n 14.7167 5.04 48.7059 25.9399 44.391 51.6612 35.9734 40.4417 24.7152 27.8358 0 68.0985 32.3315 4.48901 92.7287 89.3675 13.4716 19.8955 42.6808 37.706 41.8143 31.3903 
n 5.03333 4.2 111.036 91.4833 110.634 114.35 103.982 107.929 51.3431 42.4639 68.0985 0 99.3772 68.2785 157.077 21.9655 76.5448 50.4838 110.779 105.474 109.832 48.2802 
n 1.13333 3.36 39.842 24.3223 28.0807 41.106 8.41357 20.6031 56.0796 57.3017 32.3315 99.3772 0 31.2226 72.4562 121.017 31.2356 49.068 15.385 17.2976 17.0979 55.8869 
n 2.4 5.07 51.4894 28.4271 46.1842 54.3301 35.8288 41.6201 27.7881 26.836 4.48901 68.2785 31.2226 0 94.6913 89.8268 17.3427 18.598 42.8721 38.6665 42.3739 28.7617 
n 2.8 0.44 46.0685 66.9218 48.5216 42.7423 64.1974 53.9637 105.851 120.392 92.7287 157.077 72.4562 94.6913 0 176.247 81.3907 112.618 57.1056 57.3276 55.5565 123.364 
n 2.13333 4.91 130.218 111.807 130.87 133.554 125.337 128.642 70.5836 64.3734 89.3675 21.9655 121.017 89.8268 176.247 0 96.9038 72.3157 131.982 126.34 130.864 70.1025 
n 1.11667 1.26 36.2114 14.9408 34.0892 39.3318 31.5899 31.9146 27.1902 39.3734 13.4716 76.5448 31.2356 17.3427 81.3907 96.9038 0 32.1276 36.7928 29.9601 34.927 44.5037 
n 1.11667 0.71 68.2288 45.7629 64.2765 71.2729 54.2909 60.0946 23.5463 8.27652 19.8955 50.4838 49.068 18.598 112.618 72.3157 32.1276 0 61.424 57.2098 60.9719 13.4651 
n 1.4 3.27 29.4392 24.0899 16.3128 29.6852 7.48499 9.48466 63.8216 69.6886 42.6808 110.779 15.385 42.8721 57.1056 131.982 36.7928 61.424 0 8.36055 3.55903 69.7534 
n 1.25 4.91 22.9826 16.2214 10.784 23.9398 9.4352 3.46832 57.1503 65.3708 37.706 105.474 17.2976 38.6665 57.3276 126.34 29.9601 57.2098 8.36055 0 5.34053 66.7316 
n 1.55 5.08 25.9321 21.5223 12.8463 26.2757 8.70291 5.93636 62.0905 69.2004 41.8143 109.832 17.0979 42.3739 55.5565 130.864 34.927 60.9719 3.55903 5.34053 0 69.8642 
n 1.21667 1.66 80.0707 57.1298 74.8432 82.9848 62.336 69.8696 35.9663 11.74 31.3903 48.2802 55.8869 28.7617 123.364 70.1025 44.5037 13.4651 69.7534 66.7316 69.8642 0 
