t 280 15 3
n 0.33 0.88 0.66 288 149 
n 0.74 0.77 0.67 288 129 
n 0.27 0.31 0.52 270 133 
n 0.36 0.75 0.82 256 141 
n 0.75 0.36 0.51 256 157 
n 0.21 0.85 0.51 246 157 
n 0.45 0.67 0.7 236 169 
n 0.56 0.3 0.79 228 169 
n 0.25 0.75 0.18 228 161 
n 0.32 0.28 0.41 220 169 
n 0.49 0.52 0.22 212 169 
n 0.34 0.57 0.89 204 169 
n 0.2 0.34 0.21 196 169 
n 0.39 0.27 0.68 188 169 
n 0.42 0.34 0.41 196 161 
n 0.33 0.49 0.19 188 145 
n 0.87 0.66 0.15 172 145 
n 0.58 0.36 0.63 164 145 
n 0.61 0.17 0.12 156 145 
n 0.24 0.17 0.39 148 145 
n 0.45 0.85 0.85 140 145 
n 0.56 0.15 0.45 148 169 
n 0.28 0.62 0.38 164 169 
n 0.56 0.68 0.34 172 169 
n 0.72 0.51 0.53 156 169 
n 0.67 0.66 0.14 140 169 
n 0.41 0.14 0.56 132 169 
n 0.68 0.25 0.3 124 169 
n 0.35 0.14 0.37 116 161 
n 0.5 0.41 0.17 104 153 
n 0.34 0.46 0.32 104 161 
n 0.63 0.11 0.8 104 169 
n 0.61 0.55 0.78 90 165 
n 0.74 0.88 0.34 80 157 
n 0.33 0.89 0.38 64 157 
n 0.41 0.52 0.33 64 165 
n 0.72 0.25 0.13 56 169 
n 0.44 0.34 0.57 56 161 
n 0.86 0.79 0.5 56 153 
n 0.12 0.32 0.26 56 145 
n 0.8 0.11 0.4 56 137 
n 0.86 0.35 0.37 56 129 
n 0.82 0.18 0.11 56 121 
n 0.29 0.73 0.42 40 121 
n 0.77 0.39 0.74 40 129 
n 0.84 0.61 0.61 40 137 
n 0.8 0.58 0.54 40 145 
n 0.32 0.61 0.19 40 153 
n 0.78 0.23 0.32 40 161 
n 0.83 0.45 0.67 40 169 
n 0.77 0.62 0.56 32 169 
n 0.29 0.55 0.32 32 161 
n 0.6 0.76 0.6 32 153 
n 0.77 0.59 0.45 32 145 
n 0.85 0.16 0.71 32 137 
n 0.49 0.11 0.72 32 129 
n 0.38 0.59 0.75 32 121 
n 0.46 0.36 0.83 32 113 
n 0.76 0.85 0.11 40 113 
n 0.31 0.46 0.86 56 113 
n 0.22 0.82 0.64 56 105 
n 0.39 0.36 0.67 48 99 
n 0.45 0.72 0.44 40 99 
n 0.12 0.6 0.29 32 97 
n 0.53 0.47 0.5 32 89 
n 0.51 0.14 0.78 24 89 
n 0.68 0.14 0.48 16 97 
n 0.18 0.19 0.65 16 109 
n 0.76 0.87 0.2 8 109 
n 0.8 0.7 0.85 8 97 
n 0.17 0.15 0.47 8 89 
n 0.81 0.74 0.88 8 81 
n 0.6 0.75 0.46 8 73 
n 0.41 0.76 0.34 8 65 
n 0.61 0.14 0.89 8 57 
n 0.31 0.82 0.33 16 57 
n 0.38 0.61 0.15 8 49 
n 0.74 0.23 0.36 8 41 
n 0.43 0.68 0.55 24 45 
n 0.18 0.34 0.11 32 41 
n 0.89 0.7 0.64 32 49 
n 0.65 0.68 0.12 32 57 
n 0.21 0.79 0.27 32 65 
n 0.82 0.56 0.83 32 73 
n 0.29 0.84 0.59 32 81 
n 0.81 0.16 0.1 40 83 
n 0.58 0.45 0.27 40 73 
n 0.81 0.35 0.8 40 63 
n 0.62 0.2 0.17 40 51 
n 0.43 0.85 0.58 44 43 
n 0.7 0.12 0.15 44 35 
n 0.45 0.45 0.46 44 27 
n 0.52 0.76 0.82 32 25 
n 0.6 0.64 0.78 24 25 
n 0.71 0.83 0.83 16 25 
n 0.9 0.56 0.71 16 17 
n 0.74 0.84 0.41 24 17 
n 0.33 0.28 0.79 32 17 
n 0.33 0.44 0.48 44 11 
n 0.79 0.26 0.63 56 9 
n 0.87 0.65 0.3 56 17 
n 0.13 0.55 0.53 56 25 
n 0.11 0.66 0.15 56 33 
n 0.64 0.41 0.71 56 41 
n 0.64 0.23 0.84 64 41 
n 0.34 0.64 0.77 72 41 
n 0.88 0.76 0.15 72 49 
n 0.18 0.36 0.6 56 49 
n 0.37 0.14 0.86 48 51 
n 0.48 0.37 0.54 56 57 
n 0.11 0.72 0.35 56 65 
n 0.65 0.59 0.14 48 63 
n 0.81 0.78 0.21 48 73 
n 0.21 0.42 0.14 56 73 
n 0.81 0.11 0.81 56 81 
n 0.83 0.15 0.35 48 83 
n 0.86 0.76 0.81 56 89 
n 0.48 0.75 0.5 56 97 
n 0.31 0.85 0.76 104 97 
n 0.28 0.6 0.75 104 105 
n 0.6 0.12 0.37 104 113 
n 0.85 0.82 0.35 104 121 
n 0.45 0.6 0.17 104 129 
n 0.1 0.13 0.39 104 137 
n 0.6 0.21 0.24 104 145 
n 0.72 0.62 0.34 116 145 
n 0.77 0.4 0.58 124 145 
n 0.29 0.54 0.49 132 145 
n 0.25 0.61 0.46 132 137 
n 0.3 0.13 0.22 140 137 
n 0.82 0.87 0.47 148 137 
n 0.12 0.45 0.7 156 137 
n 0.79 0.52 0.73 164 137 
n 0.14 0.45 0.54 172 125 
n 0.77 0.85 0.45 172 117 
n 0.25 0.69 0.27 172 109 
n 0.65 0.17 0.43 172 101 
n 0.55 0.41 0.62 172 93 
n 0.57 0.7 0.83 172 85 
n 0.14 0.55 0.23 180 85 
n 0.11 0.41 0.4 180 77 
n 0.67 0.88 0.66 180 69 
n 0.77 0.41 0.63 180 61 
n 0.86 0.55 0.8 180 53 
n 0.24 0.42 0.74 172 53 
n 0.37 0.37 0.49 172 61 
n 0.79 0.22 0.49 172 69 
n 0.83 0.69 0.57 172 77 
n 0.19 0.55 0.72 164 81 
n 0.27 0.27 0.63 148 85 
n 0.4 0.88 0.38 124 85 
n 0.38 0.83 0.39 124 93 
n 0.8 0.19 0.43 124 109 
n 0.87 0.64 0.77 124 125 
n 0.81 0.55 0.73 124 117 
n 0.83 0.61 0.89 124 101 
n 0.48 0.45 0.64 104 89 
n 0.79 0.14 0.71 104 81 
n 0.13 0.82 0.64 104 73 
n 0.52 0.14 0.41 104 65 
n 0.35 0.27 0.62 104 49 
n 0.37 0.61 0.5 104 41 
n 0.35 0.17 0.88 104 33 
n 0.24 0.72 0.23 104 25 
n 0.3 0.48 0.4 104 17 
n 0.13 0.11 0.21 92 9 
n 0.4 0.47 0.16 80 9 
n 0.41 0.26 0.88 72 9 
n 0.31 0.5 0.89 64 21 
n 0.62 0.76 0.52 72 25 
n 0.19 0.23 0.47 80 25 
n 0.6 0.34 0.67 80 25 
n 0.24 0.81 0.48 80 41 
n 0.76 0.42 0.74 88 49 
n 0.39 0.12 0.12 104 57 
n 0.76 0.4 0.51 124 69 
n 0.79 0.89 0.25 124 77 
n 0.5 0.2 0.31 132 81 
n 0.27 0.6 0.54 140 65 
n 0.39 0.88 0.83 132 61 
n 0.18 0.65 0.65 124 61 
n 0.69 0.58 0.38 124 53 
n 0.85 0.81 0.71 124 45 
n 0.8 0.17 0.45 124 37 
n 0.31 0.2 0.27 124 29 
n 0.3 0.88 0.74 132 21 
n 0.47 0.47 0.14 124 21 
n 0.49 0.47 0.13 120 9 
n 0.61 0.57 0.37 128 9 
n 0.63 0.83 0.69 136 9 
n 0.16 0.78 0.2 148 9 
n 0.4 0.71 0.77 162 9 
n 0.21 0.52 0.86 156 25 
n 0.65 0.29 0.15 172 21 
n 0.42 0.84 0.68 180 21 
n 0.11 0.34 0.86 180 29 
n 0.49 0.28 0.13 172 29 
n 0.76 0.3 0.78 172 37 
n 0.77 0.17 0.14 172 45 
n 0.55 0.53 0.35 180 45 
n 0.25 0.26 0.23 180 37 
n 0.29 0.7 0.76 188 41 
n 0.31 0.8 0.5 196 49 
n 0.76 0.16 0.3 204 57 
n 0.19 0.69 0.54 212 65 
n 0.48 0.79 0.61 220 73 
n 0.47 0.29 0.24 228 69 
n 0.33 0.78 0.5 228 77 
n 0.22 0.82 0.6 236 77 
n 0.59 0.27 0.82 236 69 
n 0.29 0.14 0.75 236 61 
n 0.33 0.13 0.25 228 61 
n 0.86 0.56 0.88 228 53 
n 0.7 0.87 0.22 236 53 
n 0.35 0.71 0.63 236 45 
n 0.43 0.13 0.31 228 45 
n 0.17 0.89 0.76 228 37 
n 0.49 0.14 0.25 236 37 
n 0.55 0.59 0.83 236 29 
n 0.82 0.42 0.81 228 29 
n 0.21 0.13 0.35 228 21 
n 0.27 0.68 0.35 236 21 
n 0.77 0.1 0.23 252 21 
n 0.65 0.3 0.63 260 29 
n 0.73 0.47 0.65 260 37 
n 0.85 0.67 0.45 260 45 
n 0.34 0.57 0.12 260 53 
n 0.16 0.19 0.65 260 61 
n 0.76 0.55 0.84 260 69 
n 0.84 0.83 0.47 260 77 
n 0.49 0.58 0.56 276 77 
n 0.72 0.13 0.3 276 69 
n 0.61 0.76 0.21 276 61 
n 0.88 0.55 0.48 276 53 
n 0.18 0.18 0.51 284 53 
n 0.7 0.7 0.49 284 61 
n 0.7 0.16 0.87 284 69 
n 0.34 0.9 0.55 284 77 
n 0.84 0.9 0.29 284 85 
n 0.15 0.28 0.4 284 93 
n 0.26 0.72 0.33 284 101 
n 0.27 0.77 0.31 288 109 
n 0.84 0.85 0.5 280 109 
n 0.71 0.85 0.15 276 101 
n 0.79 0.26 0.61 276 93 
n 0.28 0.81 0.75 276 85 
n 0.76 0.51 0.46 268 97 
n 0.74 0.86 0.56 260 109 
n 0.19 0.3 0.22 252 101 
n 0.67 0.51 0.19 260 93 
n 0.11 0.13 0.64 260 85 
n 0.48 0.64 0.79 236 85 
n 0.19 0.63 0.84 228 85 
n 0.18 0.55 0.58 228 93 
n 0.57 0.4 0.75 236 93 
n 0.31 0.77 0.26 236 101 
n 0.23 0.28 0.49 228 101 
n 0.63 0.62 0.56 228 109 
n 0.9 0.27 0.54 228 117 
n 0.67 0.72 0.85 228 125 
n 0.69 0.36 0.54 220 125 
n 0.61 0.79 0.55 212 117 
n 0.63 0.21 0.46 204 109 
n 0.68 0.51 0.86 196 101 
n 0.49 0.19 0.51 188 93 
n 0.57 0.37 0.82 180 93 
n 0.42 0.16 0.61 180 101 
n 0.42 0.69 0.84 180 109 
n 0.75 0.76 0.88 180 117 
n 0.28 0.52 0.84 180 125 
n 0.16 0.83 0.11 196 145 
n 0.29 0.82 0.11 204 145 
n 0.48 0.26 0.46 212 145 
n 0.78 0.53 0.71 220 145 
n 0.77 0.86 0.41 228 145 
n 0.49 0.36 0.23 236 145 
n 0.16 0.59 0.41 246 141 
n 0.15 0.62 0.54 252 125 
n 0.26 0.5 0.14 260 129 
n 0.86 0.45 0.15 280 133 
