t 280 10 5
n 0.62 0.32 0.11 0.86 0.54 288 149 
n 0.59 0.62 0.67 0.7 0.42 288 129 
n 0.37 0.25 0.86 0.61 0.28 270 133 
n 0.77 0.55 0.8 0.18 0.66 256 141 
n 0.47 0.57 0.33 0.67 0.7 256 157 
n 0.55 0.49 0.9 0.5 0.36 246 157 
n 0.15 0.89 0.43 0.17 0.46 236 169 
n 0.1 0.51 0.9 0.3 0.66 228 169 
n 0.78 0.5 0.26 0.52 0.33 228 161 
n 0.12 0.39 0.5 0.58 0.81 220 169 
n 0.3 0.82 0.8 0.45 0.83 212 169 
n 0.63 0.23 0.62 0.26 0.51 204 169 
n 0.74 0.61 0.44 0.52 0.57 196 169 
n 0.36 0.31 0.21 0.65 0.73 188 169 
n 0.42 0.51 0.62 0.37 0.25 196 161 
n 0.76 0.78 0.21 0.79 0.15 188 145 
n 0.88 0.86 0.61 0.63 0.25 172 145 
n 0.33 0.22 0.83 0.74 0.44 164 145 
n 0.39 0.71 0.39 0.58 0.21 156 145 
n 0.47 0.62 0.58 0.67 0.65 148 145 
n 0.9 0.14 0.87 0.18 0.34 140 145 
n 0.31 0.75 0.77 0.41 0.14 148 169 
n 0.89 0.37 0.69 0.81 0.41 164 169 
n 0.39 0.69 0.85 0.53 0.64 172 169 
n 0.47 0.2 0.57 0.41 0.87 156 169 
n 0.41 0.85 0.41 0.66 0.25 140 169 
n 0.43 0.31 0.58 0.85 0.13 132 169 
n 0.45 0.54 0.5 0.2 0.53 124 169 
n 0.48 0.4 0.66 0.76 0.14 116 161 
n 0.68 0.65 0.67 0.24 0.33 104 153 
n 0.35 0.24 0.66 0.15 0.8 104 161 
n 0.36 0.66 0.61 0.19 0.87 104 169 
n 0.61 0.65 0.19 0.7 0.46 90 165 
n 0.88 0.3 0.45 0.3 0.17 80 157 
n 0.18 0.1 0.85 0.39 0.72 64 157 
n 0.31 0.4 0.42 0.75 0.53 64 165 
n 0.51 0.3 0.84 0.5 0.59 56 169 
n 0.18 0.27 0.74 0.74 0.9 56 161 
n 0.38 0.31 0.1 0.87 0.75 56 153 
n 0.54 0.49 0.34 0.36 0.52 56 145 
n 0.5 0.65 0.24 0.1 0.74 56 137 
n 0.69 0.22 0.48 0.43 0.62 56 129 
n 0.31 0.24 0.88 0.72 0.83 56 121 
n 0.55 0.31 0.17 0.71 0.54 40 121 
n 0.39 0.5 0.65 0.83 0.49 40 129 
n 0.11 0.24 0.42 0.4 0.74 40 137 
n 0.8 0.88 0.15 0.75 0.39 40 145 
n 0.72 0.11 0.58 0.17 0.45 40 153 
n 0.49 0.87 0.45 0.44 0.57 40 161 
n 0.7 0.43 0.5 0.59 0.78 40 169 
n 0.73 0.84 0.43 0.17 0.45 32 169 
n 0.71 0.26 0.77 0.9 0.74 32 161 
n 0.27 0.3 0.38 0.7 0.51 32 153 
n 0.45 0.66 0.5 0.47 0.29 32 145 
n 0.35 0.86 0.7 0.61 0.21 32 137 
n 0.61 0.37 0.64 0.75 0.45 32 129 
n 0.62 0.14 0.87 0.83 0.27 32 121 
n 0.18 0.2 0.35 0.13 0.76 32 113 
n 0.72 0.84 0.73 0.15 0.52 40 113 
n 0.39 0.81 0.77 0.53 0.86 56 113 
n 0.86 0.71 0.45 0.57 0.55 56 105 
n 0.37 0.38 0.19 0.5 0.46 48 99 
n 0.83 0.22 0.64 0.54 0.71 40 99 
n 0.49 0.21 0.9 0.45 0.75 32 97 
n 0.85 0.53 0.59 0.3 0.7 32 89 
n 0.21 0.74 0.43 0.71 0.6 24 89 
n 0.24 0.15 0.88 0.86 0.38 16 97 
n 0.23 0.65 0.26 0.44 0.66 16 109 
n 0.35 0.35 0.23 0.59 0.15 8 109 
n 0.41 0.51 0.52 0.52 0.43 8 97 
n 0.39 0.18 0.6 0.63 0.33 8 89 
n 0.57 0.43 0.32 0.29 0.86 8 81 
n 0.44 0.77 0.7 0.86 0.31 8 73 
n 0.42 0.3 0.33 0.58 0.27 8 65 
n 0.57 0.67 0.55 0.13 0.12 8 57 
n 0.55 0.78 0.88 0.22 0.32 16 57 
n 0.9 0.66 0.81 0.51 0.79 8 49 
n 0.89 0.22 0.67 0.5 0.17 8 41 
n 0.4 0.38 0.58 0.76 0.38 24 45 
n 0.78 0.69 0.17 0.5 0.16 32 41 
n 0.77 0.4 0.69 0.84 0.52 32 49 
n 0.24 0.47 0.17 0.3 0.46 32 57 
n 0.3 0.56 0.12 0.64 0.16 32 65 
n 0.45 0.89 0.54 0.18 0.14 32 73 
n 0.72 0.66 0.21 0.16 0.17 32 81 
n 0.22 0.7 0.22 0.48 0.24 40 83 
n 0.84 0.7 0.54 0.17 0.65 40 73 
n 0.34 0.33 0.29 0.58 0.74 40 63 
n 0.65 0.42 0.77 0.37 0.61 40 51 
n 0.7 0.78 0.3 0.32 0.11 44 43 
n 0.68 0.26 0.27 0.6 0.16 44 35 
n 0.24 0.78 0.71 0.13 0.39 44 27 
n 0.41 0.75 0.84 0.23 0.71 32 25 
n 0.74 0.45 0.54 0.57 0.56 24 25 
n 0.29 0.66 0.29 0.44 0.9 16 25 
n 0.26 0.2 0.11 0.43 0.65 16 17 
n 0.22 0.26 0.48 0.4 0.75 24 17 
n 0.62 0.24 0.31 0.88 0.38 32 17 
n 0.83 0.81 0.84 0.52 0.52 44 11 
n 0.7 0.54 0.15 0.34 0.49 56 9 
n 0.76 0.21 0.57 0.47 0.85 56 17 
n 0.84 0.54 0.34 0.23 0.36 56 25 
n 0.21 0.18 0.36 0.66 0.15 56 33 
n 0.45 0.14 0.62 0.19 0.85 56 41 
n 0.59 0.52 0.47 0.42 0.29 64 41 
n 0.25 0.76 0.19 0.31 0.88 72 41 
n 0.65 0.32 0.79 0.88 0.78 72 49 
n 0.66 0.33 0.48 0.29 0.68 56 49 
n 0.49 0.27 0.2 0.29 0.26 48 51 
n 0.49 0.26 0.59 0.15 0.63 56 57 
n 0.21 0.12 0.83 0.25 0.26 56 65 
n 0.85 0.35 0.12 0.78 0.87 48 63 
n 0.29 0.86 0.59 0.57 0.68 48 73 
n 0.24 0.65 0.71 0.19 0.35 56 73 
n 0.19 0.71 0.35 0.14 0.53 56 81 
n 0.84 0.86 0.19 0.67 0.45 48 83 
n 0.23 0.84 0.67 0.49 0.19 56 89 
n 0.29 0.18 0.31 0.32 0.16 56 97 
n 0.48 0.73 0.69 0.75 0.69 104 97 
n 0.27 0.23 0.88 0.74 0.74 104 105 
n 0.17 0.58 0.34 0.47 0.72 104 113 
n 0.22 0.6 0.55 0.76 0.21 104 121 
n 0.56 0.52 0.79 0.44 0.79 104 129 
n 0.86 0.31 0.44 0.47 0.39 104 137 
n 0.12 0.66 0.39 0.26 0.57 104 145 
n 0.66 0.3 0.8 0.64 0.47 116 145 
n 0.49 0.39 0.58 0.14 0.14 124 145 
n 0.48 0.38 0.73 0.52 0.15 132 145 
n 0.23 0.57 0.19 0.9 0.72 132 137 
n 0.34 0.65 0.66 0.54 0.53 140 137 
n 0.15 0.48 0.82 0.37 0.27 148 137 
n 0.87 0.27 0.44 0.25 0.54 156 137 
n 0.6 0.33 0.12 0.26 0.5 164 137 
n 0.63 0.43 0.63 0.52 0.83 172 125 
n 0.49 0.27 0.44 0.62 0.54 172 117 
n 0.67 0.38 0.7 0.81 0.46 172 109 
n 0.33 0.39 0.28 0.74 0.66 172 101 
n 0.77 0.73 0.58 0.71 0.46 172 93 
n 0.35 0.73 0.19 0.21 0.48 172 85 
n 0.83 0.87 0.29 0.31 0.86 180 85 
n 0.16 0.23 0.85 0.13 0.18 180 77 
n 0.78 0.36 0.82 0.43 0.26 180 69 
n 0.4 0.69 0.33 0.74 0.48 180 61 
n 0.21 0.44 0.55 0.58 0.72 180 53 
n 0.51 0.53 0.39 0.79 0.38 172 53 
n 0.86 0.75 0.37 0.61 0.75 172 61 
n 0.35 0.48 0.54 0.79 0.38 172 69 
n 0.14 0.52 0.52 0.53 0.15 172 77 
n 0.12 0.1 0.66 0.3 0.11 164 81 
n 0.81 0.66 0.12 0.43 0.32 148 85 
n 0.76 0.64 0.19 0.77 0.12 124 85 
n 0.49 0.62 0.59 0.46 0.9 124 93 
n 0.54 0.46 0.35 0.38 0.89 124 109 
n 0.76 0.12 0.52 0.38 0.14 124 125 
n 0.88 0.16 0.61 0.25 0.17 124 117 
n 0.5 0.34 0.35 0.11 0.5 124 101 
n 0.8 0.82 0.44 0.78 0.65 104 89 
n 0.83 0.64 0.54 0.45 0.47 104 81 
n 0.48 0.32 0.34 0.65 0.85 104 73 
n 0.58 0.42 0.6 0.54 0.5 104 65 
n 0.1 0.68 0.58 0.26 0.4 104 49 
n 0.57 0.48 0.6 0.13 0.14 104 41 
n 0.22 0.56 0.23 0.83 0.85 104 33 
n 0.36 0.38 0.85 0.68 0.55 104 25 
n 0.73 0.56 0.83 0.81 0.51 104 17 
n 0.81 0.3 0.6 0.67 0.22 92 9 
n 0.38 0.7 0.33 0.5 0.24 80 9 
n 0.36 0.58 0.32 0.5 0.57 72 9 
n 0.64 0.69 0.38 0.42 0.71 64 21 
n 0.23 0.22 0.12 0.83 0.45 72 25 
n 0.43 0.66 0.31 0.88 0.23 80 25 
n 0.36 0.23 0.75 0.62 0.16 80 25 
n 0.7 0.54 0.68 0.48 0.63 80 41 
n 0.32 0.54 0.84 0.53 0.85 88 49 
n 0.48 0.49 0.51 0.64 0.63 104 57 
n 0.84 0.44 0.49 0.69 0.17 124 69 
n 0.28 0.88 0.17 0.63 0.57 124 77 
n 0.89 0.54 0.45 0.53 0.3 132 81 
n 0.89 0.33 0.87 0.86 0.88 140 65 
n 0.64 0.66 0.44 0.14 0.69 132 61 
n 0.29 0.62 0.65 0.47 0.13 124 61 
n 0.11 0.54 0.8 0.31 0.39 124 53 
n 0.35 0.12 0.37 0.19 0.77 124 45 
n 0.18 0.48 0.6 0.74 0.85 124 37 
n 0.65 0.24 0.89 0.52 0.67 124 29 
n 0.86 0.23 0.1 0.52 0.11 132 21 
n 0.67 0.71 0.79 0.22 0.28 124 21 
n 0.87 0.34 0.53 0.41 0.34 120 9 
n 0.36 0.32 0.84 0.65 0.87 128 9 
n 0.2 0.44 0.64 0.67 0.26 136 9 
n 0.19 0.46 0.14 0.37 0.9 148 9 
n 0.54 0.32 0.68 0.48 0.37 162 9 
n 0.37 0.72 0.67 0.11 0.5 156 25 
n 0.86 0.39 0.41 0.23 0.63 172 21 
n 0.83 0.28 0.4 0.41 0.24 180 21 
n 0.65 0.77 0.84 0.25 0.84 180 29 
n 0.13 0.71 0.54 0.31 0.77 172 29 
n 0.68 0.26 0.7 0.76 0.32 172 37 
n 0.59 0.16 0.69 0.27 0.61 172 45 
n 0.1 0.61 0.83 0.39 0.32 180 45 
n 0.26 0.24 0.68 0.81 0.79 180 37 
n 0.11 0.18 0.47 0.16 0.69 188 41 
n 0.7 0.74 0.41 0.12 0.41 196 49 
n 0.3 0.77 0.45 0.78 0.3 204 57 
n 0.8 0.77 0.73 0.53 0.84 212 65 
n 0.13 0.76 0.29 0.7 0.15 220 73 
n 0.2 0.51 0.67 0.39 0.3 228 69 
n 0.51 0.38 0.86 0.67 0.86 228 77 
n 0.25 0.31 0.73 0.62 0.48 236 77 
n 0.77 0.47 0.77 0.76 0.31 236 69 
n 0.74 0.46 0.16 0.84 0.37 236 61 
n 0.35 0.77 0.21 0.73 0.79 228 61 
n 0.7 0.65 0.72 0.55 0.73 228 53 
n 0.86 0.71 0.77 0.5 0.86 236 53 
n 0.62 0.53 0.41 0.19 0.41 236 45 
n 0.41 0.72 0.33 0.73 0.19 228 45 
n 0.37 0.77 0.24 0.25 0.81 228 37 
n 0.88 0.24 0.77 0.1 0.5 236 37 
n 0.72 0.45 0.88 0.11 0.42 236 29 
n 0.27 0.13 0.26 0.38 0.86 228 29 
n 0.76 0.73 0.55 0.54 0.54 228 21 
n 0.26 0.38 0.32 0.26 0.19 236 21 
n 0.21 0.7 0.78 0.17 0.52 252 21 
n 0.85 0.59 0.52 0.82 0.15 260 29 
n 0.66 0.82 0.31 0.87 0.53 260 37 
n 0.35 0.19 0.59 0.46 0.41 260 45 
n 0.57 0.27 0.68 0.26 0.9 260 53 
n 0.14 0.45 0.16 0.34 0.11 260 61 
n 0.55 0.26 0.23 0.26 0.32 260 69 
n 0.76 0.29 0.45 0.42 0.5 260 77 
n 0.85 0.72 0.23 0.37 0.74 276 77 
n 0.44 0.26 0.44 0.59 0.51 276 69 
n 0.78 0.46 0.15 0.36 0.14 276 61 
n 0.17 0.4 0.5 0.71 0.14 276 53 
n 0.56 0.27 0.13 0.56 0.19 284 53 
n 0.45 0.25 0.15 0.3 0.65 284 61 
n 0.32 0.47 0.44 0.61 0.15 284 69 
n 0.82 0.85 0.53 0.37 0.51 284 77 
n 0.62 0.34 0.89 0.42 0.64 284 85 
n 0.9 0.38 0.45 0.77 0.71 284 93 
n 0.86 0.16 0.35 0.3 0.89 284 101 
n 0.89 0.35 0.9 0.16 0.62 288 109 
n 0.1 0.68 0.36 0.65 0.64 280 109 
n 0.12 0.23 0.4 0.55 0.45 276 101 
n 0.53 0.82 0.86 0.66 0.48 276 93 
n 0.12 0.34 0.78 0.63 0.38 276 85 
n 0.51 0.11 0.11 0.51 0.7 268 97 
n 0.4 0.83 0.18 0.55 0.65 260 109 
n 0.56 0.83 0.47 0.43 0.77 252 101 
n 0.47 0.34 0.82 0.81 0.52 260 93 
n 0.51 0.65 0.49 0.73 0.56 260 85 
n 0.53 0.71 0.69 0.68 0.84 236 85 
n 0.19 0.16 0.3 0.84 0.41 228 85 
n 0.18 0.87 0.43 0.51 0.77 228 93 
n 0.28 0.33 0.42 0.33 0.38 236 93 
n 0.17 0.9 0.11 0.64 0.58 236 101 
n 0.73 0.48 0.56 0.62 0.45 228 101 
n 0.81 0.65 0.15 0.55 0.43 228 109 
n 0.14 0.89 0.18 0.89 0.65 228 117 
n 0.81 0.37 0.43 0.16 0.36 228 125 
n 0.41 0.23 0.84 0.78 0.64 220 125 
n 0.47 0.18 0.87 0.19 0.33 212 117 
n 0.74 0.85 0.32 0.73 0.33 204 109 
n 0.79 0.32 0.78 0.23 0.85 196 101 
n 0.65 0.82 0.58 0.82 0.65 188 93 
n 0.17 0.41 0.55 0.43 0.15 180 93 
n 0.73 0.18 0.62 0.85 0.7 180 101 
n 0.24 0.32 0.42 0.51 0.2 180 109 
n 0.78 0.49 0.83 0.53 0.46 180 117 
n 0.47 0.34 0.3 0.84 0.5 180 125 
n 0.24 0.47 0.31 0.48 0.6 196 145 
n 0.36 0.72 0.1 0.89 0.7 204 145 
n 0.32 0.8 0.13 0.89 0.62 212 145 
n 0.28 0.12 0.65 0.23 0.59 220 145 
n 0.21 0.4 0.82 0.16 0.25 228 145 
n 0.17 0.52 0.83 0.5 0.38 236 145 
n 0.2 0.12 0.79 0.38 0.5 246 141 
n 0.39 0.26 0.33 0.41 0.47 252 125 
n 0.42 0.9 0.29 0.51 0.78 260 129 
n 0.75 0.34 0.53 0.13 0.53 280 133 
