t 280 15 4
n 0.65 0.44 0.61 0.66 288 149 
n 0.79 0.71 0.54 0.44 288 129 
n 0.15 0.76 0.9 0.54 270 133 
n 0.86 0.83 0.39 0.43 256 141 
n 0.34 0.28 0.21 0.43 256 157 
n 0.67 0.48 0.87 0.45 246 157 
n 0.7 0.51 0.68 0.7 236 169 
n 0.46 0.88 0.86 0.75 228 169 
n 0.19 0.64 0.83 0.41 228 161 
n 0.53 0.27 0.63 0.34 220 169 
n 0.52 0.3 0.75 0.89 212 169 
n 0.42 0.72 0.32 0.18 204 169 
n 0.67 0.63 0.87 0.58 196 169 
n 0.41 0.22 0.21 0.23 188 169 
n 0.54 0.43 0.56 0.27 196 161 
n 0.49 0.65 0.18 0.24 188 145 
n 0.38 0.54 0.32 0.79 172 145 
n 0.18 0.54 0.14 0.38 164 145 
n 0.35 0.53 0.85 0.15 156 145 
n 0.68 0.66 0.57 0.43 148 145 
n 0.36 0.83 0.27 0.88 140 145 
n 0.36 0.22 0.31 0.11 148 169 
n 0.11 0.73 0.36 0.72 164 169 
n 0.16 0.65 0.16 0.25 172 169 
n 0.4 0.34 0.64 0.27 156 169 
n 0.57 0.42 0.71 0.21 140 169 
n 0.27 0.72 0.28 0.81 132 169 
n 0.69 0.19 0.14 0.5 124 169 
n 0.17 0.58 0.31 0.43 116 161 
n 0.25 0.26 0.87 0.89 104 153 
n 0.27 0.31 0.82 0.52 104 161 
n 0.16 0.41 0.19 0.83 104 169 
n 0.82 0.14 0.57 0.85 90 165 
n 0.87 0.66 0.8 0.48 80 157 
n 0.23 0.72 0.61 0.89 64 157 
n 0.58 0.2 0.12 0.84 64 165 
n 0.81 0.15 0.31 0.48 56 169 
n 0.25 0.19 0.42 0.57 56 161 
n 0.21 0.84 0.3 0.31 56 153 
n 0.34 0.51 0.54 0.25 56 145 
n 0.75 0.71 0.23 0.6 56 137 
n 0.34 0.34 0.49 0.88 56 129 
n 0.45 0.77 0.48 0.86 56 121 
n 0.48 0.18 0.26 0.89 40 121 
n 0.23 0.23 0.47 0.28 40 129 
n 0.52 0.18 0.3 0.68 40 137 
n 0.45 0.51 0.2 0.87 40 145 
n 0.45 0.39 0.85 0.66 40 153 
n 0.4 0.87 0.1 0.32 40 161 
n 0.12 0.7 0.66 0.65 40 169 
n 0.86 0.34 0.56 0.32 32 169 
n 0.2 0.23 0.33 0.11 32 161 
n 0.19 0.78 0.23 0.2 32 153 
n 0.54 0.25 0.22 0.76 32 145 
n 0.37 0.76 0.64 0.51 32 137 
n 0.52 0.19 0.52 0.72 32 129 
n 0.87 0.57 0.18 0.49 32 121 
n 0.56 0.86 0.75 0.16 32 113 
n 0.22 0.11 0.7 0.89 40 113 
n 0.47 0.43 0.47 0.13 56 113 
n 0.34 0.52 0.15 0.46 56 105 
n 0.76 0.86 0.82 0.63 48 99 
n 0.67 0.56 0.43 0.21 40 99 
n 0.47 0.48 0.86 0.17 32 97 
n 0.59 0.47 0.85 0.12 32 89 
n 0.57 0.41 0.11 0.35 24 89 
n 0.26 0.6 0.33 0.7 16 97 
n 0.72 0.33 0.12 0.51 16 109 
n 0.48 0.17 0.16 0.89 8 109 
n 0.87 0.5 0.37 0.47 8 97 
n 0.86 0.2 0.52 0.13 8 89 
n 0.82 0.12 0.3 0.11 8 81 
n 0.78 0.29 0.37 0.14 8 73 
n 0.78 0.59 0.73 0.51 8 65 
n 0.64 0.25 0.85 0.88 8 57 
n 0.62 0.39 0.21 0.23 16 57 
n 0.69 0.13 0.77 0.17 8 49 
n 0.31 0.14 0.43 0.65 8 41 
n 0.43 0.37 0.49 0.74 24 45 
n 0.32 0.89 0.26 0.61 32 41 
n 0.9 0.17 0.19 0.25 32 49 
n 0.86 0.16 0.69 0.26 32 57 
n 0.89 0.11 0.48 0.55 32 65 
n 0.72 0.59 0.89 0.81 32 73 
n 0.19 0.6 0.63 0.26 32 81 
n 0.16 0.6 0.28 0.62 40 83 
n 0.7 0.11 0.66 0.83 40 73 
n 0.64 0.3 0.41 0.13 40 63 
n 0.18 0.5 0.59 0.35 40 51 
n 0.46 0.71 0.5 0.76 44 43 
n 0.85 0.64 0.38 0.9 44 35 
n 0.75 0.86 0.76 0.26 44 27 
n 0.79 0.66 0.68 0.88 32 25 
n 0.41 0.75 0.67 0.83 24 25 
n 0.26 0.75 0.51 0.86 16 25 
n 0.76 0.13 0.8 0.64 16 17 
n 0.18 0.81 0.82 0.83 24 17 
n 0.59 0.6 0.56 0.36 32 17 
n 0.33 0.25 0.77 0.87 44 11 
n 0.36 0.79 0.4 0.77 56 9 
n 0.74 0.77 0.76 0.28 56 17 
n 0.11 0.31 0.2 0.19 56 25 
n 0.33 0.78 0.32 0.36 56 33 
n 0.85 0.85 0.54 0.25 56 41 
n 0.75 0.19 0.33 0.46 64 41 
n 0.32 0.44 0.16 0.68 72 41 
n 0.77 0.31 0.68 0.42 72 49 
n 0.89 0.51 0.53 0.43 56 49 
n 0.59 0.12 0.35 0.63 48 51 
n 0.48 0.8 0.83 0.2 56 57 
n 0.52 0.71 0.81 0.13 56 65 
n 0.71 0.81 0.2 0.46 48 63 
n 0.12 0.24 0.81 0.2 48 73 
n 0.41 0.27 0.42 0.43 56 73 
n 0.51 0.13 0.79 0.73 56 81 
n 0.17 0.25 0.71 0.19 48 83 
n 0.87 0.62 0.32 0.74 56 89 
n 0.19 0.12 0.34 0.3 56 97 
n 0.23 0.65 0.61 0.58 104 97 
n 0.8 0.6 0.59 0.76 104 105 
n 0.21 0.19 0.45 0.76 104 113 
n 0.46 0.45 0.38 0.89 104 121 
n 0.34 0.28 0.16 0.68 104 129 
n 0.76 0.61 0.49 0.21 104 137 
n 0.87 0.71 0.71 0.58 104 145 
n 0.19 0.22 0.3 0.72 116 145 
n 0.76 0.52 0.72 0.85 124 145 
n 0.79 0.2 0.81 0.22 132 145 
n 0.26 0.61 0.62 0.49 132 137 
n 0.31 0.37 0.62 0.54 140 137 
n 0.87 0.23 0.73 0.25 148 137 
n 0.68 0.36 0.76 0.21 156 137 
n 0.62 0.33 0.48 0.49 164 137 
n 0.78 0.49 0.68 0.11 172 125 
n 0.65 0.46 0.29 0.66 172 117 
n 0.44 0.72 0.33 0.71 172 109 
n 0.69 0.88 0.3 0.63 172 101 
n 0.21 0.83 0.56 0.23 172 93 
n 0.53 0.84 0.56 0.17 172 85 
n 0.62 0.17 0.24 0.13 180 85 
n 0.64 0.82 0.49 0.13 180 77 
n 0.48 0.34 0.32 0.87 180 69 
n 0.69 0.47 0.36 0.35 180 61 
n 0.62 0.47 0.87 0.73 180 53 
n 0.51 0.23 0.76 0.44 172 53 
n 0.56 0.5 0.3 0.63 172 61 
n 0.57 0.89 0.63 0.5 172 69 
n 0.28 0.5 0.89 0.19 172 77 
n 0.55 0.81 0.3 0.38 164 81 
n 0.72 0.8 0.11 0.43 148 85 
n 0.46 0.45 0.74 0.6 124 85 
n 0.12 0.75 0.52 0.9 124 93 
n 0.81 0.13 0.12 0.13 124 109 
n 0.1 0.16 0.57 0.76 124 125 
n 0.27 0.9 0.64 0.23 124 117 
n 0.78 0.62 0.4 0.76 124 101 
n 0.25 0.65 0.57 0.6 104 89 
n 0.9 0.51 0.57 0.18 104 81 
n 0.79 0.37 0.22 0.75 104 73 
n 0.5 0.56 0.79 0.23 104 65 
n 0.33 0.31 0.42 0.81 104 49 
n 0.63 0.46 0.81 0.16 104 41 
n 0.43 0.23 0.76 0.86 104 33 
n 0.37 0.24 0.45 0.7 104 25 
n 0.26 0.3 0.48 0.82 104 17 
n 0.49 0.31 0.15 0.8 92 9 
n 0.55 0.12 0.61 0.78 80 9 
n 0.41 0.58 0.1 0.76 72 9 
n 0.34 0.45 0.2 0.7 64 21 
n 0.39 0.47 0.48 0.57 72 25 
n 0.27 0.49 0.19 0.27 80 25 
n 0.25 0.41 0.64 0.49 80 25 
n 0.53 0.89 0.85 0.5 80 41 
n 0.42 0.56 0.73 0.53 88 49 
n 0.2 0.44 0.31 0.6 104 57 
n 0.43 0.48 0.36 0.72 124 69 
n 0.13 0.86 0.27 0.32 124 77 
n 0.68 0.71 0.1 0.34 132 81 
n 0.13 0.27 0.66 0.88 140 65 
n 0.64 0.48 0.44 0.29 132 61 
n 0.45 0.49 0.13 0.47 124 61 
n 0.39 0.47 0.52 0.8 124 53 
n 0.62 0.75 0.25 0.8 124 45 
n 0.66 0.31 0.89 0.26 124 37 
n 0.21 0.12 0.51 0.59 124 29 
n 0.7 0.54 0.71 0.46 132 21 
n 0.41 0.21 0.79 0.24 124 21 
n 0.61 0.68 0.7 0.38 120 9 
n 0.65 0.71 0.7 0.3 128 9 
n 0.51 0.42 0.74 0.89 136 9 
n 0.83 0.71 0.84 0.45 148 9 
n 0.45 0.45 0.27 0.73 162 9 
n 0.33 0.76 0.81 0.58 156 25 
n 0.82 0.49 0.77 0.36 172 21 
n 0.25 0.9 0.33 0.88 180 21 
n 0.85 0.84 0.58 0.6 180 29 
n 0.46 0.14 0.17 0.65 172 29 
n 0.24 0.54 0.2 0.62 172 37 
n 0.49 0.63 0.12 0.23 172 45 
n 0.7 0.77 0.48 0.83 180 45 
n 0.18 0.4 0.52 0.56 180 37 
n 0.18 0.14 0.1 0.71 188 41 
n 0.69 0.82 0.26 0.58 196 49 
n 0.44 0.59 0.83 0.54 204 57 
n 0.47 0.24 0.88 0.85 212 65 
n 0.27 0.17 0.21 0.8 220 73 
n 0.68 0.53 0.73 0.51 228 69 
n 0.82 0.45 0.35 0.22 228 77 
n 0.8 0.54 0.24 0.87 236 77 
n 0.14 0.9 0.85 0.87 236 69 
n 0.72 0.18 0.9 0.3 236 61 
n 0.56 0.52 0.21 0.61 228 61 
n 0.41 0.23 0.52 0.38 228 53 
n 0.54 0.3 0.84 0.41 236 53 
n 0.64 0.55 0.18 0.19 236 45 
n 0.14 0.28 0.88 0.84 228 45 
n 0.78 0.46 0.67 0.39 228 37 
n 0.2 0.39 0.15 0.38 236 37 
n 0.84 0.16 0.47 0.15 236 29 
n 0.17 0.72 0.54 0.56 228 29 
n 0.34 0.3 0.77 0.56 228 21 
n 0.74 0.7 0.13 0.64 236 21 
n 0.25 0.43 0.76 0.46 252 21 
n 0.21 0.45 0.86 0.9 260 29 
n 0.43 0.4 0.67 0.36 260 37 
n 0.53 0.4 0.9 0.21 260 45 
n 0.69 0.64 0.65 0.54 260 53 
n 0.27 0.84 0.47 0.2 260 61 
n 0.19 0.76 0.78 0.39 260 69 
n 0.34 0.9 0.35 0.49 260 77 
n 0.81 0.68 0.85 0.42 276 77 
n 0.61 0.12 0.52 0.81 276 69 
n 0.56 0.16 0.49 0.8 276 61 
n 0.29 0.3 0.5 0.28 276 53 
n 0.6 0.84 0.38 0.19 284 53 
n 0.24 0.2 0.43 0.49 284 61 
n 0.21 0.57 0.62 0.81 284 69 
n 0.16 0.69 0.84 0.3 284 77 
n 0.4 0.68 0.48 0.66 284 85 
n 0.14 0.47 0.66 0.79 284 93 
n 0.69 0.88 0.41 0.73 284 101 
n 0.52 0.64 0.59 0.2 288 109 
n 0.14 0.41 0.57 0.47 280 109 
n 0.42 0.52 0.17 0.16 276 101 
n 0.17 0.24 0.57 0.47 276 93 
n 0.3 0.72 0.64 0.79 276 85 
n 0.39 0.1 0.22 0.78 268 97 
n 0.23 0.7 0.55 0.74 260 109 
n 0.62 0.6 0.17 0.77 252 101 
n 0.6 0.14 0.81 0.61 260 93 
n 0.39 0.45 0.7 0.34 260 85 
n 0.51 0.78 0.45 0.82 236 85 
n 0.68 0.84 0.57 0.75 228 85 
n 0.59 0.48 0.75 0.73 228 93 
n 0.25 0.77 0.82 0.16 236 93 
n 0.39 0.33 0.18 0.72 236 101 
n 0.83 0.33 0.43 0.64 228 101 
n 0.78 0.81 0.36 0.76 228 109 
n 0.78 0.36 0.75 0.76 228 117 
n 0.28 0.62 0.19 0.22 228 125 
n 0.25 0.65 0.24 0.89 220 125 
n 0.72 0.2 0.87 0.73 212 117 
n 0.5 0.52 0.46 0.35 204 109 
n 0.12 0.55 0.12 0.88 196 101 
n 0.64 0.59 0.27 0.12 188 93 
n 0.48 0.8 0.15 0.75 180 93 
n 0.28 0.24 0.64 0.27 180 101 
n 0.78 0.71 0.38 0.27 180 109 
n 0.26 0.84 0.4 0.66 180 117 
n 0.61 0.72 0.77 0.14 180 125 
n 0.21 0.57 0.66 0.46 196 145 
n 0.66 0.29 0.7 0.19 204 145 
n 0.22 0.24 0.51 0.84 212 145 
n 0.34 0.63 0.55 0.24 220 145 
n 0.25 0.46 0.88 0.72 228 145 
n 0.88 0.59 0.56 0.46 236 145 
n 0.36 0.5 0.12 0.29 246 141 
n 0.86 0.73 0.34 0.74 252 125 
n 0.44 0.82 0.57 0.37 260 129 
n 0.81 0.42 0.89 0.15 280 133 
