t 127 15 5
n 0.36 0.52 0.4 0.15 0.87 9860 14152 
n 0.58 0.31 0.13 0.52 0.72 9396 14616 
n 0.25 0.78 0.85 0.84 0.72 11252 14848 
n 0.58 0.14 0.59 0.41 0.46 11020 13456 
n 0.66 0.42 0.61 0.24 0.87 9512 15776 
n 0.74 0.77 0.71 0.68 0.86 10788 13804 
n 0.74 0.25 0.6 0.84 0.39 10208 14384 
n 0.31 0.78 0.16 0.16 0.24 11600 13456 
n 0.58 0.34 0.23 0.71 0.27 11252 14036 
n 0.1 0.39 0.81 0.28 0.29 10672 15080 
n 0.64 0.33 0.39 0.86 0.59 11136 14152 
n 0.86 0.65 0.84 0.69 0.33 9860 13108 
n 0.88 0.14 0.59 0.47 0.78 10092 14964 
n 0.75 0.68 0.42 0.21 0.43 9512 13340 
n 0.69 0.51 0.75 0.22 0.15 10556 13688 
n 0.43 0.32 0.76 0.44 0.72 9628 14036 
n 0.73 0.29 0.21 0.81 0.32 10904 13108 
n 0.47 0.83 0.14 0.68 0.9 11368 12644 
n 0.21 0.2 0.69 0.2 0.85 11252 13340 
n 0.78 0.62 0.59 0.55 0.14 10672 13340 
n 0.37 0.55 0.56 0.58 0.65 11020 13108 
n 0.4 0.43 0.73 0.62 0.13 11020 13340 
n 0.8 0.58 0.76 0.58 0.58 11136 13572 
n 0.73 0.57 0.73 0.25 0.74 11020 13688 
n 0.17 0.47 0.42 0.55 0.53 8468 11136 
n 0.84 0.42 0.59 0.84 0.32 8932 12064 
n 0.72 0.9 0.39 0.54 0.17 9512 12412 
n 0.2 0.31 0.56 0.7 0.77 7772 11020 
n 0.59 0.21 0.78 0.76 0.21 8352 10672 
n 0.19 0.77 0.71 0.39 0.78 9164 12876 
n 0.53 0.53 0.3 0.13 0.37 9744 12528 
n 0.17 0.4 0.62 0.71 0.33 8352 10324 
n 0.74 0.3 0.12 0.15 0.72 8236 11020 
n 0.44 0.56 0.76 0.7 0.68 8468 12876 
n 0.52 0.37 0.6 0.61 0.17 8700 14036 
n 0.36 0.26 0.4 0.57 0.74 8932 13688 
n 0.62 0.85 0.42 0.33 0.65 9048 13804 
n 0.28 0.44 0.1 0.26 0.59 8468 12296 
n 0.28 0.26 0.26 0.26 0.45 8352 12644 
n 0.8 0.63 0.84 0.75 0.44 8236 13572 
n 0.3 0.89 0.43 0.36 0.13 9164 13340 
n 0.88 0.8 0.31 0.76 0.66 8004 12760 
n 0.38 0.71 0.35 0.2 0.41 8584 13108 
n 0.26 0.56 0.83 0.72 0.69 7772 14732 
n 0.55 0.79 0.59 0.51 0.23 7540 15080 
n 0.45 0.81 0.86 0.42 0.72 7424 17516 
n 0.87 0.41 0.69 0.51 0.23 8352 17052 
n 0.41 0.17 0.71 0.37 0.24 7540 16820 
n 0.54 0.58 0.36 0.12 0.27 7888 17168 
n 0.17 0.76 0.12 0.3 0.68 9744 15196 
n 0.11 0.5 0.72 0.53 0.33 9164 14964 
n 0.8 0.83 0.46 0.66 0.32 9744 16240 
n 0.75 0.45 0.67 0.81 0.13 7888 16936 
n 0.41 0.5 0.38 0.16 0.65 8236 15428 
n 0.58 0.24 0.38 0.79 0.16 9512 17400 
n 0.4 0.83 0.84 0.43 0.72 9164 16008 
n 0.18 0.26 0.54 0.75 0.24 8700 15312 
n 0.37 0.14 0.27 0.7 0.19 11716 16008 
n 0.79 0.82 0.18 0.89 0.34 12992 14964 
n 0.8 0.84 0.31 0.69 0.85 12412 14964 
n 0.6 0.63 0.84 0.87 0.23 12296 15312 
n 0.44 0.56 0.74 0.44 0.17 12528 15196 
n 0.54 0.13 0.32 0.11 0.3 15312 6612 
n 0.15 0.65 0.32 0.48 0.55 11716 16124 
n 0.8 0.79 0.78 0.6 0.77 11600 19720 
n 0.62 0.39 0.54 0.22 0.1 10324 17516 
n 0.37 0.72 0.87 0.61 0.55 12412 13340 
n 0.33 0.46 0.28 0.76 0.35 12876 12180 
n 0.76 0.4 0.62 0.38 0.83 13688 10904 
n 0.61 0.21 0.38 0.58 0.76 13688 11716 
n 0.62 0.71 0.88 0.39 0.78 13688 12528 
n 0.33 0.71 0.55 0.51 0.48 11484 13224 
n 0.52 0.25 0.88 0.62 0.75 12296 12760 
n 0.71 0.84 0.19 0.4 0.85 12064 12528 
n 0.34 0.4 0.24 0.89 0.22 12644 10556 
n 0.88 0.43 0.27 0.23 0.38 11832 11252 
n 0.32 0.87 0.82 0.35 0.62 11368 12296 
n 0.18 0.52 0.67 0.43 0.11 11136 11020 
n 0.24 0.65 0.15 0.21 0.16 10556 11948 
n 0.56 0.33 0.8 0.83 0.42 10324 11716 
n 0.72 0.8 0.16 0.74 0.32 11484 9512 
n 0.47 0.29 0.53 0.52 0.83 11484 7540 
n 0.3 0.77 0.66 0.36 0.14 11020 7424 
n 0.79 0.6 0.49 0.44 0.26 11484 9744 
n 0.5 0.59 0.86 0.34 0.45 16936 12180 
n 0.79 0.65 0.77 0.31 0.59 17052 12064 
n 0.37 0.71 0.25 0.21 0.17 16936 11832 
n 0.52 0.25 0.15 0.19 0.1 17052 11600 
n 0.57 0.87 0.54 0.56 0.62 13804 18792 
n 0.18 0.23 0.83 0.17 0.73 12064 14964 
n 0.41 0.88 0.34 0.22 0.84 12180 15544 
n 0.22 0.23 0.15 0.64 0.24 14152 18908 
n 0.74 0.79 0.31 0.13 0.53 5104 14616 
n 0.48 0.81 0.23 0.3 0.23 6496 17168 
n 0.74 0.52 0.81 0.62 0.33 5684 13224 
n 0.2 0.47 0.69 0.6 0.22 15660 10788 
n 0.45 0.4 0.26 0.23 0.5 5336 10324 
n 0.2 0.85 0.67 0.72 0.84 812 6264 
n 0.81 0.44 0.86 0.53 0.15 14384 20184 
n 0.18 0.62 0.61 0.32 0.25 11252 15776 
n 0.55 0.57 0.32 0.84 0.79 9744 3132 
n 0.24 0.82 0.23 0.1 0.19 10904 3480 
n 0.9 0.55 0.51 0.24 0.56 7308 14848 
n 0.77 0.65 0.2 0.67 0.56 16472 16472 
n 0.53 0.76 0.49 0.44 0.67 10440 14036 
n 0.79 0.3 0.19 0.72 0.31 10672 13804 
n 0.58 0.73 0.19 0.86 0.4 1160 18560 
n 0.14 0.86 0.26 0.13 0.25 10788 13572 
n 0.69 0.49 0.49 0.67 0.24 15660 11368 
n 0.34 0.63 0.77 0.57 0.4 15544 12760 
n 0.72 0.42 0.89 0.85 0.4 5336 18908 
n 0.11 0.58 0.8 0.77 0.18 6264 19140 
n 0.19 0.39 0.68 0.26 0.13 11832 17516 
n 0.48 0.59 0.42 0.4 0.7 10672 14152 
n 0.79 0.52 0.32 0.74 0.65 10208 15196 
n 0.26 0.64 0.22 0.41 0.3 12180 14848 
n 0.13 0.27 0.65 0.64 0.61 11020 10208 
n 0.42 0.33 0.17 0.38 0.27 7656 17052 
n 0.57 0.36 0.51 0.43 0.26 16240 8352 
n 0.24 0.76 0.78 0.63 0.11 10440 14732 
n 0.28 0.15 0.29 0.48 0.46 9164 15544 
n 0.78 0.79 0.72 0.11 0.23 8004 11020 
n 0.43 0.88 0.38 0.39 0.89 5684 11948 
n 0.32 0.4 0.19 0.28 0.86 9512 16472 
n 0.18 0.2 0.8 0.64 0.81 13688 17516 
n 0.73 0.27 0.21 0.84 0.45 11484 8468 
n 0.64 0.88 0.61 0.73 0.55 3248 14152 
