t 127 15 4
n 0.46 0.83 0.31 0.23 9860 14152 
n 0.42 0.65 0.83 0.4 9396 14616 
n 0.24 0.71 0.14 0.82 11252 14848 
n 0.68 0.4 0.53 0.44 11020 13456 
n 0.75 0.11 0.54 0.5 9512 15776 
n 0.36 0.88 0.55 0.85 10788 13804 
n 0.66 0.32 0.78 0.15 10208 14384 
n 0.28 0.43 0.74 0.33 11600 13456 
n 0.86 0.43 0.71 0.25 11252 14036 
n 0.82 0.29 0.79 0.29 10672 15080 
n 0.12 0.84 0.29 0.87 11136 14152 
n 0.33 0.27 0.83 0.84 9860 13108 
n 0.11 0.42 0.66 0.66 10092 14964 
n 0.86 0.64 0.71 0.31 9512 13340 
n 0.69 0.28 0.65 0.27 10556 13688 
n 0.78 0.7 0.7 0.35 9628 14036 
n 0.7 0.6 0.11 0.41 10904 13108 
n 0.12 0.1 0.29 0.77 11368 12644 
n 0.8 0.65 0.66 0.54 11252 13340 
n 0.34 0.71 0.52 0.72 10672 13340 
n 0.15 0.54 0.27 0.13 11020 13108 
n 0.43 0.11 0.16 0.5 11020 13340 
n 0.76 0.1 0.89 0.23 11136 13572 
n 0.17 0.3 0.11 0.79 11020 13688 
n 0.47 0.27 0.5 0.59 8468 11136 
n 0.72 0.17 0.48 0.87 8932 12064 
n 0.43 0.18 0.63 0.48 9512 12412 
n 0.89 0.41 0.42 0.82 7772 11020 
n 0.89 0.73 0.81 0.26 8352 10672 
n 0.74 0.67 0.75 0.59 9164 12876 
n 0.56 0.78 0.13 0.45 9744 12528 
n 0.88 0.82 0.6 0.87 8352 10324 
n 0.15 0.41 0.69 0.76 8236 11020 
n 0.68 0.33 0.63 0.72 8468 12876 
n 0.54 0.14 0.61 0.9 8700 14036 
n 0.11 0.25 0.58 0.1 8932 13688 
n 0.6 0.28 0.55 0.37 9048 13804 
n 0.52 0.42 0.67 0.16 8468 12296 
n 0.21 0.41 0.86 0.75 8352 12644 
n 0.27 0.73 0.56 0.81 8236 13572 
n 0.24 0.57 0.41 0.53 9164 13340 
n 0.49 0.34 0.69 0.55 8004 12760 
n 0.53 0.35 0.5 0.11 8584 13108 
n 0.81 0.54 0.62 0.5 7772 14732 
n 0.25 0.25 0.87 0.21 7540 15080 
n 0.7 0.32 0.41 0.12 7424 17516 
n 0.71 0.82 0.7 0.55 8352 17052 
n 0.18 0.49 0.39 0.57 7540 16820 
n 0.87 0.1 0.73 0.51 7888 17168 
n 0.9 0.6 0.22 0.83 9744 15196 
n 0.56 0.31 0.59 0.55 9164 14964 
n 0.84 0.7 0.46 0.16 9744 16240 
n 0.12 0.24 0.73 0.85 7888 16936 
n 0.85 0.44 0.45 0.18 8236 15428 
n 0.73 0.2 0.76 0.47 9512 17400 
n 0.7 0.8 0.83 0.35 9164 16008 
n 0.5 0.78 0.5 0.6 8700 15312 
n 0.39 0.26 0.38 0.66 11716 16008 
n 0.44 0.55 0.38 0.81 12992 14964 
n 0.85 0.77 0.74 0.18 12412 14964 
n 0.82 0.88 0.87 0.87 12296 15312 
n 0.51 0.48 0.54 0.29 12528 15196 
n 0.47 0.87 0.19 0.71 15312 6612 
n 0.23 0.15 0.61 0.62 11716 16124 
n 0.68 0.79 0.35 0.82 11600 19720 
n 0.72 0.71 0.42 0.46 10324 17516 
n 0.33 0.61 0.21 0.64 12412 13340 
n 0.66 0.52 0.77 0.31 12876 12180 
n 0.48 0.43 0.51 0.72 13688 10904 
n 0.32 0.84 0.85 0.88 13688 11716 
n 0.38 0.29 0.27 0.73 13688 12528 
n 0.61 0.41 0.62 0.59 11484 13224 
n 0.77 0.41 0.54 0.24 12296 12760 
n 0.71 0.19 0.84 0.27 12064 12528 
n 0.18 0.77 0.19 0.52 12644 10556 
n 0.4 0.46 0.3 0.56 11832 11252 
n 0.14 0.58 0.11 0.51 11368 12296 
n 0.8 0.19 0.39 0.57 11136 11020 
n 0.7 0.62 0.45 0.45 10556 11948 
n 0.44 0.66 0.68 0.7 10324 11716 
n 0.37 0.53 0.49 0.48 11484 9512 
n 0.34 0.49 0.86 0.38 11484 7540 
n 0.11 0.8 0.41 0.86 11020 7424 
n 0.76 0.49 0.21 0.24 11484 9744 
n 0.6 0.16 0.33 0.16 16936 12180 
n 0.23 0.68 0.72 0.89 17052 12064 
n 0.5 0.34 0.73 0.32 16936 11832 
n 0.12 0.72 0.83 0.3 17052 11600 
n 0.9 0.14 0.16 0.76 13804 18792 
n 0.86 0.46 0.28 0.21 12064 14964 
n 0.88 0.71 0.72 0.62 12180 15544 
n 0.65 0.52 0.21 0.16 14152 18908 
n 0.27 0.69 0.2 0.7 5104 14616 
n 0.85 0.58 0.18 0.15 6496 17168 
n 0.27 0.64 0.31 0.16 5684 13224 
n 0.65 0.23 0.82 0.42 15660 10788 
n 0.13 0.83 0.13 0.37 5336 10324 
n 0.36 0.47 0.5 0.3 812 6264 
n 0.39 0.45 0.5 0.3 14384 20184 
n 0.71 0.13 0.83 0.41 11252 15776 
n 0.65 0.72 0.78 0.29 9744 3132 
n 0.63 0.85 0.52 0.51 10904 3480 
n 0.74 0.24 0.49 0.4 7308 14848 
n 0.73 0.16 0.76 0.1 16472 16472 
n 0.86 0.47 0.34 0.49 10440 14036 
n 0.49 0.53 0.33 0.55 10672 13804 
n 0.23 0.42 0.11 0.67 1160 18560 
n 0.41 0.35 0.58 0.12 10788 13572 
n 0.22 0.5 0.14 0.26 15660 11368 
n 0.31 0.25 0.68 0.2 15544 12760 
n 0.64 0.44 0.44 0.11 5336 18908 
n 0.44 0.76 0.44 0.21 6264 19140 
n 0.21 0.19 0.66 0.7 11832 17516 
n 0.42 0.67 0.22 0.78 10672 14152 
n 0.5 0.87 0.22 0.57 10208 15196 
n 0.62 0.4 0.51 0.59 12180 14848 
n 0.11 0.8 0.87 0.49 11020 10208 
n 0.69 0.76 0.28 0.28 7656 17052 
n 0.61 0.39 0.64 0.56 16240 8352 
n 0.89 0.4 0.62 0.13 10440 14732 
n 0.29 0.52 0.59 0.65 9164 15544 
n 0.26 0.52 0.63 0.42 8004 11020 
n 0.87 0.36 0.64 0.39 5684 11948 
n 0.11 0.54 0.55 0.66 9512 16472 
n 0.52 0.33 0.72 0.29 13688 17516 
n 0.8 0.64 0.42 0.45 11484 8468 
n 0.46 0.16 0.31 0.86 3248 14152 
