t 127 10 3
n 0.1 0.28 0.11 9860 14152 
n 0.52 0.46 0.56 9396 14616 
n 0.44 0.62 0.43 11252 14848 
n 0.22 0.84 0.82 11020 13456 
n 0.25 0.48 0.79 9512 15776 
n 0.46 0.77 0.83 10788 13804 
n 0.75 0.16 0.67 10208 14384 
n 0.58 0.88 0.41 11600 13456 
n 0.57 0.17 0.74 11252 14036 
n 0.17 0.6 0.31 10672 15080 
n 0.51 0.14 0.27 11136 14152 
n 0.52 0.37 0.73 9860 13108 
n 0.17 0.57 0.8 10092 14964 
n 0.82 0.84 0.15 9512 13340 
n 0.39 0.18 0.54 10556 13688 
n 0.36 0.46 0.6 9628 14036 
n 0.2 0.62 0.25 10904 13108 
n 0.38 0.68 0.17 11368 12644 
n 0.24 0.34 0.84 11252 13340 
n 0.39 0.39 0.89 10672 13340 
n 0.44 0.31 0.12 11020 13108 
n 0.78 0.76 0.26 11020 13340 
n 0.74 0.65 0.25 11136 13572 
n 0.18 0.66 0.74 11020 13688 
n 0.51 0.7 0.53 8468 11136 
n 0.39 0.27 0.55 8932 12064 
n 0.59 0.61 0.25 9512 12412 
n 0.7 0.41 0.71 7772 11020 
n 0.78 0.6 0.12 8352 10672 
n 0.87 0.26 0.69 9164 12876 
n 0.38 0.48 0.75 9744 12528 
n 0.28 0.36 0.48 8352 10324 
n 0.41 0.35 0.81 8236 11020 
n 0.49 0.22 0.78 8468 12876 
n 0.74 0.62 0.18 8700 14036 
n 0.87 0.55 0.73 8932 13688 
n 0.54 0.42 0.66 9048 13804 
n 0.75 0.72 0.32 8468 12296 
n 0.47 0.35 0.54 8352 12644 
n 0.9 0.17 0.55 8236 13572 
n 0.1 0.3 0.6 9164 13340 
n 0.56 0.39 0.36 8004 12760 
n 0.5 0.74 0.8 8584 13108 
n 0.15 0.73 0.83 7772 14732 
n 0.53 0.54 0.2 7540 15080 
n 0.78 0.84 0.58 7424 17516 
n 0.41 0.56 0.5 8352 17052 
n 0.41 0.88 0.56 7540 16820 
n 0.21 0.5 0.48 7888 17168 
n 0.39 0.69 0.67 9744 15196 
n 0.2 0.84 0.63 9164 14964 
n 0.86 0.69 0.8 9744 16240 
n 0.64 0.8 0.77 7888 16936 
n 0.21 0.87 0.72 8236 15428 
n 0.12 0.64 0.82 9512 17400 
n 0.18 0.58 0.57 9164 16008 
n 0.11 0.33 0.59 8700 15312 
n 0.23 0.8 0.21 11716 16008 
n 0.69 0.82 0.31 12992 14964 
n 0.79 0.75 0.5 12412 14964 
n 0.4 0.19 0.88 12296 15312 
n 0.26 0.41 0.53 12528 15196 
n 0.15 0.53 0.27 15312 6612 
n 0.48 0.63 0.38 11716 16124 
n 0.63 0.19 0.68 11600 19720 
n 0.57 0.41 0.36 10324 17516 
n 0.8 0.49 0.52 12412 13340 
n 0.4 0.62 0.73 12876 12180 
n 0.81 0.61 0.33 13688 10904 
n 0.26 0.19 0.8 13688 11716 
n 0.61 0.29 0.68 13688 12528 
n 0.85 0.34 0.59 11484 13224 
n 0.83 0.14 0.46 12296 12760 
n 0.82 0.59 0.46 12064 12528 
n 0.35 0.41 0.74 12644 10556 
n 0.56 0.42 0.32 11832 11252 
n 0.48 0.85 0.8 11368 12296 
n 0.89 0.61 0.89 11136 11020 
n 0.62 0.54 0.78 10556 11948 
n 0.32 0.82 0.3 10324 11716 
n 0.83 0.87 0.34 11484 9512 
n 0.76 0.48 0.6 11484 7540 
n 0.23 0.31 0.17 11020 7424 
n 0.73 0.34 0.83 11484 9744 
n 0.18 0.19 0.3 16936 12180 
n 0.41 0.47 0.26 17052 12064 
n 0.72 0.86 0.3 16936 11832 
n 0.49 0.3 0.37 17052 11600 
n 0.55 0.67 0.36 13804 18792 
n 0.83 0.11 0.19 12064 14964 
n 0.31 0.67 0.72 12180 15544 
n 0.14 0.27 0.17 14152 18908 
n 0.2 0.17 0.38 5104 14616 
n 0.37 0.42 0.27 6496 17168 
n 0.67 0.57 0.53 5684 13224 
n 0.85 0.89 0.72 15660 10788 
n 0.74 0.85 0.32 5336 10324 
n 0.84 0.51 0.9 812 6264 
n 0.3 0.73 0.76 14384 20184 
n 0.17 0.87 0.36 11252 15776 
n 0.59 0.89 0.7 9744 3132 
n 0.76 0.32 0.29 10904 3480 
n 0.58 0.82 0.47 7308 14848 
n 0.74 0.17 0.75 16472 16472 
n 0.88 0.73 0.9 10440 14036 
n 0.64 0.49 0.89 10672 13804 
n 0.27 0.34 0.44 1160 18560 
n 0.41 0.75 0.82 10788 13572 
n 0.34 0.38 0.31 15660 11368 
n 0.2 0.52 0.35 15544 12760 
n 0.4 0.28 0.66 5336 18908 
n 0.19 0.76 0.56 6264 19140 
n 0.77 0.63 0.86 11832 17516 
n 0.12 0.58 0.86 10672 14152 
n 0.27 0.22 0.8 10208 15196 
n 0.25 0.3 0.14 12180 14848 
n 0.26 0.57 0.48 11020 10208 
n 0.69 0.19 0.62 7656 17052 
n 0.17 0.26 0.39 16240 8352 
n 0.56 0.52 0.85 10440 14732 
n 0.42 0.16 0.77 9164 15544 
n 0.53 0.62 0.58 8004 11020 
n 0.79 0.56 0.18 5684 11948 
n 0.56 0.62 0.22 9512 16472 
n 0.85 0.25 0.63 13688 17516 
n 0.11 0.29 0.31 11484 8468 
n 0.45 0.34 0.18 3248 14152 
