t 130 10 3
n 0.44 0.62 0.43 335 162 
n 0.22 0.84 0.82 398 263 
n 0.25 0.48 0.79 504 173 
n 0.46 0.77 0.83 444 385 
n 0.75 0.16 0.67 312 2 
n 0.58 0.88 0.41 663 549 
n 0.57 0.17 0.74 40 187 
n 0.17 0.6 0.31 527 216 
n 0.51 0.14 0.27 209 691 
n 0.52 0.37 0.73 683 414 
n 0.17 0.57 0.8 281 6 
n 0.82 0.84 0.15 253 536 
n 0.39 0.18 0.54 699 348 
n 0.36 0.46 0.6 679 411 
n 0.2 0.62 0.25 220 409 
n 0.38 0.68 0.17 355 76 
n 0.24 0.34 0.84 297 313 
n 0.39 0.39 0.89 505 241 
n 0.44 0.31 0.12 224 358 
n 0.78 0.76 0.26 471 310 
n 0.74 0.65 0.25 554 279 
n 0.18 0.66 0.74 568 353 
n 0.51 0.7 0.53 599 361 
n 0.39 0.27 0.55 241 431 
n 0.59 0.61 0.25 32 346 
n 0.7 0.41 0.71 91 149 
n 0.78 0.6 0.12 248 344 
n 0.87 0.26 0.69 489 4 
n 0.38 0.48 0.75 206 438 
n 0.28 0.36 0.48 576 142 
n 0.41 0.35 0.81 283 329 
n 0.49 0.22 0.78 28 425 
n 0.74 0.62 0.18 569 287 
n 0.87 0.55 0.73 269 296 
n 0.54 0.42 0.66 418 341 
n 0.75 0.72 0.32 32 449 
n 0.47 0.35 0.54 561 357 
n 0.9 0.17 0.55 343 492 
n 0.1 0.3 0.6 400 157 
n 0.56 0.39 0.36 572 376 
n 0.5 0.74 0.8 371 152 
n 0.15 0.73 0.83 510 436 
n 0.53 0.54 0.2 177 296 
n 0.78 0.84 0.58 526 409 
n 0.41 0.56 0.5 317 66 
n 0.41 0.88 0.56 469 282 
n 0.21 0.5 0.48 573 373 
n 0.39 0.69 0.67 30 330 
n 0.2 0.84 0.63 454 537 
n 0.86 0.69 0.8 416 228 
n 0.64 0.8 0.77 535 471 
n 0.21 0.87 0.72 265 685 
n 0.12 0.64 0.82 478 510 
n 0.18 0.58 0.57 370 333 
n 0.11 0.33 0.59 598 447 
n 0.23 0.8 0.21 201 649 
n 0.69 0.82 0.31 194 680 
n 0.79 0.75 0.5 449 533 
n 0.4 0.19 0.88 603 134 
n 0.26 0.41 0.53 543 482 
n 0.15 0.53 0.27 215 44 
n 0.48 0.63 0.38 426 62 
n 0.63 0.19 0.68 89 277 
n 0.57 0.41 0.36 84 32 
n 0.8 0.49 0.52 220 623 
n 0.4 0.62 0.73 688 0 
n 0.81 0.61 0.33 687 374 
n 0.26 0.19 0.8 75 313 
n 0.61 0.29 0.68 63 24 
n 0.85 0.34 0.59 98 211 
n 0.83 0.14 0.46 400 171 
n 0.82 0.59 0.46 456 597 
n 0.35 0.41 0.74 320 627 
n 0.56 0.42 0.32 296 665 
n 0.48 0.85 0.8 288 668 
n 0.89 0.61 0.89 268 53 
n 0.62 0.54 0.78 140 514 
n 0.32 0.82 0.3 690 168 
n 0.83 0.87 0.34 281 459 
n 0.76 0.48 0.6 453 283 
n 0.23 0.31 0.17 214 526 
n 0.73 0.34 0.83 134 677 
n 0.18 0.19 0.3 521 133 
n 0.41 0.47 0.26 30 450 
n 0.72 0.86 0.3 657 40 
n 0.49 0.3 0.37 7 24 
n 0.55 0.67 0.36 252 535 
n 0.83 0.11 0.19 43 64 
n 0.31 0.67 0.72 146 400 
n 0.14 0.27 0.17 638 63 
n 0.2 0.17 0.38 489 665 
n 0.37 0.42 0.27 361 564 
n 0.67 0.57 0.53 520 348 
n 0.85 0.89 0.72 129 436 
n 0.74 0.85 0.32 260 455 
n 0.84 0.51 0.9 676 371 
n 0.3 0.73 0.76 85 183 
n 0.17 0.87 0.36 78 354 
n 0.59 0.89 0.7 336 661 
n 0.76 0.32 0.29 264 378 
n 0.58 0.82 0.47 52 676 
n 0.74 0.17 0.75 692 544 
n 0.88 0.73 0.9 169 548 
n 0.64 0.49 0.89 194 263 
n 0.27 0.34 0.44 415 79 
n 0.41 0.75 0.82 415 479 
n 0.34 0.38 0.31 170 246 
n 0.2 0.52 0.35 525 214 
n 0.4 0.28 0.66 239 33 
n 0.19 0.76 0.56 116 364 
n 0.77 0.63 0.86 17 657 
n 0.12 0.58 0.86 434 93 
n 0.27 0.22 0.8 41 425 
n 0.25 0.3 0.14 530 184 
n 0.26 0.57 0.48 484 49 
n 0.69 0.19 0.62 264 427 
n 0.17 0.26 0.39 450 126 
n 0.56 0.52 0.85 442 300 
n 0.42 0.16 0.77 24 500 
n 0.53 0.62 0.58 504 515 
n 0.79 0.56 0.18 636 201 
n 0.56 0.62 0.22 615 419 
n 0.85 0.25 0.63 22 661 
n 0.11 0.29 0.31 144 93 
n 0.45 0.34 0.18 638 54 
n 0.46 0.83 0.31 567 200 
n 0.23 0.42 0.65 197 222 
n 0.83 0.4 0.24 385 87 
n 0.71 0.14 0.82 178 105 
n 0.68 0.4 0.53 403 206 
