t 130 5 5
n 0.71 0.68 0.86 0.74 0.25 335 162 
n 0.6 0.84 0.39 0.31 0.78 398 263 
n 0.16 0.16 0.24 0.58 0.34 504 173 
n 0.23 0.71 0.27 0.1 0.39 444 385 
n 0.81 0.28 0.29 0.64 0.33 312 2 
n 0.39 0.86 0.59 0.86 0.65 663 549 
n 0.84 0.69 0.33 0.88 0.14 40 187 
n 0.59 0.47 0.78 0.75 0.68 527 216 
n 0.42 0.21 0.43 0.69 0.51 209 691 
n 0.75 0.22 0.15 0.43 0.32 683 414 
n 0.76 0.44 0.72 0.73 0.29 281 6 
n 0.21 0.81 0.32 0.47 0.83 253 536 
n 0.14 0.68 0.9 0.21 0.2 699 348 
n 0.69 0.2 0.85 0.78 0.62 679 411 
n 0.59 0.55 0.14 0.37 0.55 220 409 
n 0.56 0.58 0.65 0.4 0.43 355 76 
n 0.73 0.62 0.13 0.8 0.58 297 313 
n 0.76 0.58 0.58 0.73 0.57 505 241 
n 0.73 0.25 0.74 0.17 0.47 224 358 
n 0.42 0.55 0.53 0.84 0.42 471 310 
n 0.59 0.84 0.32 0.72 0.9 554 279 
n 0.39 0.54 0.17 0.2 0.31 568 353 
n 0.56 0.7 0.77 0.59 0.21 599 361 
n 0.78 0.76 0.21 0.19 0.77 241 431 
n 0.71 0.39 0.78 0.53 0.53 32 346 
n 0.3 0.13 0.37 0.17 0.4 91 149 
n 0.62 0.71 0.33 0.74 0.3 248 344 
n 0.12 0.15 0.72 0.44 0.56 489 4 
n 0.76 0.7 0.68 0.52 0.37 206 438 
n 0.6 0.61 0.17 0.36 0.26 576 142 
n 0.4 0.57 0.74 0.62 0.85 283 329 
n 0.42 0.33 0.65 0.28 0.44 28 425 
n 0.1 0.26 0.59 0.28 0.26 569 287 
n 0.26 0.26 0.45 0.8 0.63 269 296 
n 0.84 0.75 0.44 0.3 0.89 418 341 
n 0.43 0.36 0.13 0.88 0.8 32 449 
n 0.31 0.76 0.66 0.38 0.71 561 357 
n 0.35 0.2 0.41 0.26 0.56 343 492 
n 0.83 0.72 0.69 0.55 0.79 400 157 
n 0.59 0.51 0.23 0.45 0.81 572 376 
n 0.86 0.42 0.72 0.87 0.41 371 152 
n 0.69 0.51 0.23 0.41 0.17 510 436 
n 0.71 0.37 0.24 0.54 0.58 177 296 
n 0.36 0.12 0.27 0.17 0.76 526 409 
n 0.12 0.3 0.68 0.11 0.5 317 66 
n 0.72 0.53 0.33 0.8 0.83 469 282 
n 0.46 0.66 0.32 0.75 0.45 573 373 
n 0.67 0.81 0.13 0.41 0.5 30 330 
n 0.38 0.16 0.65 0.58 0.24 454 537 
n 0.38 0.79 0.16 0.4 0.83 416 228 
n 0.84 0.43 0.72 0.18 0.26 535 471 
n 0.54 0.75 0.24 0.37 0.14 265 685 
n 0.27 0.7 0.19 0.79 0.82 478 510 
n 0.18 0.89 0.34 0.8 0.84 370 333 
n 0.31 0.69 0.85 0.6 0.63 598 447 
n 0.84 0.87 0.23 0.44 0.56 201 649 
n 0.74 0.44 0.17 0.54 0.13 194 680 
n 0.32 0.11 0.3 0.15 0.65 449 533 
n 0.32 0.48 0.55 0.8 0.79 603 134 
n 0.78 0.6 0.77 0.62 0.39 543 482 
n 0.54 0.22 0.1 0.37 0.72 215 44 
n 0.87 0.61 0.55 0.33 0.46 426 62 
n 0.28 0.76 0.35 0.76 0.4 89 277 
n 0.62 0.38 0.83 0.61 0.21 84 32 
n 0.38 0.58 0.76 0.62 0.71 220 623 
n 0.88 0.39 0.78 0.33 0.71 688 0 
n 0.55 0.51 0.48 0.52 0.25 687 374 
n 0.88 0.62 0.75 0.71 0.84 75 313 
n 0.19 0.4 0.85 0.34 0.4 63 24 
n 0.24 0.89 0.22 0.88 0.43 98 211 
n 0.27 0.23 0.38 0.32 0.87 400 171 
n 0.82 0.35 0.62 0.18 0.52 456 597 
n 0.67 0.43 0.11 0.24 0.65 320 627 
n 0.15 0.21 0.16 0.56 0.33 296 665 
n 0.8 0.83 0.42 0.72 0.8 288 668 
n 0.16 0.74 0.32 0.47 0.29 268 53 
n 0.53 0.52 0.83 0.3 0.77 140 514 
n 0.66 0.36 0.14 0.79 0.6 690 168 
n 0.49 0.44 0.26 0.5 0.59 281 459 
n 0.86 0.34 0.45 0.79 0.65 453 283 
n 0.77 0.31 0.59 0.37 0.71 214 526 
n 0.25 0.21 0.17 0.52 0.25 134 677 
n 0.15 0.19 0.1 0.57 0.87 521 133 
n 0.54 0.56 0.62 0.18 0.23 30 450 
n 0.83 0.17 0.73 0.41 0.88 657 40 
n 0.34 0.22 0.84 0.22 0.23 7 24 
n 0.15 0.64 0.24 0.74 0.79 252 535 
n 0.31 0.13 0.53 0.48 0.81 43 64 
n 0.23 0.3 0.23 0.74 0.52 146 400 
n 0.81 0.62 0.33 0.2 0.47 638 63 
n 0.69 0.6 0.22 0.45 0.4 489 665 
n 0.26 0.23 0.5 0.2 0.85 361 564 
n 0.67 0.72 0.84 0.81 0.44 520 348 
n 0.86 0.53 0.15 0.18 0.62 129 436 
n 0.61 0.32 0.25 0.55 0.57 260 455 
n 0.32 0.84 0.79 0.24 0.82 676 371 
n 0.23 0.1 0.19 0.9 0.55 85 183 
n 0.51 0.24 0.56 0.77 0.65 78 354 
n 0.2 0.67 0.56 0.53 0.76 336 661 
n 0.49 0.44 0.67 0.79 0.3 264 378 
n 0.19 0.72 0.31 0.58 0.73 52 676 
n 0.19 0.86 0.4 0.14 0.86 692 544 
n 0.26 0.13 0.25 0.69 0.49 169 548 
n 0.49 0.67 0.24 0.34 0.63 194 263 
n 0.77 0.57 0.4 0.72 0.42 415 79 
n 0.89 0.85 0.4 0.11 0.58 415 479 
n 0.8 0.77 0.18 0.19 0.39 170 246 
n 0.68 0.26 0.13 0.48 0.59 525 214 
n 0.42 0.4 0.7 0.79 0.52 239 33 
n 0.32 0.74 0.65 0.26 0.64 116 364 
n 0.22 0.41 0.3 0.13 0.27 17 657 
n 0.65 0.64 0.61 0.42 0.33 434 93 
n 0.17 0.38 0.27 0.57 0.36 41 425 
n 0.51 0.43 0.26 0.24 0.76 530 184 
n 0.78 0.63 0.11 0.28 0.15 484 49 
n 0.29 0.48 0.46 0.78 0.79 264 427 
n 0.72 0.11 0.23 0.43 0.88 450 126 
n 0.38 0.39 0.89 0.32 0.4 442 300 
n 0.19 0.28 0.86 0.18 0.2 24 500 
n 0.8 0.64 0.81 0.73 0.27 504 515 
n 0.21 0.84 0.45 0.64 0.88 636 201 
n 0.61 0.73 0.55 0.23 0.23 615 419 
n 0.41 0.19 0.86 0.26 0.43 22 661 
n 0.18 0.6 0.16 0.61 0.14 144 93 
n 0.77 0.57 0.63 0.37 0.17 638 54 
n 0.46 0.19 0.23 0.83 0.67 567 200 
n 0.85 0.71 0.46 0.39 0.67 197 222 
n 0.79 0.67 0.18 0.42 0.66 385 87 
n 0.57 0.76 0.14 0.36 0.32 178 105 
n 0.85 0.75 0.35 0.33 0.89 403 206 
