t 130 5 4
n 0.44 0.75 0.11 0.54 335 162 
n 0.5 0.36 0.88 0.55 398 263 
n 0.85 0.66 0.32 0.78 504 173 
n 0.15 0.28 0.43 0.74 444 385 
n 0.33 0.86 0.43 0.71 312 2 
n 0.25 0.82 0.29 0.79 663 549 
n 0.29 0.12 0.84 0.29 40 187 
n 0.87 0.33 0.27 0.83 527 216 
n 0.84 0.11 0.42 0.66 209 691 
n 0.66 0.86 0.64 0.71 683 414 
n 0.31 0.69 0.28 0.65 281 6 
n 0.27 0.78 0.7 0.7 253 536 
n 0.35 0.7 0.6 0.11 699 348 
n 0.41 0.12 0.1 0.29 679 411 
n 0.77 0.8 0.65 0.66 220 409 
n 0.54 0.34 0.71 0.52 355 76 
n 0.72 0.15 0.54 0.27 297 313 
n 0.13 0.43 0.11 0.16 505 241 
n 0.5 0.76 0.1 0.89 224 358 
n 0.23 0.17 0.3 0.11 471 310 
n 0.79 0.47 0.27 0.5 554 279 
n 0.59 0.72 0.17 0.48 568 353 
n 0.87 0.43 0.18 0.63 599 361 
n 0.48 0.89 0.41 0.42 241 431 
n 0.82 0.89 0.73 0.81 32 346 
n 0.26 0.74 0.67 0.75 91 149 
n 0.59 0.56 0.78 0.13 248 344 
n 0.45 0.88 0.82 0.6 489 4 
n 0.87 0.15 0.41 0.69 206 438 
n 0.76 0.68 0.33 0.63 576 142 
n 0.72 0.54 0.14 0.61 283 329 
n 0.9 0.11 0.25 0.58 28 425 
n 0.1 0.6 0.28 0.55 569 287 
n 0.37 0.52 0.42 0.67 269 296 
n 0.16 0.21 0.41 0.86 418 341 
n 0.75 0.27 0.73 0.56 32 449 
n 0.81 0.24 0.57 0.41 561 357 
n 0.53 0.49 0.34 0.69 343 492 
n 0.55 0.53 0.35 0.5 400 157 
n 0.11 0.81 0.54 0.62 572 376 
n 0.5 0.25 0.25 0.87 371 152 
n 0.21 0.7 0.32 0.41 510 436 
n 0.12 0.71 0.82 0.7 177 296 
n 0.55 0.18 0.49 0.39 526 409 
n 0.57 0.87 0.1 0.73 317 66 
n 0.51 0.9 0.6 0.22 469 282 
n 0.83 0.56 0.31 0.59 573 373 
n 0.55 0.84 0.7 0.46 30 330 
n 0.16 0.12 0.24 0.73 454 537 
n 0.85 0.85 0.44 0.45 416 228 
n 0.18 0.73 0.2 0.76 535 471 
n 0.47 0.7 0.8 0.83 265 685 
n 0.35 0.5 0.78 0.5 478 510 
n 0.6 0.39 0.26 0.38 370 333 
n 0.66 0.44 0.55 0.38 598 447 
n 0.81 0.85 0.77 0.74 201 649 
n 0.18 0.82 0.88 0.87 194 680 
n 0.87 0.51 0.48 0.54 449 533 
n 0.29 0.47 0.87 0.19 603 134 
n 0.71 0.23 0.15 0.61 543 482 
n 0.62 0.68 0.79 0.35 215 44 
n 0.82 0.72 0.71 0.42 426 62 
n 0.46 0.33 0.61 0.21 89 277 
n 0.64 0.66 0.52 0.77 84 32 
n 0.31 0.48 0.43 0.51 220 623 
n 0.72 0.32 0.84 0.85 688 0 
n 0.88 0.38 0.29 0.27 687 374 
n 0.73 0.61 0.41 0.62 75 313 
n 0.59 0.77 0.41 0.54 63 24 
n 0.24 0.71 0.19 0.84 98 211 
n 0.27 0.18 0.77 0.19 400 171 
n 0.52 0.4 0.46 0.3 456 597 
n 0.56 0.14 0.58 0.11 320 627 
n 0.51 0.8 0.19 0.39 296 665 
n 0.57 0.7 0.62 0.45 288 668 
n 0.45 0.44 0.66 0.68 268 53 
n 0.7 0.37 0.53 0.49 140 514 
n 0.48 0.34 0.49 0.86 690 168 
n 0.38 0.11 0.8 0.41 281 459 
n 0.86 0.76 0.49 0.21 453 283 
n 0.24 0.6 0.16 0.33 214 526 
n 0.16 0.23 0.68 0.72 134 677 
n 0.89 0.5 0.34 0.73 521 133 
n 0.32 0.12 0.72 0.83 30 450 
n 0.3 0.9 0.14 0.16 657 40 
n 0.76 0.86 0.46 0.28 7 24 
n 0.21 0.88 0.71 0.72 252 535 
n 0.62 0.65 0.52 0.21 43 64 
n 0.16 0.27 0.69 0.2 146 400 
n 0.7 0.85 0.58 0.18 638 63 
n 0.15 0.27 0.64 0.31 489 665 
n 0.16 0.65 0.23 0.82 361 564 
n 0.42 0.13 0.83 0.13 520 348 
n 0.37 0.36 0.47 0.5 129 436 
n 0.3 0.39 0.45 0.5 260 455 
n 0.3 0.71 0.13 0.83 676 371 
n 0.41 0.65 0.72 0.78 85 183 
n 0.29 0.63 0.85 0.52 78 354 
n 0.51 0.74 0.24 0.49 336 661 
n 0.4 0.73 0.16 0.76 264 378 
n 0.1 0.86 0.47 0.34 52 676 
n 0.49 0.49 0.53 0.33 692 544 
n 0.55 0.23 0.42 0.11 169 548 
n 0.67 0.41 0.35 0.58 194 263 
n 0.12 0.22 0.5 0.14 415 79 
n 0.26 0.31 0.25 0.68 415 479 
n 0.2 0.64 0.44 0.44 170 246 
n 0.11 0.44 0.76 0.44 525 214 
n 0.21 0.21 0.19 0.66 239 33 
n 0.7 0.42 0.67 0.22 116 364 
n 0.78 0.5 0.87 0.22 17 657 
n 0.57 0.62 0.4 0.51 434 93 
n 0.59 0.11 0.8 0.87 41 425 
n 0.49 0.69 0.76 0.28 530 184 
n 0.28 0.61 0.39 0.64 484 49 
n 0.56 0.89 0.4 0.62 264 427 
n 0.13 0.29 0.52 0.59 450 126 
n 0.65 0.26 0.52 0.63 442 300 
n 0.42 0.87 0.36 0.64 24 500 
n 0.39 0.11 0.54 0.55 504 515 
n 0.66 0.52 0.33 0.72 636 201 
n 0.29 0.8 0.64 0.42 615 419 
n 0.45 0.46 0.16 0.31 22 661 
n 0.86 0.36 0.52 0.4 144 93 
n 0.15 0.87 0.58 0.31 638 54 
n 0.13 0.52 0.72 0.25 567 200 
n 0.78 0.85 0.84 0.72 197 222 
n 0.58 0.14 0.59 0.41 385 87 
n 0.46 0.66 0.42 0.61 178 105 
n 0.24 0.87 0.74 0.77 403 206 
