t 150 20 3
n 0.46 0.6 0.2 37 541 
n 0.62 0.25 0.38 612 494 
n 0.68 0.17 0.24 38 353 
n 0.34 0.84 0.39 53 131 
n 0.39 0.89 0.44 143 632 
n 0.31 0.12 0.78 690 469 
n 0.76 0.26 0.74 113 529 
n 0.65 0.25 0.18 141 505 
n 0.66 0.74 0.51 661 446 
n 0.7 0.53 0.39 99 385 
n 0.27 0.55 0.59 697 180 
n 0.61 0.25 0.7 536 287 
n 0.41 0.71 0.78 192 20 
n 0.6 0.12 0.87 283 230 
n 0.26 0.69 0.38 241 282 
n 0.48 0.75 0.28 247 322 
n 0.36 0.48 0.41 650 62 
n 0.35 0.81 0.49 353 667 
n 0.22 0.78 0.74 633 535 
n 0.62 0.18 0.87 488 437 
n 0.55 0.73 0.54 141 228 
n 0.42 0.66 0.75 17 240 
n 0.72 0.32 0.47 398 231 
n 0.35 0.54 0.9 566 282 
n 0.17 0.55 0.1 476 469 
n 0.3 0.6 0.56 322 550 
n 0.39 0.36 0.5 398 75 
n 0.74 0.8 0.15 673 433 
n 0.73 0.83 0.53 571 530 
n 0.54 0.2 0.78 105 483 
n 0.84 0.58 0.41 357 68 
n 0.56 0.5 0.41 400 254 
n 0.88 0.56 0.21 282 427 
n 0.5 0.48 0.39 59 507 
n 0.69 0.67 0.2 190 460 
n 0.84 0.63 0.86 660 227 
n 0.69 0.8 0.64 639 467 
n 0.8 0.77 0.21 415 233 
n 0.87 0.72 0.12 547 162 
n 0.64 0.82 0.18 617 339 
n 0.58 0.57 0.11 495 148 
n 0.33 0.59 0.23 630 433 
n 0.8 0.21 0.69 471 314 
n 0.82 0.31 0.79 138 137 
n 0.75 0.5 0.4 92 110 
n 0.19 0.88 0.26 391 424 
n 0.41 0.53 0.15 565 429 
n 0.53 0.27 0.48 55 439 
n 0.63 0.38 0.63 334 154 
n 0.19 0.68 0.57 531 612 
n 0.41 0.36 0.8 476 386 
n 0.49 0.52 0.4 229 410 
n 0.62 0.73 0.81 578 321 
n 0.61 0.33 0.26 359 404 
n 0.19 0.8 0.61 486 593 
n 0.29 0.68 0.85 343 509 
n 0.34 0.59 0.83 530 138 
n 0.14 0.46 0.82 499 576 
n 0.59 0.46 0.35 224 312 
n 0.41 0.74 0.56 596 82 
n 0.42 0.32 0.48 662 217 
n 0.85 0.8 0.89 44 305 
n 0.61 0.89 0.62 79 446 
n 0.54 0.78 0.32 210 131 
n 0.82 0.3 0.83 432 629 
n 0.87 0.34 0.76 623 69 
n 0.48 0.6 0.23 437 283 
n 0.31 0.17 0.73 59 40 
n 0.34 0.83 0.18 631 230 
n 0.19 0.3 0.41 579 601 
n 0.47 0.26 0.72 118 113 
n 0.86 0.3 0.49 298 166 
n 0.3 0.37 0.55 23 456 
n 0.67 0.36 0.83 260 11 
n 0.11 0.19 0.31 342 599 
n 0.67 0.72 0.14 10 489 
n 0.27 0.17 0.2 315 273 
n 0.17 0.38 0.37 221 270 
n 0.42 0.27 0.67 192 314 
n 0.57 0.53 0.85 272 225 
n 0.89 0.72 0.74 531 504 
n 0.85 0.32 0.84 43 656 
n 0.51 0.9 0.3 396 539 
n 0.73 0.76 0.17 119 509 
n 0.87 0.36 0.59 396 700 
n 0.89 0.7 0.76 559 561 
n 0.32 0.29 0.58 23 526 
n 0.82 0.47 0.74 136 326 
n 0.17 0.75 0.88 141 485 
n 0.73 0.9 0.64 397 461 
n 0.49 0.89 0.27 88 20 
n 0.34 0.44 0.41 350 421 
n 0.75 0.82 0.34 217 466 
n 0.38 0.31 0.2 131 351 
n 0.52 0.35 0.4 73 646 
n 0.28 0.66 0.19 145 457 
n 0.76 0.56 0.77 212 595 
n 0.63 0.86 0.12 50 541 
n 0.58 0.86 0.27 657 558 
n 0.22 0.8 0.25 177 649 
n 0.3 0.14 0.26 500 199 
n 0.57 0.48 0.69 634 613 
n 0.19 0.62 0.17 60 552 
n 0.26 0.39 0.56 15 143 
n 0.52 0.85 0.42 283 376 
n 0.16 0.77 0.53 147 39 
n 0.62 0.58 0.79 102 635 
n 0.56 0.18 0.56 588 581 
n 0.62 0.22 0.85 457 350 
n 0.25 0.63 0.11 537 473 
n 0.29 0.31 0.45 269 367 
n 0.34 0.18 0.46 240 103 
n 0.83 0.31 0.23 88 384 
n 0.42 0.65 0.83 659 584 
n 0.4 0.24 0.71 98 157 
n 0.14 0.82 0.68 507 233 
n 0.4 0.53 0.44 500 65 
n 0.75 0.11 0.54 594 276 
n 0.5 0.36 0.88 66 24 
n 0.55 0.85 0.66 598 415 
n 0.32 0.78 0.15 172 344 
n 0.28 0.43 0.74 299 252 
n 0.33 0.86 0.43 304 21 
n 0.71 0.25 0.82 198 512 
n 0.29 0.79 0.29 56 243 
n 0.12 0.84 0.29 256 449 
n 0.87 0.33 0.27 608 223 
n 0.83 0.84 0.11 70 78 
n 0.42 0.66 0.66 398 120 
n 0.86 0.64 0.71 635 133 
n 0.31 0.69 0.28 378 272 
n 0.65 0.27 0.78 485 677 
n 0.7 0.7 0.35 279 300 
n 0.7 0.6 0.11 382 360 
n 0.41 0.12 0.1 558 595 
n 0.29 0.77 0.8 249 77 
n 0.65 0.66 0.54 563 670 
n 0.34 0.71 0.52 399 393 
n 0.72 0.15 0.54 591 371 
n 0.27 0.13 0.43 558 0 
n 0.11 0.16 0.5 461 531 
n 0.76 0.1 0.89 355 685 
n 0.23 0.17 0.3 194 670 
n 0.11 0.79 0.47 352 140 
n 0.27 0.5 0.59 308 115 
n 0.72 0.17 0.48 300 531 
n 0.87 0.43 0.18 334 152 
n 0.63 0.48 0.89 691 135 
n 0.41 0.42 0.82 48 271 
n 0.89 0.73 0.81 92 166 
