t 150 5 4
n 0.26 0.74 0.67 0.75 37 541 
n 0.59 0.56 0.78 0.13 612 494 
n 0.45 0.88 0.82 0.6 38 353 
n 0.87 0.15 0.41 0.69 53 131 
n 0.76 0.68 0.33 0.63 143 632 
n 0.72 0.54 0.14 0.61 690 469 
n 0.9 0.11 0.25 0.58 113 529 
n 0.1 0.6 0.28 0.55 141 505 
n 0.37 0.52 0.42 0.67 661 446 
n 0.16 0.21 0.41 0.86 99 385 
n 0.75 0.27 0.73 0.56 697 180 
n 0.81 0.24 0.57 0.41 536 287 
n 0.53 0.49 0.34 0.69 192 20 
n 0.55 0.53 0.35 0.5 283 230 
n 0.11 0.81 0.54 0.62 241 282 
n 0.5 0.25 0.25 0.87 247 322 
n 0.21 0.7 0.32 0.41 650 62 
n 0.12 0.71 0.82 0.7 353 667 
n 0.55 0.18 0.49 0.39 633 535 
n 0.57 0.87 0.1 0.73 488 437 
n 0.51 0.9 0.6 0.22 141 228 
n 0.83 0.56 0.31 0.59 17 240 
n 0.55 0.84 0.7 0.46 398 231 
n 0.16 0.12 0.24 0.73 566 282 
n 0.85 0.85 0.44 0.45 476 469 
n 0.18 0.73 0.2 0.76 322 550 
n 0.47 0.7 0.8 0.83 398 75 
n 0.35 0.5 0.78 0.5 673 433 
n 0.6 0.39 0.26 0.38 571 530 
n 0.66 0.44 0.55 0.38 105 483 
n 0.81 0.85 0.77 0.74 357 68 
n 0.18 0.82 0.88 0.87 400 254 
n 0.87 0.51 0.48 0.54 282 427 
n 0.29 0.47 0.87 0.19 59 507 
n 0.71 0.23 0.15 0.61 190 460 
n 0.62 0.68 0.79 0.35 660 227 
n 0.82 0.72 0.71 0.42 639 467 
n 0.46 0.33 0.61 0.21 415 233 
n 0.64 0.66 0.52 0.77 547 162 
n 0.31 0.48 0.43 0.51 617 339 
n 0.72 0.32 0.84 0.85 495 148 
n 0.88 0.38 0.29 0.27 630 433 
n 0.73 0.61 0.41 0.62 471 314 
n 0.59 0.77 0.41 0.54 138 137 
n 0.24 0.71 0.19 0.84 92 110 
n 0.27 0.18 0.77 0.19 391 424 
n 0.52 0.4 0.46 0.3 565 429 
n 0.56 0.14 0.58 0.11 55 439 
n 0.51 0.8 0.19 0.39 334 154 
n 0.57 0.7 0.62 0.45 531 612 
n 0.45 0.44 0.66 0.68 476 386 
n 0.7 0.37 0.53 0.49 229 410 
n 0.48 0.34 0.49 0.86 578 321 
n 0.38 0.11 0.8 0.41 359 404 
n 0.86 0.76 0.49 0.21 486 593 
n 0.24 0.6 0.16 0.33 343 509 
n 0.16 0.23 0.68 0.72 530 138 
n 0.89 0.5 0.34 0.73 499 576 
n 0.32 0.12 0.72 0.83 224 312 
n 0.3 0.9 0.14 0.16 596 82 
n 0.76 0.86 0.46 0.28 662 217 
n 0.21 0.88 0.71 0.72 44 305 
n 0.62 0.65 0.52 0.21 79 446 
n 0.16 0.27 0.69 0.2 210 131 
n 0.7 0.85 0.58 0.18 432 629 
n 0.15 0.27 0.64 0.31 623 69 
n 0.16 0.65 0.23 0.82 437 283 
n 0.42 0.13 0.83 0.13 59 40 
n 0.37 0.36 0.47 0.5 631 230 
n 0.3 0.39 0.45 0.5 579 601 
n 0.3 0.71 0.13 0.83 118 113 
n 0.41 0.65 0.72 0.78 298 166 
n 0.29 0.63 0.85 0.52 23 456 
n 0.51 0.74 0.24 0.49 260 11 
n 0.4 0.73 0.16 0.76 342 599 
n 0.1 0.86 0.47 0.34 10 489 
n 0.49 0.49 0.53 0.33 315 273 
n 0.55 0.23 0.42 0.11 221 270 
n 0.67 0.41 0.35 0.58 192 314 
n 0.12 0.22 0.5 0.14 272 225 
n 0.26 0.31 0.25 0.68 531 504 
n 0.2 0.64 0.44 0.44 43 656 
n 0.11 0.44 0.76 0.44 396 539 
n 0.21 0.21 0.19 0.66 119 509 
n 0.7 0.42 0.67 0.22 396 700 
n 0.78 0.5 0.87 0.22 559 561 
n 0.57 0.62 0.4 0.51 23 526 
n 0.59 0.11 0.8 0.87 136 326 
n 0.49 0.69 0.76 0.28 141 485 
n 0.28 0.61 0.39 0.64 397 461 
n 0.56 0.89 0.4 0.62 88 20 
n 0.13 0.29 0.52 0.59 350 421 
n 0.65 0.26 0.52 0.63 217 466 
n 0.42 0.87 0.36 0.64 131 351 
n 0.39 0.11 0.54 0.55 73 646 
n 0.66 0.52 0.33 0.72 145 457 
n 0.29 0.8 0.64 0.42 212 595 
n 0.45 0.46 0.16 0.31 50 541 
n 0.86 0.36 0.52 0.4 657 558 
n 0.15 0.87 0.58 0.31 177 649 
n 0.13 0.52 0.72 0.25 500 199 
n 0.78 0.85 0.84 0.72 634 613 
n 0.58 0.14 0.59 0.41 60 552 
n 0.46 0.66 0.42 0.61 15 143 
n 0.24 0.87 0.74 0.77 283 376 
n 0.71 0.68 0.86 0.74 147 39 
n 0.25 0.6 0.84 0.39 102 635 
n 0.31 0.78 0.16 0.16 588 581 
n 0.24 0.58 0.34 0.23 457 350 
n 0.71 0.27 0.1 0.39 537 473 
n 0.81 0.28 0.29 0.64 269 367 
n 0.33 0.39 0.86 0.59 240 103 
n 0.86 0.65 0.84 0.69 88 384 
n 0.33 0.88 0.14 0.59 659 584 
n 0.47 0.78 0.75 0.68 98 157 
n 0.42 0.21 0.43 0.69 507 233 
n 0.51 0.75 0.22 0.15 500 65 
n 0.43 0.32 0.76 0.44 594 276 
n 0.72 0.73 0.29 0.21 66 24 
n 0.81 0.32 0.47 0.83 598 415 
n 0.14 0.68 0.9 0.21 172 344 
n 0.2 0.69 0.2 0.85 299 252 
n 0.78 0.62 0.59 0.55 304 21 
n 0.14 0.37 0.55 0.56 198 512 
n 0.58 0.65 0.4 0.43 56 243 
n 0.73 0.62 0.13 0.8 256 449 
n 0.58 0.76 0.58 0.58 608 223 
n 0.73 0.57 0.73 0.25 70 78 
n 0.74 0.17 0.47 0.42 398 120 
n 0.55 0.53 0.84 0.42 635 133 
n 0.59 0.84 0.32 0.72 378 272 
n 0.9 0.39 0.54 0.17 485 677 
n 0.2 0.31 0.56 0.7 279 300 
n 0.77 0.59 0.21 0.78 382 360 
n 0.76 0.21 0.19 0.77 558 595 
n 0.71 0.39 0.78 0.53 249 77 
n 0.53 0.3 0.13 0.37 563 670 
n 0.17 0.4 0.62 0.71 399 393 
n 0.33 0.74 0.3 0.12 591 371 
n 0.15 0.72 0.44 0.56 558 0 
n 0.76 0.7 0.68 0.52 461 531 
n 0.37 0.6 0.61 0.17 355 685 
n 0.36 0.26 0.4 0.57 194 670 
n 0.74 0.62 0.85 0.42 352 140 
n 0.33 0.65 0.28 0.44 308 115 
n 0.1 0.26 0.59 0.28 300 531 
n 0.26 0.26 0.26 0.45 334 152 
n 0.8 0.63 0.84 0.75 691 135 
n 0.44 0.3 0.89 0.43 48 271 
n 0.36 0.13 0.88 0.8 92 166 
