t 150 5 5
n 0.31 0.76 0.66 0.38 0.71 37 541 
n 0.35 0.2 0.41 0.26 0.56 612 494 
n 0.83 0.72 0.69 0.55 0.79 38 353 
n 0.59 0.51 0.23 0.45 0.81 53 131 
n 0.86 0.42 0.72 0.87 0.41 143 632 
n 0.69 0.51 0.23 0.41 0.17 690 469 
n 0.71 0.37 0.24 0.54 0.58 113 529 
n 0.36 0.12 0.27 0.17 0.76 141 505 
n 0.12 0.3 0.68 0.11 0.5 661 446 
n 0.72 0.53 0.33 0.8 0.83 99 385 
n 0.46 0.66 0.32 0.75 0.45 697 180 
n 0.67 0.81 0.13 0.41 0.5 536 287 
n 0.38 0.16 0.65 0.58 0.24 192 20 
n 0.38 0.79 0.16 0.4 0.83 283 230 
n 0.84 0.43 0.72 0.18 0.26 241 282 
n 0.54 0.75 0.24 0.37 0.14 247 322 
n 0.27 0.7 0.19 0.79 0.82 650 62 
n 0.18 0.89 0.34 0.8 0.84 353 667 
n 0.31 0.69 0.85 0.6 0.63 633 535 
n 0.84 0.87 0.23 0.44 0.56 488 437 
n 0.74 0.44 0.17 0.54 0.13 141 228 
n 0.32 0.11 0.3 0.15 0.65 17 240 
n 0.32 0.48 0.55 0.8 0.79 398 231 
n 0.78 0.6 0.77 0.62 0.39 566 282 
n 0.54 0.22 0.1 0.37 0.72 476 469 
n 0.87 0.61 0.55 0.33 0.46 322 550 
n 0.28 0.76 0.35 0.76 0.4 398 75 
n 0.62 0.38 0.83 0.61 0.21 673 433 
n 0.38 0.58 0.76 0.62 0.71 571 530 
n 0.88 0.39 0.78 0.33 0.71 105 483 
n 0.55 0.51 0.48 0.52 0.25 357 68 
n 0.88 0.62 0.75 0.71 0.84 400 254 
n 0.19 0.4 0.85 0.34 0.4 282 427 
n 0.24 0.89 0.22 0.88 0.43 59 507 
n 0.27 0.23 0.38 0.32 0.87 190 460 
n 0.82 0.35 0.62 0.18 0.52 660 227 
n 0.67 0.43 0.11 0.24 0.65 639 467 
n 0.15 0.21 0.16 0.56 0.33 415 233 
n 0.8 0.83 0.42 0.72 0.8 547 162 
n 0.16 0.74 0.32 0.47 0.29 617 339 
n 0.53 0.52 0.83 0.3 0.77 495 148 
n 0.66 0.36 0.14 0.79 0.6 630 433 
n 0.49 0.44 0.26 0.5 0.59 471 314 
n 0.86 0.34 0.45 0.79 0.65 138 137 
n 0.77 0.31 0.59 0.37 0.71 92 110 
n 0.25 0.21 0.17 0.52 0.25 391 424 
n 0.15 0.19 0.1 0.57 0.87 565 429 
n 0.54 0.56 0.62 0.18 0.23 55 439 
n 0.83 0.17 0.73 0.41 0.88 334 154 
n 0.34 0.22 0.84 0.22 0.23 531 612 
n 0.15 0.64 0.24 0.74 0.79 476 386 
n 0.31 0.13 0.53 0.48 0.81 229 410 
n 0.23 0.3 0.23 0.74 0.52 578 321 
n 0.81 0.62 0.33 0.2 0.47 359 404 
n 0.69 0.6 0.22 0.45 0.4 486 593 
n 0.26 0.23 0.5 0.2 0.85 343 509 
n 0.67 0.72 0.84 0.81 0.44 530 138 
n 0.86 0.53 0.15 0.18 0.62 499 576 
n 0.61 0.32 0.25 0.55 0.57 224 312 
n 0.32 0.84 0.79 0.24 0.82 596 82 
n 0.23 0.1 0.19 0.9 0.55 662 217 
n 0.51 0.24 0.56 0.77 0.65 44 305 
n 0.2 0.67 0.56 0.53 0.76 79 446 
n 0.49 0.44 0.67 0.79 0.3 210 131 
n 0.19 0.72 0.31 0.58 0.73 432 629 
n 0.19 0.86 0.4 0.14 0.86 623 69 
n 0.26 0.13 0.25 0.69 0.49 437 283 
n 0.49 0.67 0.24 0.34 0.63 59 40 
n 0.77 0.57 0.4 0.72 0.42 631 230 
n 0.89 0.85 0.4 0.11 0.58 579 601 
n 0.8 0.77 0.18 0.19 0.39 118 113 
n 0.68 0.26 0.13 0.48 0.59 298 166 
n 0.42 0.4 0.7 0.79 0.52 23 456 
n 0.32 0.74 0.65 0.26 0.64 260 11 
n 0.22 0.41 0.3 0.13 0.27 342 599 
n 0.65 0.64 0.61 0.42 0.33 10 489 
n 0.17 0.38 0.27 0.57 0.36 315 273 
n 0.51 0.43 0.26 0.24 0.76 221 270 
n 0.78 0.63 0.11 0.28 0.15 192 314 
n 0.29 0.48 0.46 0.78 0.79 272 225 
n 0.72 0.11 0.23 0.43 0.88 531 504 
n 0.38 0.39 0.89 0.32 0.4 43 656 
n 0.19 0.28 0.86 0.18 0.2 396 539 
n 0.8 0.64 0.81 0.73 0.27 119 509 
n 0.21 0.84 0.45 0.64 0.88 396 700 
n 0.61 0.73 0.55 0.23 0.23 559 561 
n 0.41 0.19 0.86 0.26 0.43 23 526 
n 0.18 0.6 0.16 0.61 0.14 136 326 
n 0.77 0.57 0.63 0.37 0.17 141 485 
n 0.46 0.19 0.23 0.83 0.67 397 461 
n 0.85 0.71 0.46 0.39 0.67 88 20 
n 0.79 0.67 0.18 0.42 0.66 350 421 
n 0.57 0.76 0.14 0.36 0.32 217 466 
n 0.85 0.75 0.35 0.33 0.89 131 351 
n 0.46 0.62 0.81 0.89 0.72 73 646 
n 0.11 0.89 0.22 0.34 0.73 145 457 
n 0.19 0.79 0.11 0.76 0.6 212 595 
n 0.52 0.56 0.51 0.8 0.13 50 541 
n 0.56 0.19 0.62 0.81 0.74 657 558 
n 0.35 0.29 0.62 0.75 0.71 177 649 
n 0.88 0.86 0.69 0.75 0.4 500 199 
n 0.65 0.58 0.79 0.62 0.71 634 613 
n 0.45 0.87 0.21 0.42 0.28 60 552 
n 0.45 0.54 0.26 0.37 0.52 15 143 
n 0.2 0.71 0.72 0.5 0.32 283 376 
n 0.76 0.7 0.55 0.77 0.62 147 39 
n 0.34 0.63 0.5 0.11 0.31 102 635 
n 0.44 0.14 0.41 0.41 0.35 588 581 
n 0.84 0.28 0.61 0.34 0.55 457 350 
n 0.65 0.7 0.9 0.55 0.42 537 473 
n 0.22 0.6 0.64 0.68 0.41 269 367 
n 0.66 0.27 0.22 0.74 0.34 240 103 
n 0.32 0.22 0.38 0.56 0.82 88 384 
n 0.41 0.72 0.87 0.1 0.21 659 584 
n 0.87 0.33 0.28 0.29 0.39 98 157 
n 0.25 0.53 0.16 0.83 0.16 507 233 
n 0.53 0.68 0.28 0.63 0.26 500 65 
n 0.34 0.56 0.47 0.15 0.56 594 276 
n 0.6 0.6 0.73 0.74 0.71 66 24 
n 0.76 0.69 0.26 0.18 0.63 598 415 
n 0.41 0.7 0.19 0.83 0.76 172 344 
n 0.39 0.7 0.21 0.73 0.47 299 252 
n 0.1 0.87 0.5 0.85 0.83 304 21 
n 0.37 0.54 0.78 0.78 0.37 198 512 
n 0.69 0.85 0.11 0.44 0.6 56 243 
n 0.74 0.56 0.2 0.51 0.42 256 449 
n 0.6 0.71 0.34 0.5 0.82 608 223 
n 0.51 0.29 0.17 0.58 0.86 70 78 
n 0.83 0.87 0.51 0.19 0.3 398 120 
n 0.42 0.14 0.18 0.84 0.76 635 133 
n 0.29 0.75 0.68 0.61 0.41 378 272 
n 0.72 0.66 0.21 0.46 0.3 485 677 
n 0.31 0.2 0.22 0.27 0.4 279 300 
n 0.41 0.25 0.42 0.53 0.23 382 360 
n 0.81 0.66 0.44 0.79 0.82 558 595 
n 0.11 0.42 0.23 0.7 0.51 249 77 
n 0.19 0.52 0.41 0.14 0.43 563 670 
n 0.48 0.19 0.76 0.31 0.51 399 393 
n 0.6 0.47 0.47 0.11 0.11 591 371 
n 0.14 0.23 0.73 0.61 0.18 558 0 
n 0.72 0.17 0.32 0.16 0.34 461 531 
n 0.85 0.88 0.31 0.62 0.55 355 685 
n 0.46 0.82 0.23 0.18 0.41 194 670 
n 0.88 0.32 0.52 0.41 0.59 352 140 
n 0.61 0.7 0.65 0.37 0.11 308 115 
n 0.28 0.57 0.76 0.87 0.23 300 531 
n 0.72 0.69 0.51 0.78 0.57 334 152 
n 0.83 0.16 0.81 0.54 0.51 691 135 
n 0.87 0.86 0.78 0.59 0.15 48 271 
n 0.4 0.26 0.38 0.74 0.68 92 166 
