t 198 5 4
n 0.76 0.86 0.46 0.28 0 0 
n 0.21 0.88 0.71 0.72 551 996 
n 0.62 0.65 0.52 0.21 627 996 
n 0.16 0.27 0.69 0.2 704 996 
n 0.7 0.85 0.58 0.18 704 1047 
n 0.15 0.27 0.64 0.31 627 1047 
n 0.16 0.65 0.23 0.82 551 1047 
n 0.42 0.13 0.83 0.13 881 1352 
n 0.37 0.36 0.47 0.5 932 1352 
n 0.3 0.39 0.45 0.5 958 1352 
n 0.3 0.71 0.13 0.83 983 1352 
n 0.41 0.65 0.72 0.78 1008 1352 
n 0.29 0.63 0.85 0.52 1034 1352 
n 0.51 0.74 0.24 0.49 1313 1123 
n 0.4 0.73 0.16 0.76 1288 1098 
n 0.1 0.86 0.47 0.34 1288 996 
n 0.49 0.49 0.53 0.33 1313 996 
n 0.55 0.23 0.42 0.11 1466 996 
n 0.67 0.41 0.35 0.58 1516 996 
n 0.12 0.22 0.5 0.14 1593 996 
n 0.26 0.31 0.25 0.68 1593 1098 
n 0.2 0.64 0.44 0.44 1516 1098 
n 0.11 0.44 0.76 0.44 1466 1098 
n 0.21 0.21 0.19 0.66 1567 1123 
n 0.7 0.42 0.67 0.22 1593 1149 
n 0.78 0.5 0.87 0.22 1567 1174 
n 0.57 0.62 0.4 0.51 1542 1174 
n 0.59 0.11 0.8 0.87 1491 1174 
n 0.49 0.69 0.76 0.28 1440 1174 
n 0.28 0.61 0.39 0.64 1466 1200 
n 0.56 0.89 0.4 0.62 1415 1225 
n 0.13 0.29 0.52 0.59 1440 1225 
n 0.65 0.26 0.52 0.63 1491 1225 
n 0.42 0.87 0.36 0.64 1516 1225 
n 0.39 0.11 0.54 0.55 1593 1250 
n 0.66 0.52 0.33 0.72 1466 1250 
n 0.29 0.8 0.64 0.42 1440 1250 
n 0.45 0.46 0.16 0.31 1389 1250 
n 0.86 0.36 0.52 0.4 1542 1276 
n 0.15 0.87 0.58 0.31 1161 1123 
n 0.13 0.52 0.72 0.25 1161 1225 
n 0.78 0.85 0.84 0.72 1262 1301 
n 0.58 0.14 0.59 0.41 1288 1301 
n 0.46 0.66 0.42 0.61 1339 1301 
n 0.24 0.87 0.74 0.77 1415 1301 
n 0.71 0.68 0.86 0.74 1491 1301 
n 0.25 0.6 0.84 0.39 1542 1301 
n 0.31 0.78 0.16 0.16 1643 1301 
n 0.24 0.58 0.34 0.23 1669 1327 
n 0.71 0.27 0.1 0.39 1618 1327 
n 0.81 0.28 0.29 0.64 1567 1327 
n 0.33 0.39 0.86 0.59 1516 1327 
n 0.86 0.65 0.84 0.69 1466 1327 
n 0.33 0.88 0.14 0.59 1415 1327 
n 0.47 0.78 0.75 0.68 1339 1327 
n 0.42 0.21 0.43 0.69 1313 1327 
n 0.51 0.75 0.22 0.15 1237 1327 
n 0.43 0.32 0.76 0.44 1237 1352 
n 0.72 0.73 0.29 0.21 1313 1352 
n 0.81 0.32 0.47 0.83 1339 1352 
n 0.14 0.68 0.9 0.21 1415 1352 
n 0.2 0.69 0.2 0.85 1466 1352 
n 0.78 0.62 0.59 0.55 1694 1352 
n 0.14 0.37 0.55 0.56 1618 1377 
n 0.58 0.65 0.4 0.43 1516 1377 
n 0.73 0.62 0.13 0.8 1415 1377 
n 0.58 0.76 0.58 0.58 1339 1377 
n 0.73 0.57 0.73 0.25 1313 1377 
n 0.74 0.17 0.47 0.42 1237 1377 
n 0.55 0.53 0.84 0.42 1358 1390 
n 0.59 0.84 0.32 0.72 1237 1403 
n 0.9 0.39 0.54 0.17 1313 1403 
n 0.2 0.31 0.56 0.7 1339 1403 
n 0.77 0.59 0.21 0.78 1415 1403 
n 0.76 0.21 0.19 0.77 1466 1403 
n 0.71 0.39 0.78 0.53 1567 1403 
n 0.53 0.3 0.13 0.37 1593 1403 
n 0.17 0.4 0.62 0.71 1618 1403 
n 0.33 0.74 0.3 0.12 1694 1428 
n 0.15 0.72 0.44 0.56 1669 1428 
n 0.76 0.7 0.68 0.52 1542 1428 
n 0.37 0.6 0.61 0.17 1440 1428 
n 0.36 0.26 0.4 0.57 1415 1428 
n 0.74 0.62 0.85 0.42 1339 1428 
n 0.33 0.65 0.28 0.44 1262 1428 
n 0.1 0.26 0.59 0.28 1237 1454 
n 0.26 0.26 0.26 0.45 1339 1454 
n 0.8 0.63 0.84 0.75 1415 1454 
n 0.44 0.3 0.89 0.43 1466 1454 
n 0.36 0.13 0.88 0.8 1491 1454 
n 0.31 0.76 0.66 0.38 1669 1454 
n 0.71 0.35 0.2 0.41 1694 1454 
n 0.26 0.56 0.83 0.72 1618 1479 
n 0.69 0.55 0.79 0.59 1593 1479 
n 0.51 0.23 0.45 0.81 1567 1479 
n 0.86 0.42 0.72 0.87 1516 1479 
n 0.41 0.69 0.51 0.23 1440 1479 
n 0.41 0.17 0.71 0.37 1415 1479 
n 0.24 0.54 0.58 0.36 1339 1479 
n 0.12 0.27 0.17 0.76 1262 1479 
n 0.12 0.3 0.68 0.11 1593 1504 
n 0.5 0.72 0.53 0.33 1618 1504 
n 0.8 0.83 0.46 0.66 1669 1530 
n 0.32 0.75 0.45 0.67 1694 1530 
n 0.81 0.13 0.41 0.5 1745 1530 
n 0.38 0.16 0.65 0.58 1821 1530 
n 0.24 0.38 0.79 0.16 1847 1530 
n 0.4 0.83 0.84 0.43 1948 1530 
n 0.72 0.18 0.26 0.54 1923 1555 
n 0.75 0.24 0.37 0.14 1897 1555 
n 0.27 0.7 0.19 0.79 1872 1555 
n 0.82 0.18 0.89 0.34 1821 1555 
n 0.8 0.84 0.31 0.69 1796 1555 
n 0.85 0.6 0.63 0.84 1770 1555 
n 0.87 0.23 0.44 0.56 1770 1657 
n 0.74 0.44 0.17 0.54 1796 1657 
n 0.13 0.32 0.11 0.3 1821 1657 
n 0.15 0.65 0.32 0.48 1872 1657 
n 0.55 0.8 0.79 0.78 1897 1657 
n 0.6 0.77 0.62 0.39 1923 1657 
n 0.54 0.22 0.1 0.37 1808 1695 
n 0.72 0.87 0.61 0.55 1758 1695 
n 0.33 0.46 0.28 0.76 1885 1733 
n 0.35 0.76 0.4 0.62 1999 1733 
n 0.38 0.83 0.61 0.21 2075 1733 
n 0.38 0.58 0.76 0.62 2113 1733 
n 0.71 0.88 0.39 0.78 2177 1733 
n 0.33 0.71 0.55 0.51 2236 1733 
n 0.48 0.52 0.25 0.88 2177 1784 
n 0.62 0.75 0.71 0.84 2126 1784 
n 0.19 0.4 0.85 0.34 2101 1784 
n 0.4 0.24 0.89 0.22 2101 1809 
n 0.88 0.43 0.27 0.23 2126 1809 
n 0.38 0.32 0.87 0.82 2101 1835 
n 0.35 0.62 0.18 0.52 2126 1835 
n 0.67 0.43 0.11 0.24 2151 1835 
n 0.65 0.15 0.21 0.16 2236 1847 
n 0.56 0.33 0.8 0.83 1999 1847 
n 0.42 0.72 0.8 0.16 1885 1847 
n 0.74 0.32 0.47 0.29 2101 1860 
n 0.53 0.52 0.83 0.3 2126 1860 
n 0.77 0.66 0.36 0.14 2101 1885 
n 0.79 0.6 0.49 0.44 2126 1885 
n 0.26 0.5 0.59 0.86 2177 1885 
n 0.34 0.45 0.79 0.65 2151 1911 
n 0.77 0.31 0.59 0.37 2126 1911 
n 0.71 0.25 0.21 0.17 2101 1911 
n 0.52 0.25 0.15 0.19 2101 1936 
n 0.1 0.57 0.87 0.54 2126 1936 
n 0.56 0.62 0.18 0.23 2177 1936 
n 0.83 0.17 0.73 0.41 2228 1936 
n 0.88 0.34 0.22 0.84 2126 1962 
n 0.22 0.23 0.15 0.64 2101 1962 
n 0.24 0.74 0.79 0.31 1796 1987 
n 0.13 0.53 0.48 0.81 1821 1987 
n 0.23 0.3 0.23 0.74 1847 1987 
n 0.52 0.81 0.62 0.33 1872 1987 
n 0.2 0.47 0.69 0.6 1897 1987 
n 0.22 0.45 0.4 0.26 1948 1987 
n 0.23 0.5 0.2 0.85 2056 1987 
n 0.67 0.72 0.84 0.81 2101 1987 
n 0.44 0.86 0.53 0.15 2126 1987 
n 0.18 0.62 0.61 0.32 2253 1987 
n 0.25 0.55 0.57 0.32 2304 1987 
n 0.84 0.79 0.24 0.82 2380 1987 
n 0.23 0.1 0.19 0.9 2405 1987 
n 0.55 0.51 0.24 0.56 2024 1403 
n 0.77 0.65 0.2 0.67 2151 1403 
n 0.56 0.53 0.76 0.49 2075 1708 
n 0.44 0.67 0.79 0.3 2177 1708 
n 0.19 0.72 0.31 0.58 2351 1733 
n 0.73 0.19 0.86 0.4 2351 1847 
n 0.14 0.86 0.26 0.13 3652 1010 
n 0.25 0.69 0.49 0.49 3726 1010 
n 0.67 0.24 0.34 0.63 3726 1086 
n 0.77 0.57 0.4 0.72 3652 1086 
n 0.42 0.89 0.85 0.4 3726 1149 
n 0.11 0.58 0.8 0.77 3802 1149 
n 0.18 0.19 0.39 0.68 3853 1149 
n 0.26 0.13 0.48 0.59 3802 1174 
n 0.42 0.4 0.7 0.79 3701 1174 
n 0.52 0.32 0.74 0.65 3606 1200 
n 0.26 0.64 0.22 0.41 3701 1200 
n 0.3 0.13 0.27 0.65 3802 1200 
n 0.64 0.61 0.42 0.33 3853 1200 
n 0.17 0.38 0.27 0.57 4028 1310 
n 0.36 0.51 0.43 0.26 3952 1310 
n 0.24 0.76 0.78 0.63 3728 1310 
n 0.11 0.28 0.15 0.29 3652 1310 
n 0.48 0.46 0.78 0.79 3652 1386 
n 0.72 0.11 0.23 0.43 3728 1386 
n 0.88 0.38 0.39 0.89 3952 1386 
n 0.32 0.4 0.19 0.28 4028 1386 
n 0.86 0.18 0.2 0.8 3853 1123 
n 0.64 0.81 0.73 0.27 3952 1086 
n 0.21 0.84 0.45 0.64 4028 1086 
n 0.88 0.61 0.73 0.55 4028 1010 
n 0.23 0.23 0.41 0.19 3952 1010 
