t 198 20 5
n 0.86 0.26 0.43 0.18 0.6 0 0 
n 0.16 0.61 0.14 0.77 0.57 551 996 
n 0.63 0.37 0.17 0.46 0.19 627 996 
n 0.23 0.83 0.67 0.85 0.71 704 996 
n 0.46 0.39 0.67 0.79 0.67 704 1047 
n 0.18 0.42 0.66 0.57 0.76 627 1047 
n 0.14 0.36 0.32 0.85 0.75 551 1047 
n 0.35 0.33 0.89 0.46 0.62 881 1352 
n 0.81 0.89 0.72 0.11 0.89 932 1352 
n 0.22 0.34 0.73 0.19 0.79 958 1352 
n 0.11 0.76 0.6 0.52 0.56 983 1352 
n 0.51 0.8 0.13 0.56 0.19 1008 1352 
n 0.62 0.81 0.74 0.35 0.29 1034 1352 
n 0.62 0.75 0.71 0.88 0.86 1313 1123 
n 0.69 0.75 0.4 0.65 0.58 1288 1098 
n 0.79 0.62 0.71 0.45 0.87 1288 996 
n 0.21 0.42 0.28 0.45 0.54 1313 996 
n 0.26 0.37 0.52 0.2 0.71 1466 996 
n 0.72 0.5 0.32 0.76 0.7 1516 996 
n 0.55 0.77 0.62 0.34 0.63 1593 996 
n 0.5 0.11 0.31 0.44 0.14 1593 1098 
n 0.41 0.41 0.35 0.84 0.28 1516 1098 
n 0.61 0.34 0.55 0.65 0.7 1466 1098 
n 0.9 0.55 0.42 0.22 0.6 1567 1123 
n 0.64 0.68 0.41 0.66 0.27 1593 1149 
n 0.22 0.74 0.34 0.32 0.22 1567 1174 
n 0.38 0.56 0.82 0.41 0.72 1542 1174 
n 0.87 0.1 0.21 0.87 0.33 1491 1174 
n 0.28 0.29 0.39 0.25 0.53 1440 1174 
n 0.16 0.83 0.16 0.53 0.68 1466 1200 
n 0.28 0.63 0.26 0.34 0.56 1415 1225 
n 0.47 0.15 0.56 0.6 0.6 1440 1225 
n 0.73 0.74 0.71 0.76 0.69 1491 1225 
n 0.26 0.18 0.63 0.41 0.7 1516 1225 
n 0.19 0.83 0.76 0.39 0.7 1593 1250 
n 0.21 0.73 0.47 0.1 0.87 1466 1250 
n 0.5 0.85 0.83 0.37 0.54 1440 1250 
n 0.78 0.78 0.37 0.69 0.85 1389 1250 
n 0.11 0.44 0.6 0.74 0.56 1542 1276 
n 0.2 0.51 0.42 0.6 0.71 1161 1123 
n 0.34 0.5 0.82 0.51 0.29 1161 1225 
n 0.17 0.58 0.86 0.83 0.87 1262 1301 
n 0.51 0.19 0.3 0.42 0.14 1288 1301 
n 0.18 0.84 0.76 0.29 0.75 1339 1301 
n 0.68 0.61 0.41 0.72 0.66 1415 1301 
n 0.21 0.46 0.3 0.31 0.2 1491 1301 
n 0.22 0.27 0.4 0.41 0.25 1542 1301 
n 0.42 0.53 0.23 0.81 0.66 1643 1301 
n 0.44 0.79 0.82 0.11 0.42 1669 1327 
n 0.23 0.7 0.51 0.19 0.52 1618 1327 
n 0.41 0.14 0.43 0.48 0.19 1567 1327 
n 0.76 0.31 0.51 0.6 0.47 1516 1327 
n 0.47 0.11 0.11 0.14 0.23 1466 1327 
n 0.73 0.61 0.18 0.72 0.17 1415 1327 
n 0.32 0.16 0.34 0.85 0.88 1339 1327 
n 0.31 0.62 0.55 0.46 0.82 1313 1327 
n 0.23 0.18 0.41 0.88 0.32 1237 1327 
n 0.52 0.41 0.59 0.61 0.7 1237 1352 
n 0.65 0.37 0.11 0.28 0.57 1313 1352 
n 0.76 0.87 0.23 0.72 0.69 1339 1352 
n 0.51 0.78 0.57 0.83 0.16 1415 1352 
n 0.81 0.54 0.51 0.87 0.86 1466 1352 
n 0.78 0.59 0.15 0.4 0.26 1694 1352 
n 0.38 0.74 0.68 0.56 0.78 1618 1377 
n 0.61 0.5 0.68 0.64 0.72 1516 1377 
n 0.86 0.26 0.14 0.73 0.25 1415 1377 
n 0.12 0.54 0.15 0.13 0.42 1339 1377 
n 0.15 0.89 0.59 0.37 0.59 1313 1377 
n 0.78 0.14 0.42 0.38 0.12 1237 1377 
n 0.3 0.72 0.74 0.65 0.12 1358 1390 
n 0.21 0.12 0.88 0.32 0.73 1237 1403 
n 0.17 0.7 0.84 0.34 0.69 1313 1403 
n 0.22 0.64 0.63 0.55 0.22 1339 1403 
n 0.56 0.85 0.76 0.29 0.71 1415 1403 
n 0.47 0.19 0.9 0.43 0.13 1466 1403 
n 0.21 0.64 0.51 0.69 0.58 1567 1403 
n 0.83 0.86 0.15 0.63 0.53 1593 1403 
n 0.57 0.5 0.37 0.9 0.74 1618 1403 
n 0.1 0.74 0.77 0.68 0.23 1694 1428 
n 0.34 0.63 0.79 0.71 0.32 1669 1428 
n 0.18 0.39 0.35 0.31 0.78 1542 1428 
n 0.19 0.81 0.12 0.86 0.37 1440 1428 
n 0.73 0.81 0.55 0.25 0.4 1415 1428 
n 0.65 0.75 0.79 0.67 0.48 1339 1428 
n 0.18 0.36 0.65 0.25 0.44 1262 1428 
n 0.12 0.85 0.8 0.89 0.87 1237 1454 
n 0.78 0.23 0.37 0.47 0.32 1339 1454 
n 0.82 0.59 0.88 0.43 0.57 1415 1454 
n 0.12 0.83 0.68 0.74 0.43 1466 1454 
n 0.43 0.38 0.36 0.31 0.31 1491 1454 
n 0.39 0.54 0.57 0.4 0.14 1669 1454 
n 0.83 0.73 0.43 0.3 0.71 1694 1454 
n 0.14 0.76 0.65 0.54 0.71 1618 1479 
n 0.5 0.82 0.75 0.82 0.32 1593 1479 
n 0.58 0.41 0.43 0.65 0.69 1567 1479 
n 0.72 0.45 0.7 0.16 0.15 1516 1479 
n 0.46 0.23 0.65 0.4 0.33 1440 1479 
n 0.32 0.65 0.63 0.64 0.1 1415 1479 
n 0.19 0.67 0.16 0.49 0.32 1339 1479 
n 0.65 0.51 0.27 0.23 0.2 1262 1479 
n 0.14 0.82 0.21 0.22 0.53 1593 1504 
n 0.31 0.52 0.55 0.87 0.29 1618 1504 
n 0.77 0.12 0.55 0.52 0.71 1669 1530 
n 0.14 0.68 0.6 0.37 0.66 1694 1530 
n 0.13 0.56 0.24 0.45 0.55 1745 1530 
n 0.14 0.5 0.38 0.11 0.32 1821 1530 
n 0.38 0.23 0.26 0.2 0.32 1847 1530 
n 0.59 0.84 0.6 0.63 0.38 1948 1530 
n 0.55 0.48 0.83 0.78 0.19 1923 1555 
n 0.71 0.7 0.43 0.55 0.31 1897 1555 
n 0.71 0.55 0.75 0.52 0.53 1872 1555 
n 0.83 0.49 0.38 0.55 0.29 1821 1555 
n 0.17 0.55 0.75 0.38 0.13 1796 1555 
n 0.62 0.13 0.83 0.79 0.42 1770 1555 
n 0.78 0.2 0.22 0.73 0.62 1770 1657 
n 0.67 0.8 0.37 0.23 0.83 1796 1657 
n 0.8 0.44 0.32 0.51 0.47 1821 1657 
n 0.72 0.28 0.76 0.17 0.31 1872 1657 
n 0.68 0.63 0.7 0.81 0.36 1897 1657 
n 0.49 0.62 0.77 0.3 0.1 1923 1657 
n 0.64 0.7 0.15 0.6 0.33 1808 1695 
n 0.87 0.44 0.35 0.23 0.74 1758 1695 
n 0.51 0.22 0.56 0.41 0.13 1885 1733 
n 0.16 0.75 0.17 0.37 0.14 1999 1733 
n 0.63 0.42 0.23 0.44 0.5 2075 1733 
n 0.31 0.27 0.24 0.23 0.55 2113 1733 
n 0.73 0.15 0.15 0.74 0.11 2177 1733 
n 0.77 0.53 0.29 0.69 0.82 2236 1733 
n 0.72 0.51 0.49 0.23 0.74 2177 1784 
n 0.79 0.46 0.86 0.33 0.33 2126 1784 
n 0.56 0.57 0.9 0.13 0.25 2101 1784 
n 0.19 0.54 0.31 0.31 0.89 2101 1809 
n 0.3 0.73 0.54 0.12 0.56 2126 1809 
n 0.18 0.12 0.67 0.22 0.32 2101 1835 
n 0.27 0.67 0.86 0.66 0.46 2126 1835 
n 0.8 0.68 0.68 0.43 0.72 2151 1835 
n 0.69 0.5 0.78 0.47 0.75 2236 1847 
n 0.65 0.43 0.67 0.33 0.12 1999 1847 
n 0.63 0.66 0.67 0.29 0.56 1885 1847 
n 0.57 0.16 0.81 0.58 0.44 2101 1860 
n 0.16 0.31 0.34 0.74 0.22 2126 1860 
n 0.59 0.16 0.35 0.76 0.53 2101 1885 
n 0.61 0.42 0.42 0.34 0.21 2126 1885 
n 0.69 0.83 0.31 0.62 0.48 2177 1885 
n 0.84 0.28 0.16 0.62 0.45 2151 1911 
n 0.13 0.83 0.53 0.21 0.18 2126 1911 
n 0.3 0.11 0.75 0.81 0.61 2101 1911 
n 0.9 0.27 0.87 0.33 0.7 2101 1936 
n 0.88 0.84 0.39 0.22 0.23 2126 1936 
n 0.58 0.83 0.85 0.84 0.46 2177 1936 
n 0.51 0.27 0.66 0.14 0.44 2228 1936 
n 0.81 0.79 0.57 0.39 0.72 2126 1962 
n 0.38 0.49 0.46 0.25 0.63 2101 1962 
n 0.41 0.76 0.8 0.4 0.56 1796 1987 
n 0.79 0.75 0.75 0.69 0.56 1821 1987 
n 0.51 0.56 0.77 0.31 0.32 1847 1987 
n 0.67 0.66 0.72 0.61 0.77 1872 1987 
n 0.41 0.25 0.47 0.42 0.8 1897 1987 
n 0.75 0.55 0.39 0.14 0.36 1948 1987 
n 0.21 0.35 0.46 0.53 0.14 2056 1987 
n 0.51 0.78 0.22 0.44 0.31 2101 1987 
n 0.36 0.42 0.57 0.86 0.14 2126 1987 
n 0.6 0.74 0.6 0.62 0.13 2253 1987 
n 0.89 0.74 0.5 0.32 0.16 2304 1987 
n 0.49 0.82 0.74 0.77 0.86 2380 1987 
n 0.36 0.67 0.28 0.61 0.25 2405 1987 
n 0.58 0.63 0.43 0.48 0.76 2024 1403 
n 0.66 0.34 0.59 0.47 0.4 2151 1403 
n 0.22 0.72 0.22 0.21 0.29 2075 1708 
n 0.34 0.57 0.59 0.19 0.41 2177 1708 
n 0.26 0.81 0.33 0.71 0.47 2351 1733 
n 0.45 0.72 0.85 0.63 0.83 2351 1847 
n 0.84 0.65 0.77 0.15 0.31 3652 1010 
n 0.76 0.85 0.14 0.36 0.22 3726 1010 
n 0.77 0.25 0.46 0.53 0.17 3726 1086 
n 0.13 0.16 0.29 0.86 0.32 3652 1086 
n 0.25 0.58 0.34 0.17 0.18 3726 1149 
n 0.12 0.62 0.68 0.22 0.83 3802 1149 
n 0.13 0.83 0.75 0.28 0.46 3853 1149 
n 0.59 0.6 0.75 0.52 0.38 3802 1174 
n 0.56 0.37 0.74 0.11 0.8 3701 1174 
n 0.4 0.76 0.26 0.17 0.49 3606 1200 
n 0.89 0.8 0.34 0.37 0.62 3701 1200 
n 0.14 0.25 0.34 0.13 0.24 3802 1200 
n 0.12 0.87 0.18 0.51 0.43 3853 1200 
n 0.43 0.29 0.48 0.31 0.83 4028 1310 
n 0.87 0.8 0.15 0.29 0.24 3952 1310 
n 0.68 0.23 0.86 0.28 0.59 3728 1310 
n 0.85 0.84 0.87 0.59 0.37 3652 1310 
n 0.13 0.47 0.55 0.11 0.31 3652 1386 
n 0.39 0.5 0.72 0.25 0.76 3728 1386 
n 0.25 0.45 0.25 0.51 0.63 3952 1386 
n 0.3 0.72 0.55 0.18 0.21 4028 1386 
n 0.55 0.2 0.14 0.11 0.66 3853 1123 
n 0.62 0.46 0.45 0.59 0.41 3952 1086 
n 0.44 0.47 0.27 0.78 0.84 4028 1086 
n 0.88 0.69 0.58 0.22 0.38 4028 1010 
n 0.25 0.13 0.5 0.76 0.86 3952 1010 
