t 198 5 3
n 0.88 0.56 0.21 0 0 
n 0.5 0.48 0.39 551 996 
n 0.69 0.67 0.2 627 996 
n 0.84 0.63 0.86 704 996 
n 0.69 0.8 0.64 704 1047 
n 0.8 0.77 0.21 627 1047 
n 0.87 0.72 0.12 551 1047 
n 0.64 0.82 0.18 881 1352 
n 0.58 0.57 0.11 932 1352 
n 0.33 0.59 0.23 958 1352 
n 0.8 0.21 0.69 983 1352 
n 0.82 0.31 0.79 1008 1352 
n 0.75 0.5 0.4 1034 1352 
n 0.19 0.88 0.26 1313 1123 
n 0.41 0.53 0.15 1288 1098 
n 0.53 0.27 0.48 1288 996 
n 0.63 0.38 0.63 1313 996 
n 0.19 0.68 0.57 1466 996 
n 0.41 0.36 0.8 1516 996 
n 0.49 0.52 0.4 1593 996 
n 0.62 0.73 0.81 1593 1098 
n 0.61 0.33 0.26 1516 1098 
n 0.19 0.8 0.61 1466 1098 
n 0.29 0.68 0.85 1567 1123 
n 0.34 0.59 0.83 1593 1149 
n 0.14 0.46 0.82 1567 1174 
n 0.59 0.46 0.35 1542 1174 
n 0.41 0.74 0.56 1491 1174 
n 0.42 0.32 0.48 1440 1174 
n 0.85 0.8 0.89 1466 1200 
n 0.61 0.89 0.62 1415 1225 
n 0.54 0.78 0.32 1440 1225 
n 0.82 0.3 0.83 1491 1225 
n 0.87 0.34 0.76 1516 1225 
n 0.48 0.6 0.23 1593 1250 
n 0.31 0.17 0.73 1466 1250 
n 0.34 0.83 0.18 1440 1250 
n 0.19 0.3 0.41 1389 1250 
n 0.47 0.26 0.72 1542 1276 
n 0.86 0.3 0.49 1161 1123 
n 0.3 0.37 0.55 1161 1225 
n 0.67 0.36 0.83 1262 1301 
n 0.11 0.19 0.31 1288 1301 
n 0.67 0.72 0.14 1339 1301 
n 0.27 0.17 0.2 1415 1301 
n 0.17 0.38 0.37 1491 1301 
n 0.42 0.27 0.67 1542 1301 
n 0.57 0.53 0.85 1643 1301 
n 0.89 0.72 0.74 1669 1327 
n 0.85 0.32 0.84 1618 1327 
n 0.51 0.9 0.3 1567 1327 
n 0.73 0.76 0.17 1516 1327 
n 0.87 0.36 0.59 1466 1327 
n 0.89 0.7 0.76 1415 1327 
n 0.32 0.29 0.58 1339 1327 
n 0.82 0.47 0.74 1313 1327 
n 0.17 0.75 0.88 1237 1327 
n 0.73 0.9 0.64 1237 1352 
n 0.49 0.89 0.27 1313 1352 
n 0.34 0.44 0.41 1339 1352 
n 0.75 0.82 0.34 1415 1352 
n 0.38 0.31 0.2 1466 1352 
n 0.52 0.35 0.4 1694 1352 
n 0.28 0.66 0.19 1618 1377 
n 0.76 0.56 0.77 1516 1377 
n 0.63 0.86 0.12 1415 1377 
n 0.58 0.86 0.27 1339 1377 
n 0.22 0.8 0.25 1313 1377 
n 0.3 0.14 0.26 1237 1377 
n 0.57 0.48 0.69 1358 1390 
n 0.19 0.62 0.17 1237 1403 
n 0.26 0.39 0.56 1313 1403 
n 0.52 0.85 0.42 1339 1403 
n 0.16 0.77 0.53 1415 1403 
n 0.62 0.58 0.79 1466 1403 
n 0.56 0.18 0.56 1567 1403 
n 0.62 0.22 0.85 1593 1403 
n 0.25 0.63 0.11 1618 1403 
n 0.29 0.31 0.45 1694 1428 
n 0.34 0.18 0.46 1669 1428 
n 0.83 0.31 0.23 1542 1428 
n 0.42 0.65 0.83 1440 1428 
n 0.4 0.24 0.71 1415 1428 
n 0.14 0.82 0.68 1339 1428 
n 0.4 0.53 0.44 1262 1428 
n 0.75 0.11 0.54 1237 1454 
n 0.5 0.36 0.88 1339 1454 
n 0.55 0.85 0.66 1415 1454 
n 0.32 0.78 0.15 1466 1454 
n 0.28 0.43 0.74 1491 1454 
n 0.33 0.86 0.43 1669 1454 
n 0.71 0.25 0.82 1694 1454 
n 0.29 0.79 0.29 1618 1479 
n 0.12 0.84 0.29 1593 1479 
n 0.87 0.33 0.27 1567 1479 
n 0.83 0.84 0.11 1516 1479 
n 0.42 0.66 0.66 1440 1479 
n 0.86 0.64 0.71 1415 1479 
n 0.31 0.69 0.28 1339 1479 
n 0.65 0.27 0.78 1262 1479 
n 0.7 0.7 0.35 1593 1504 
n 0.7 0.6 0.11 1618 1504 
n 0.41 0.12 0.1 1669 1530 
n 0.29 0.77 0.8 1694 1530 
n 0.65 0.66 0.54 1745 1530 
n 0.34 0.71 0.52 1821 1530 
n 0.72 0.15 0.54 1847 1530 
n 0.27 0.13 0.43 1948 1530 
n 0.11 0.16 0.5 1923 1555 
n 0.76 0.1 0.89 1897 1555 
n 0.23 0.17 0.3 1872 1555 
n 0.11 0.79 0.47 1821 1555 
n 0.27 0.5 0.59 1796 1555 
n 0.72 0.17 0.48 1770 1555 
n 0.87 0.43 0.18 1770 1657 
n 0.63 0.48 0.89 1796 1657 
n 0.41 0.42 0.82 1821 1657 
n 0.89 0.73 0.81 1872 1657 
n 0.26 0.74 0.67 1897 1657 
n 0.75 0.59 0.56 1923 1657 
n 0.78 0.13 0.45 1808 1695 
n 0.88 0.82 0.6 1758 1695 
n 0.87 0.15 0.41 1885 1733 
n 0.69 0.76 0.68 1999 1733 
n 0.33 0.63 0.72 2075 1733 
n 0.54 0.14 0.61 2113 1733 
n 0.9 0.11 0.25 2177 1733 
n 0.58 0.1 0.6 2236 1733 
n 0.28 0.55 0.37 2177 1784 
n 0.52 0.42 0.67 2126 1784 
n 0.16 0.21 0.41 2101 1784 
n 0.86 0.75 0.27 2101 1809 
n 0.73 0.56 0.81 2126 1809 
n 0.24 0.57 0.41 2101 1835 
n 0.53 0.49 0.34 2126 1835 
n 0.69 0.55 0.53 2151 1835 
n 0.35 0.5 0.11 2236 1847 
n 0.81 0.54 0.62 1999 1847 
n 0.5 0.25 0.25 1885 1847 
n 0.87 0.21 0.7 2101 1860 
n 0.32 0.41 0.12 2126 1860 
n 0.71 0.82 0.7 2101 1885 
n 0.55 0.18 0.49 2126 1885 
n 0.39 0.57 0.87 2177 1885 
n 0.1 0.73 0.51 2151 1911 
n 0.9 0.6 0.22 2126 1911 
n 0.83 0.56 0.31 2101 1911 
n 0.59 0.55 0.84 2101 1936 
n 0.7 0.46 0.16 2126 1936 
n 0.12 0.24 0.73 2177 1936 
n 0.85 0.85 0.44 2228 1936 
n 0.45 0.18 0.73 2126 1962 
n 0.2 0.76 0.47 2101 1962 
n 0.7 0.8 0.83 1796 1987 
n 0.35 0.5 0.78 1821 1987 
n 0.5 0.6 0.39 1847 1987 
n 0.26 0.38 0.66 1872 1987 
n 0.44 0.55 0.38 1897 1987 
n 0.81 0.85 0.77 1948 1987 
n 0.74 0.18 0.82 2056 1987 
n 0.88 0.87 0.87 2101 1987 
n 0.51 0.48 0.54 2126 1987 
n 0.29 0.47 0.87 2253 1987 
n 0.19 0.71 0.23 2304 1987 
n 0.15 0.61 0.62 2380 1987 
n 0.68 0.79 0.35 2405 1987 
n 0.82 0.72 0.71 2024 1403 
n 0.42 0.46 0.33 2151 1403 
n 0.61 0.21 0.64 2075 1708 
n 0.66 0.52 0.77 2177 1708 
n 0.31 0.48 0.43 2351 1733 
n 0.51 0.72 0.32 2351 1847 
n 0.84 0.85 0.88 3652 1010 
n 0.38 0.29 0.27 3726 1010 
n 0.73 0.61 0.41 3726 1086 
n 0.62 0.59 0.77 3652 1086 
n 0.41 0.54 0.24 3726 1149 
n 0.71 0.19 0.84 3802 1149 
n 0.27 0.18 0.77 3853 1149 
n 0.19 0.52 0.4 3802 1174 
n 0.46 0.3 0.56 3701 1174 
n 0.14 0.58 0.11 3606 1200 
n 0.51 0.8 0.19 3701 1200 
n 0.39 0.57 0.7 3802 1200 
n 0.62 0.45 0.45 3853 1200 
n 0.44 0.66 0.68 4028 1310 
n 0.7 0.37 0.53 3952 1310 
n 0.49 0.48 0.34 3728 1310 
n 0.49 0.86 0.38 3652 1310 
n 0.11 0.8 0.41 3652 1386 
n 0.86 0.76 0.49 3728 1386 
n 0.21 0.24 0.6 3952 1386 
n 0.16 0.33 0.16 4028 1386 
n 0.23 0.68 0.72 3853 1123 
n 0.89 0.5 0.34 3952 1086 
n 0.73 0.32 0.12 4028 1086 
n 0.72 0.83 0.3 4028 1010 
n 0.9 0.14 0.16 3952 1010 
