t 493 20 2
n 0.84 0.3 0 0 
n 0.16 0.21 1116 1555 
n 0.5 0.52 1358 1479 
n 0.1 0.46 1148 1771 
n 0.85 0.74 1186 1796 
n 0.7 0.74 1205 1885 
n 0.53 0.71 1237 1993 
n 0.76 0.64 1300 2006 
n 0.4 0.58 1161 2025 
n 0.61 0.53 1174 2038 
n 0.43 0.61 1224 2050 
n 0.65 0.7 1351 2241 
n 0.88 0.72 1732 2133 
n 0.63 0.61 1745 2190 
n 0.41 0.5 1764 2292 
n 0.32 0.26 1764 2343 
n 0.14 0.39 1732 2393 
n 0.12 0.73 1745 2419 
n 0.78 0.35 1650 2432 
n 0.89 0.18 1758 2520 
n 0.62 0.39 2297 1771 
n 0.14 0.28 2215 1428 
n 0.65 0.75 2228 1339 
n 0.34 0.72 2183 1320 
n 0.4 0.56 2615 1111 
n 0.64 0.82 2507 1162 
n 0.56 0.18 2348 952 
n 0.44 0.59 2221 1009 
n 0.27 0.13 2208 1085 
n 0.37 0.28 2202 1136 
n 0.33 0.38 2215 1174 
n 0.86 0.36 2024 1123 
n 0.67 0.23 2043 1301 
n 0.17 0.18 1948 1308 
n 0.15 0.31 1942 1390 
n 0.59 0.42 1847 1416 
n 0.71 0.85 1758 1365 
n 0.22 0.55 1802 1352 
n 0.5 0.21 1834 1263 
n 0.52 0.53 1732 1250 
n 0.39 0.55 2043 1581 
n 0.12 0.11 2050 1746 
n 0.83 0.26 1999 1803 
n 0.85 0.43 1961 1816 
n 0.26 0.87 2056 1822 
n 0.64 0.18 2012 1828 
n 0.71 0.14 2043 1854 
n 0.51 0.17 1847 1784 
n 0.54 0.35 1821 1828 
n 0.63 0.47 1847 1866 
n 0.82 0.2 1815 1650 
n 0.36 0.13 1669 1809 
n 0.84 0.18 1859 2165 
n 0.24 0.43 1986 2133 
n 0.88 0.82 2012 2178 
n 0.31 0.22 1948 2197 
n 0.7 0.43 1891 2247 
n 0.49 0.38 2012 2273 
n 0.88 0.47 2037 2304 
n 0.4 0.69 2056 2355 
n 0.55 0.55 1897 2412 
n 0.32 0.6 1897 2457 
n 0.59 0.63 1916 2470 
n 0.14 0.53 2056 2470 
n 0.73 0.42 2158 2139 
n 0.54 0.39 1637 2698 
n 0.75 0.31 1707 2705 
n 0.83 0.64 1764 2749 
n 0.74 0.19 1707 2774 
n 0.76 0.39 1764 2800 
n 0.41 0.57 1872 3066 
n 0.39 0.4 1853 3003 
n 0.27 0.72 1872 2997 
n 0.39 0.19 1897 2997 
n 0.25 0.45 2215 2971 
n 0.13 0.7 2196 2940 
n 0.89 0.68 2247 2889 
n 0.44 0.28 1891 2870 
n 0.46 0.73 2202 2844 
n 0.67 0.51 1904 2819 
n 0.51 0.8 1872 2819 
n 0.65 0.74 2012 2762 
n 0.31 0.7 1904 2698 
n 0.28 0.65 1954 2584 
n 0.51 0.84 2056 2578 
n 0.48 0.88 2094 2565 
n 0.22 0.63 2196 2476 
n 0.49 0.87 2590 2990 
n 0.72 0.65 2609 2990 
n 0.25 0.87 2507 3003 
n 0.17 0.18 2894 3048 
n 0.41 0.28 2894 3003 
n 0.79 0.55 2907 2971 
n 0.79 0.69 3028 3048 
n 0.39 0.14 2793 2812 
n 0.86 0.49 2228 2812 
n 0.52 0.52 2583 2800 
n 0.63 0.49 2596 2774 
n 0.79 0.37 2507 2774 
n 0.86 0.77 2723 2755 
n 0.44 0.44 2615 2749 
n 0.5 0.88 2888 2730 
n 0.68 0.84 3212 2730 
n 0.15 0.45 3142 2717 
n 0.66 0.13 2755 2698 
n 0.49 0.28 2456 2698 
n 0.65 0.9 2570 2622 
n 0.51 0.55 2723 2622 
n 0.51 0.32 3364 2622 
n 0.51 0.89 2901 2616 
n 0.26 0.65 3136 2603 
n 0.81 0.85 2710 2597 
n 0.59 0.28 2716 2546 
n 0.45 0.66 2888 2533 
n 0.3 0.34 2850 2514 
n 0.6 0.85 2297 2514 
n 0.45 0.3 2609 2495 
n 0.14 0.63 3224 2489 
n 0.36 0.13 2691 2476 
n 0.64 0.41 2875 2438 
n 0.78 0.58 2501 2419 
n 0.61 0.76 2431 2400 
n 0.44 0.21 2875 2400 
n 0.66 0.34 3129 2368 
n 0.49 0.77 2583 2368 
n 0.65 0.15 2494 2368 
n 0.8 0.6 2780 2362 
n 0.1 0.28 2336 2355 
n 0.11 0.52 2615 2317 
n 0.46 0.56 2926 2304 
n 0.44 0.62 2805 2292 
n 0.43 0.22 2583 2292 
n 0.84 0.82 2824 2286 
n 0.25 0.48 2863 2279 
n 0.79 0.46 2799 2260 
n 0.77 0.83 2691 2260 
n 0.75 0.16 2755 2254 
n 0.67 0.58 2913 2254 
n 0.88 0.41 2348 2241 
n 0.57 0.17 2907 2235 
n 0.74 0.17 3136 2235 
n 0.6 0.31 2926 2228 
n 0.51 0.14 3434 2203 
n 0.27 0.52 2882 2190 
n 0.37 0.73 2602 2190 
n 0.17 0.57 2710 2165 
n 0.8 0.82 2793 2146 
n 0.84 0.15 2824 2133 
n 0.39 0.18 2424 2108 
n 0.54 0.36 2869 2101 
n 0.46 0.6 3434 2101 
n 0.2 0.62 2615 2089 
n 0.25 0.38 3078 2082 
n 0.68 0.17 2590 2076 
n 0.24 0.34 2488 2063 
n 0.84 0.39 2736 2063 
n 0.39 0.89 3447 2044 
n 0.44 0.31 3352 2032 
n 0.12 0.78 2628 2019 
n 0.76 0.26 2698 2006 
n 0.74 0.65 2488 1993 
n 0.25 0.18 2685 1974 
n 0.66 0.74 2462 1968 
n 0.51 0.7 3136 1968 
n 0.53 0.39 3396 1968 
n 0.27 0.55 2748 1962 
n 0.59 0.61 2723 1962 
n 0.25 0.7 3231 1955 
n 0.41 0.71 2970 1943 
n 0.78 0.6 2475 1936 
n 0.12 0.87 2513 1924 
n 0.26 0.69 2926 1917 
n 0.38 0.48 2494 1911 
n 0.75 0.28 2615 1904 
n 0.36 0.48 2520 1892 
n 0.41 0.35 2590 1892 
n 0.81 0.49 3409 1892 
n 0.22 0.78 3644 1892 
n 0.74 0.62 2786 1885 
n 0.18 0.87 2659 1885 
n 0.55 0.73 2494 1879 
n 0.54 0.42 2958 1879 
n 0.66 0.75 3460 1879 
n 0.72 0.32 3053 1866 
n 0.47 0.35 2774 1866 
n 0.54 0.9 2710 1866 
n 0.17 0.55 3237 1854 
n 0.1 0.3 3326 1854 
n 0.6 0.56 2736 1847 
n 0.39 0.36 2494 1835 
n 0.5 0.74 3269 1835 
n 0.8 0.15 3307 1835 
n 0.73 0.83 3364 1835 
n 0.53 0.54 2672 1828 
n 0.2 0.78 3352 1822 
n 0.84 0.58 3472 1822 
n 0.41 0.56 2869 1816 
n 0.5 0.41 2812 1809 
n 0.88 0.56 3352 1803 
n 0.21 0.5 3294 1796 
n 0.48 0.39 2545 1796 
n 0.69 0.67 3110 1778 
n 0.2 0.84 3161 1778 
n 0.63 0.86 3282 1778 
n 0.69 0.8 3339 1758 
n 0.64 0.8 2996 1758 
n 0.77 0.21 3199 1720 
n 0.87 0.72 3002 1720 
n 0.12 0.64 2634 1720 
n 0.82 0.18 2507 1708 
n 0.58 0.57 2964 1708 
n 0.11 0.33 3059 1708 
n 0.59 0.23 3098 1708 
n 0.8 0.21 3644 1708 
n 0.69 0.82 2805 1701 
n 0.31 0.79 2583 1695 
n 0.75 0.5 3078 1695 
n 0.4 0.19 2894 1689 
n 0.88 0.26 3148 1682 
n 0.41 0.53 3218 1663 
n 0.15 0.53 3199 1663 
n 0.27 0.48 2729 1663 
n 0.63 0.38 2952 1650 
n 0.63 0.19 2431 1644 
n 0.68 0.57 2507 1631 
n 0.41 0.36 3599 1631 
n 0.8 0.49 3136 1625 
n 0.52 0.4 3078 1625 
n 0.62 0.73 3059 1625 
n 0.81 0.61 2774 1625 
n 0.33 0.26 2913 1619 
n 0.19 0.8 3307 1619 
n 0.61 0.29 3136 1606 
n 0.68 0.85 3015 1606 
n 0.34 0.59 2424 1600 
n 0.83 0.14 2831 1593 
n 0.46 0.82 3294 1593 
n 0.59 0.46 3129 1581 
n 0.35 0.41 3377 1568 
n 0.74 0.56 2615 1568 
n 0.42 0.32 2932 1549 
n 0.48 0.85 3046 1547 
n 0.8 0.89 3072 1547 
n 0.61 0.89 3098 1547 
n 0.62 0.54 3124 1547 
n 0.78 0.32 3150 1547 
n 0.82 0.3 3176 1547 
n 0.83 0.87 3202 1547 
n 0.34 0.76 3228 1547 
n 0.48 0.6 3254 1547 
n 0.23 0.31 3280 1547 
n 0.17 0.73 3306 1547 
n 0.34 0.83 3332 1547 
n 0.18 0.19 3358 1547 
n 0.3 0.41 2723 1536 
n 0.47 0.26 3066 1525 
n 0.72 0.86 3111 1525 
n 0.3 0.49 3137 1525 
n 0.3 0.37 3163 1525 
n 0.55 0.67 3189 1525 
n 0.36 0.83 3215 1525 
n 0.11 0.19 3241 1525 
n 0.31 0.67 3267 1525 
n 0.72 0.14 3293 1525 
n 0.27 0.17 3345 1525 
n 0.2 0.17 2437 1524 
n 0.38 0.37 2964 1511 
n 0.42 0.27 2742 1504 
n 0.67 0.57 2431 1504 
n 0.53 0.85 3414 1499 
n 0.89 0.72 2998 1492 
n 0.74 0.85 2824 1485 
n 0.32 0.84 3020 1479 
n 0.51 0.9 3391 1479 
n 0.3 0.73 3414 1473 
n 0.76 0.17 2837 1466 
n 0.87 0.36 2609 1466 
n 0.59 0.89 2998 1466 
n 0.7 0.76 3105 1466 
n 0.32 0.29 3131 1466 
n 0.58 0.82 3157 1466 
n 0.47 0.74 3183 1466 
n 0.17 0.75 3209 1466 
n 0.88 0.73 3235 1466 
n 0.9 0.64 3261 1466 
n 0.49 0.89 3287 1466 
n 0.27 0.34 3313 1466 
n 0.44 0.41 3414 1447 
n 0.75 0.82 3079 1447 
n 0.34 0.38 3118 1443 
n 0.31 0.2 3144 1443 
n 0.52 0.35 3170 1443 
n 0.4 0.28 3196 1443 
n 0.66 0.19 3222 1443 
n 0.76 0.56 3248 1443 
n 0.77 0.63 3274 1443 
n 0.86 0.12 2901 1441 
n 0.58 0.86 2691 1441 
n 0.27 0.22 2998 1440 
n 0.8 0.25 3332 1440 
n 0.3 0.14 2437 1435 
n 0.26 0.57 3391 1434 
n 0.48 0.69 3310 1427 
n 0.19 0.62 3020 1427 
n 0.17 0.26 2583 1422 
n 0.39 0.56 3079 1421 
n 0.52 0.85 3414 1421 
n 0.42 0.16 3284 1417 
n 0.77 0.53 3128 1417 
n 0.62 0.58 2998 1414 
n 0.79 0.56 3332 1414 
n 0.18 0.56 3237 1409 
n 0.62 0.22 3199 1409 
n 0.85 0.25 3102 1408 
n 0.63 0.11 3391 1408 
n 0.29 0.31 3440 1403 
n 0.45 0.34 2952 1403 
n 0.18 0.46 3020 1401 
n 0.83 0.31 3310 1401 
n 0.23 0.42 3414 1395 
n 0.65 0.83 3079 1395 
n 0.4 0.24 3161 1390 
n 0.71 0.14 2998 1388 
n 0.82 0.68 3332 1388 
n 0.4 0.53 2939 1384 
n 0.44 0.75 2875 1384 
n 0.11 0.54 3102 1382 
n 0.5 0.36 3391 1382 
n 0.88 0.55 3140 1375 
n 0.85 0.66 3020 1375 
n 0.32 0.78 3310 1375 
n 0.15 0.28 3414 1369 
n 0.43 0.74 3079 1369 
n 0.33 0.86 2799 1365 
n 0.43 0.71 3599 1365 
n 0.25 0.82 3332 1362 
n 0.29 0.79 2998 1362 
n 0.29 0.12 3102 1356 
n 0.84 0.29 3391 1356 
n 0.87 0.33 3269 1352 
n 0.27 0.83 2920 1352 
n 0.84 0.11 2837 1352 
n 0.42 0.66 3020 1349 
n 0.66 0.86 3310 1349 
n 0.64 0.71 2875 1346 
n 0.31 0.69 3079 1343 
n 0.28 0.65 3414 1343 
n 0.27 0.78 3485 1339 
n 0.7 0.7 2970 1339 
n 0.35 0.7 2998 1336 
n 0.6 0.11 3332 1336 
n 0.41 0.12 2913 1333 
n 0.1 0.29 3102 1330 
n 0.77 0.8 3391 1330 
n 0.65 0.66 3310 1323 
n 0.54 0.34 3244 1323 
n 0.71 0.52 3020 1323 
n 0.72 0.15 2958 1320 
n 0.54 0.27 3155 1320 
n 0.13 0.43 3079 1317 
n 0.11 0.16 3414 1317 
n 0.5 0.76 3612 1314 
n 0.1 0.89 3332 1310 
n 0.23 0.17 2998 1310 
n 0.3 0.11 3102 1304 
n 0.79 0.47 3391 1304 
n 0.27 0.5 3310 1297 
n 0.59 0.72 3020 1297 
n 0.17 0.48 2850 1295 
n 0.87 0.43 2875 1295 
n 0.18 0.63 2901 1295 
n 0.48 0.89 3542 1295 
n 0.41 0.42 3414 1291 
n 0.82 0.89 3079 1291 
n 0.73 0.81 3174 1288 
n 0.26 0.74 3332 1284 
n 0.67 0.75 2998 1284 
n 0.59 0.56 3102 1278 
n 0.78 0.13 3391 1278 
n 0.45 0.88 3310 1271 
n 0.82 0.6 3020 1271 
n 0.87 0.15 2767 1270 
n 0.41 0.69 3079 1265 
n 0.76 0.68 3414 1265 
n 0.33 0.63 2602 1263 
n 0.72 0.54 3128 1261 
n 0.14 0.61 3284 1261 
n 0.9 0.11 3332 1258 
n 0.25 0.58 2998 1258 
n 0.1 0.6 2882 1257 
n 0.28 0.55 2793 1257 
n 0.37 0.52 2558 1257 
n 0.42 0.67 3102 1252 
n 0.16 0.21 3391 1252 
n 0.41 0.86 3478 1250 
n 0.75 0.27 3020 1245 
n 0.73 0.56 2920 1244 
n 0.81 0.24 2818 1244 
n 0.57 0.41 2520 1244 
n 0.53 0.49 3079 1239 
n 0.34 0.69 3414 1239 
n 0.55 0.53 3293 1235 
n 0.35 0.5 3267 1235 
n 0.11 0.81 3241 1235 
n 0.54 0.62 3215 1235 
n 0.5 0.25 3189 1235 
n 0.25 0.87 3163 1235 
n 0.21 0.7 3137 1235 
n 0.32 0.41 2998 1232 
n 0.12 0.71 3332 1232 
n 0.82 0.7 2882 1225 
n 0.55 0.18 3098 1213 
n 0.49 0.39 3124 1213 
n 0.57 0.87 3150 1213 
n 0.1 0.73 3176 1213 
n 0.51 0.9 3202 1213 
n 0.6 0.22 3228 1213 
n 0.83 0.56 3254 1213 
n 0.31 0.59 3280 1213 
n 0.55 0.84 3306 1213 
n 0.7 0.46 3414 1213 
n 0.16 0.12 2590 1212 
n 0.24 0.73 2570 1212 
n 0.85 0.85 2998 1206 
n 0.44 0.45 3020 1200 
n 0.18 0.73 3391 1200 
n 0.2 0.76 3460 1200 
n 0.47 0.7 3485 1200 
n 0.8 0.83 2659 1193 
n 0.35 0.5 3414 1187 
n 0.78 0.5 2939 1180 
n 0.6 0.39 2998 1180 
n 0.26 0.38 3066 1154 
n 0.66 0.44 3118 1154 
n 0.55 0.38 3144 1154 
n 0.81 0.85 3170 1154 
n 0.77 0.74 3196 1154 
n 0.18 0.82 3222 1154 
n 0.88 0.87 3248 1154 
n 0.87 0.51 3274 1154 
n 0.48 0.54 3300 1154 
n 0.29 0.47 3345 1154 
n 0.87 0.19 2926 1142 
n 0.71 0.23 3053 1131 
n 0.15 0.61 3079 1131 
n 0.62 0.68 3105 1131 
n 0.79 0.35 3131 1131 
n 0.82 0.72 3157 1131 
n 0.71 0.42 3183 1131 
n 0.46 0.33 3209 1131 
n 0.61 0.21 3235 1131 
n 0.64 0.66 3261 1131 
n 0.52 0.77 3287 1131 
n 0.31 0.48 3313 1131 
n 0.43 0.51 3339 1131 
n 0.72 0.32 3365 1131 
n 0.84 0.85 2742 1130 
n 0.88 0.38 2863 1123 
n 0.29 0.27 3066 1098 
n 0.73 0.61 3034 1092 
n 0.41 0.62 2875 1079 
n 0.59 0.77 2793 1041 
n 0.41 0.54 2901 1028 
n 0.24 0.71 2837 1022 
n 0.19 0.84 2945 1016 
n 0.27 0.18 2863 1009 
n 0.77 0.19 2939 831 
n 0.52 0.4 3072 933 
n 0.46 0.3 3059 952 
n 0.56 0.14 3034 965 
n 0.58 0.11 3066 971 
n 0.51 0.8 3091 990 
n 0.19 0.39 3206 984 
n 0.57 0.7 3409 876 
n 0.62 0.45 3460 920 
n 0.45 0.44 3510 1016 
n 0.66 0.68 3364 1016 
n 0.7 0.37 3383 1028 
n 0.53 0.49 3498 1028 
n 0.48 0.34 3396 1054 
n 0.49 0.86 3294 1054 
n 0.38 0.11 3517 1073 
n 0.8 0.41 3218 1098 
n 0.86 0.76 3567 1104 
n 0.49 0.21 3555 1123 
n 0.24 0.6 3396 1123 
n 0.16 0.33 3548 1142 
n 0.16 0.23 3529 1155 
n 0.68 0.72 3409 1162 
n 0.89 0.5 3472 1174 
n 0.34 0.73 3694 1301 
n 0.32 0.12 3745 1276 
n 0.72 0.83 3745 1022 
