t 493 10 3
n 0.3 0.9 0.14 0 0 
n 0.16 0.76 0.86 1116 1555 
n 0.46 0.28 0.21 1358 1479 
n 0.88 0.71 0.72 1148 1771 
n 0.62 0.65 0.52 1186 1796 
n 0.21 0.16 0.27 1205 1885 
n 0.69 0.2 0.7 1237 1993 
n 0.85 0.58 0.18 1300 2006 
n 0.15 0.27 0.64 1161 2025 
n 0.31 0.16 0.65 1174 2038 
n 0.23 0.82 0.42 1224 2050 
n 0.13 0.83 0.13 1351 2241 
n 0.37 0.36 0.47 1732 2133 
n 0.5 0.3 0.39 1745 2190 
n 0.45 0.5 0.3 1764 2292 
n 0.71 0.13 0.83 1764 2343 
n 0.41 0.65 0.72 1732 2393 
n 0.78 0.29 0.63 1745 2419 
n 0.85 0.52 0.51 1650 2432 
n 0.74 0.24 0.49 1758 2520 
n 0.4 0.73 0.16 2297 1771 
n 0.76 0.1 0.86 2215 1428 
n 0.47 0.34 0.49 2228 1339 
n 0.49 0.53 0.33 2183 1320 
n 0.55 0.23 0.42 2615 1111 
n 0.11 0.67 0.41 2507 1162 
n 0.35 0.58 0.12 2348 952 
n 0.22 0.5 0.14 2221 1009 
n 0.26 0.31 0.25 2208 1085 
n 0.68 0.2 0.64 2202 1136 
n 0.44 0.44 0.11 2215 1174 
n 0.44 0.76 0.44 2024 1123 
n 0.21 0.21 0.19 2043 1301 
n 0.66 0.7 0.42 1948 1308 
n 0.67 0.22 0.78 1942 1390 
n 0.5 0.87 0.22 1847 1416 
n 0.57 0.62 0.4 1758 1365 
n 0.51 0.59 0.11 1802 1352 
n 0.8 0.87 0.49 1834 1263 
n 0.69 0.76 0.28 1732 1250 
n 0.28 0.61 0.39 2043 1581 
n 0.64 0.56 0.89 2050 1746 
n 0.4 0.62 0.13 1999 1803 
n 0.29 0.52 0.59 1961 1816 
n 0.65 0.26 0.52 2056 1822 
n 0.63 0.42 0.87 2012 1828 
n 0.36 0.64 0.39 2043 1854 
n 0.11 0.54 0.55 1847 1784 
n 0.66 0.52 0.33 1821 1828 
n 0.72 0.29 0.8 1847 1866 
n 0.64 0.42 0.45 1815 1650 
n 0.46 0.16 0.31 1669 1809 
n 0.86 0.36 0.52 1859 2165 
n 0.4 0.15 0.87 1986 2133 
n 0.58 0.31 0.13 2012 2178 
n 0.52 0.72 0.25 1948 2197 
n 0.78 0.85 0.84 1891 2247 
n 0.72 0.58 0.14 2012 2273 
n 0.59 0.41 0.46 2037 2304 
n 0.66 0.42 0.61 2056 2355 
n 0.24 0.87 0.74 1897 2412 
n 0.77 0.71 0.68 1897 2457 
n 0.86 0.74 0.25 1916 2470 
n 0.6 0.84 0.39 2056 2470 
n 0.31 0.78 0.16 2158 2139 
n 0.16 0.24 0.58 1637 2698 
n 0.34 0.23 0.71 1707 2705 
n 0.27 0.1 0.39 1764 2749 
n 0.81 0.28 0.29 1707 2774 
n 0.64 0.33 0.39 1764 2800 
n 0.86 0.59 0.86 1872 3066 
n 0.65 0.84 0.69 1853 3003 
n 0.33 0.88 0.14 1872 2997 
n 0.59 0.47 0.78 1897 2997 
n 0.75 0.68 0.42 2215 2971 
n 0.21 0.43 0.69 2196 2940 
n 0.51 0.75 0.22 2247 2889 
n 0.15 0.43 0.32 1891 2870 
n 0.76 0.44 0.72 2202 2844 
n 0.73 0.29 0.21 1904 2819 
n 0.81 0.32 0.47 1872 2819 
n 0.83 0.14 0.68 2012 2762 
n 0.9 0.21 0.2 1904 2698 
n 0.69 0.2 0.85 1954 2584 
n 0.78 0.62 0.59 2056 2578 
n 0.55 0.14 0.37 2094 2565 
n 0.55 0.56 0.58 2196 2476 
n 0.65 0.4 0.43 2590 2990 
n 0.73 0.62 0.13 2609 2990 
n 0.8 0.58 0.76 2507 3003 
n 0.58 0.58 0.73 2894 3048 
n 0.57 0.73 0.25 2894 3003 
n 0.74 0.17 0.47 2907 2971 
n 0.42 0.55 0.53 3028 3048 
n 0.84 0.42 0.59 2793 2812 
n 0.84 0.32 0.72 2228 2812 
n 0.9 0.39 0.54 2583 2800 
n 0.17 0.2 0.31 2596 2774 
n 0.56 0.7 0.77 2507 2774 
n 0.59 0.21 0.78 2723 2755 
n 0.76 0.21 0.19 2615 2749 
n 0.77 0.71 0.39 2888 2730 
n 0.78 0.53 0.53 3212 2730 
n 0.3 0.13 0.37 3142 2717 
n 0.17 0.4 0.62 2755 2698 
n 0.71 0.33 0.74 2456 2698 
n 0.3 0.12 0.15 2570 2622 
n 0.72 0.44 0.56 2723 2622 
n 0.76 0.7 0.68 3364 2622 
n 0.52 0.37 0.6 2901 2616 
n 0.61 0.17 0.36 3136 2603 
n 0.26 0.4 0.57 2710 2597 
n 0.74 0.62 0.85 2716 2546 
n 0.42 0.33 0.65 2888 2533 
n 0.28 0.44 0.1 2850 2514 
n 0.26 0.59 0.28 2297 2514 
n 0.26 0.26 0.26 2609 2495 
n 0.45 0.8 0.63 3224 2489 
n 0.84 0.75 0.44 2691 2476 
n 0.3 0.89 0.43 2875 2438 
n 0.36 0.13 0.88 2501 2419 
n 0.8 0.31 0.76 2431 2400 
n 0.66 0.38 0.71 2875 2400 
n 0.35 0.2 0.41 3129 2368 
n 0.26 0.56 0.83 2583 2368 
n 0.72 0.69 0.55 2494 2368 
n 0.79 0.59 0.51 2780 2362 
n 0.23 0.45 0.81 2336 2355 
n 0.86 0.42 0.72 2615 2317 
n 0.87 0.41 0.69 2926 2304 
n 0.51 0.23 0.41 2805 2292 
n 0.17 0.71 0.37 2583 2292 
n 0.24 0.54 0.58 2824 2286 
n 0.36 0.12 0.27 2863 2279 
n 0.17 0.76 0.12 2799 2260 
n 0.3 0.68 0.11 2691 2260 
n 0.5 0.72 0.53 2755 2254 
n 0.33 0.8 0.83 2913 2254 
n 0.46 0.66 0.32 2348 2241 
n 0.75 0.45 0.67 2907 2235 
n 0.81 0.13 0.41 3136 2235 
n 0.5 0.38 0.16 2926 2228 
n 0.65 0.58 0.24 3434 2203 
n 0.38 0.79 0.16 2882 2190 
n 0.4 0.83 0.84 2602 2190 
n 0.43 0.72 0.18 2710 2165 
n 0.26 0.54 0.75 2793 2146 
n 0.24 0.37 0.14 2824 2133 
n 0.27 0.7 0.19 2424 2108 
n 0.79 0.82 0.18 2869 2101 
n 0.89 0.34 0.8 3434 2101 
n 0.84 0.31 0.69 2615 2089 
n 0.85 0.6 0.63 3078 2082 
n 0.84 0.87 0.23 2590 2076 
n 0.44 0.56 0.74 2488 2063 
n 0.44 0.17 0.54 2736 2063 
n 0.13 0.32 0.11 3447 2044 
n 0.3 0.15 0.65 3352 2032 
n 0.32 0.48 0.55 2628 2019 
n 0.8 0.79 0.78 2698 2006 
n 0.6 0.77 0.62 2488 1993 
n 0.39 0.54 0.22 2685 1974 
n 0.1 0.37 0.72 2462 1968 
n 0.87 0.61 0.55 3136 1968 
n 0.33 0.46 0.28 3396 1968 
n 0.76 0.35 0.76 2748 1962 
n 0.4 0.62 0.38 2723 1962 
n 0.83 0.61 0.21 3231 1955 
n 0.38 0.58 0.76 2970 1943 
n 0.62 0.71 0.88 2475 1936 
n 0.39 0.78 0.33 2513 1924 
n 0.71 0.55 0.51 2926 1917 
n 0.48 0.52 0.25 2494 1911 
n 0.88 0.62 0.75 2615 1904 
n 0.71 0.84 0.19 2520 1892 
n 0.4 0.85 0.34 2590 1892 
n 0.4 0.24 0.89 3409 1892 
n 0.22 0.88 0.43 3644 1892 
n 0.27 0.23 0.38 2786 1885 
n 0.32 0.87 0.82 2659 1885 
n 0.35 0.62 0.18 2494 1879 
n 0.52 0.67 0.43 2958 1879 
n 0.11 0.24 0.65 3460 1879 
n 0.15 0.21 0.16 3053 1866 
n 0.56 0.33 0.8 2774 1866 
n 0.83 0.42 0.72 2710 1866 
n 0.8 0.16 0.74 3237 1854 
n 0.32 0.47 0.29 3326 1854 
n 0.53 0.52 0.83 2736 1847 
n 0.3 0.77 0.66 2494 1835 
n 0.36 0.14 0.79 3269 1835 
n 0.6 0.49 0.44 3307 1835 
n 0.26 0.5 0.59 3364 1835 
n 0.86 0.34 0.45 2672 1828 
n 0.79 0.65 0.77 3352 1822 
n 0.31 0.59 0.37 3472 1822 
n 0.71 0.25 0.21 2869 1816 
n 0.17 0.52 0.25 2812 1809 
n 0.15 0.19 0.1 3352 1803 
n 0.57 0.87 0.54 3294 1796 
n 0.56 0.62 0.18 2545 1796 
n 0.23 0.83 0.17 3110 1778 
n 0.73 0.41 0.88 3161 1778 
n 0.34 0.22 0.84 3282 1778 
n 0.22 0.23 0.15 3339 1758 
n 0.64 0.24 0.74 2996 1758 
n 0.79 0.31 0.13 3199 1720 
n 0.53 0.48 0.81 3002 1720 
n 0.23 0.3 0.23 2634 1720 
n 0.74 0.52 0.81 2507 1708 
n 0.62 0.33 0.2 2964 1708 
n 0.47 0.69 0.6 3059 1708 
n 0.22 0.45 0.4 3098 1708 
n 0.26 0.23 0.5 3644 1708 
n 0.2 0.85 0.67 2805 1701 
n 0.72 0.84 0.81 2583 1695 
n 0.44 0.86 0.53 3078 1695 
n 0.15 0.18 0.62 2894 1689 
n 0.61 0.32 0.25 3148 1682 
n 0.55 0.57 0.32 3218 1663 
n 0.84 0.79 0.24 3199 1663 
n 0.82 0.23 0.1 2729 1663 
n 0.19 0.9 0.55 2952 1650 
n 0.51 0.24 0.56 2431 1644 
n 0.77 0.65 0.2 2507 1631 
n 0.67 0.56 0.53 3599 1631 
n 0.76 0.49 0.44 3136 1625 
n 0.67 0.79 0.3 3078 1625 
n 0.19 0.72 0.31 3059 1625 
n 0.58 0.73 0.19 2774 1625 
n 0.86 0.4 0.14 2913 1619 
n 0.86 0.26 0.13 3307 1619 
n 0.25 0.69 0.49 3136 1606 
n 0.49 0.67 0.24 3015 1606 
n 0.34 0.63 0.77 2424 1600 
n 0.57 0.4 0.72 2831 1593 
n 0.42 0.89 0.85 3294 1593 
n 0.4 0.11 0.58 3129 1581 
n 0.8 0.77 0.18 3377 1568 
n 0.19 0.39 0.68 2615 1568 
n 0.26 0.13 0.48 2932 1549 
n 0.59 0.42 0.4 3046 1547 
n 0.7 0.79 0.52 3072 1547 
n 0.32 0.74 0.65 3098 1547 
n 0.26 0.64 0.22 3124 1547 
n 0.41 0.3 0.13 3150 1547 
n 0.27 0.65 0.64 3176 1547 
n 0.61 0.42 0.33 3202 1547 
n 0.17 0.38 0.27 3228 1547 
n 0.57 0.36 0.51 3254 1547 
n 0.43 0.26 0.24 3280 1547 
n 0.76 0.78 0.63 3306 1547 
n 0.11 0.28 0.15 3332 1547 
n 0.29 0.48 0.46 3358 1547 
n 0.78 0.79 0.72 2723 1536 
n 0.11 0.23 0.43 3066 1525 
n 0.88 0.38 0.39 3111 1525 
n 0.89 0.32 0.4 3137 1525 
n 0.19 0.28 0.86 3163 1525 
n 0.18 0.2 0.8 3189 1525 
n 0.64 0.81 0.73 3215 1525 
n 0.27 0.21 0.84 3241 1525 
n 0.45 0.64 0.88 3267 1525 
n 0.61 0.73 0.55 3293 1525 
n 0.23 0.23 0.41 3345 1525 
n 0.19 0.86 0.26 2437 1524 
n 0.43 0.18 0.6 2964 1511 
n 0.16 0.61 0.14 2742 1504 
n 0.77 0.57 0.63 2431 1504 
n 0.37 0.17 0.46 3414 1499 
n 0.19 0.23 0.83 2998 1492 
n 0.67 0.85 0.71 2824 1485 
n 0.46 0.39 0.67 3020 1479 
n 0.79 0.67 0.18 3391 1479 
n 0.42 0.66 0.57 3414 1473 
n 0.76 0.14 0.36 2837 1466 
n 0.32 0.85 0.75 2609 1466 
n 0.35 0.33 0.89 2998 1466 
n 0.46 0.62 0.81 3105 1466 
n 0.89 0.72 0.11 3131 1466 
n 0.89 0.22 0.34 3157 1466 
n 0.73 0.19 0.79 3183 1466 
n 0.11 0.76 0.6 3209 1466 
n 0.52 0.56 0.51 3235 1466 
n 0.8 0.13 0.56 3261 1466 
n 0.19 0.62 0.81 3287 1466 
n 0.74 0.35 0.29 3313 1466 
n 0.62 0.75 0.71 3414 1447 
n 0.88 0.86 0.69 3079 1447 
n 0.75 0.4 0.65 3118 1443 
n 0.58 0.79 0.62 3144 1443 
n 0.71 0.45 0.87 3170 1443 
n 0.21 0.42 0.28 3196 1443 
n 0.45 0.54 0.26 3222 1443 
n 0.37 0.52 0.2 3248 1443 
n 0.71 0.72 0.5 3274 1443 
n 0.32 0.76 0.7 2901 1441 
n 0.55 0.77 0.62 2691 1441 
n 0.34 0.63 0.5 2998 1440 
n 0.11 0.31 0.44 3332 1440 
n 0.14 0.41 0.41 2437 1435 
n 0.35 0.84 0.28 3391 1434 
n 0.61 0.34 0.55 3310 1427 
n 0.65 0.7 0.9 3020 1427 
n 0.55 0.42 0.22 2583 1422 
n 0.6 0.64 0.68 3079 1421 
n 0.41 0.66 0.27 3414 1421 
n 0.22 0.74 0.34 3284 1417 
n 0.32 0.22 0.38 3128 1417 
n 0.56 0.82 0.41 2998 1414 
n 0.72 0.87 0.1 3332 1414 
n 0.21 0.87 0.33 3237 1409 
n 0.28 0.29 0.39 3199 1409 
n 0.25 0.53 0.16 3102 1408 
n 0.83 0.16 0.53 3391 1408 
n 0.68 0.28 0.63 3440 1403 
n 0.26 0.34 0.56 2952 1403 
n 0.47 0.15 0.56 3020 1401 
n 0.6 0.6 0.73 3310 1401 
n 0.74 0.71 0.76 3414 1395 
n 0.69 0.26 0.18 3079 1395 
n 0.63 0.41 0.7 3161 1390 
n 0.19 0.83 0.76 2998 1388 
n 0.39 0.7 0.21 3332 1388 
n 0.73 0.47 0.1 2939 1384 
n 0.87 0.5 0.85 2875 1384 
n 0.83 0.37 0.54 3102 1382 
n 0.78 0.78 0.37 3391 1382 
n 0.69 0.85 0.11 3140 1375 
n 0.44 0.6 0.74 3020 1375 
n 0.56 0.2 0.51 3310 1375 
n 0.42 0.6 0.71 3414 1369 
n 0.34 0.5 0.82 3079 1369 
n 0.51 0.29 0.17 2799 1365 
n 0.58 0.86 0.83 3599 1365 
n 0.87 0.51 0.19 3332 1362 
n 0.3 0.42 0.14 2998 1362 
n 0.18 0.84 0.76 3102 1356 
n 0.29 0.75 0.68 3391 1356 
n 0.61 0.41 0.72 3269 1352 
n 0.66 0.21 0.46 2920 1352 
n 0.3 0.31 0.2 2837 1352 
n 0.22 0.27 0.4 3020 1349 
n 0.41 0.25 0.42 3310 1349 
n 0.53 0.23 0.81 2875 1346 
n 0.66 0.44 0.79 3079 1343 
n 0.82 0.11 0.42 3414 1343 
n 0.23 0.7 0.51 3485 1339 
n 0.19 0.52 0.41 2970 1339 
n 0.14 0.43 0.48 2998 1336 
n 0.19 0.76 0.31 3332 1336 
n 0.51 0.6 0.47 2913 1333 
n 0.47 0.11 0.11 3102 1330 
n 0.14 0.23 0.73 3391 1330 
n 0.61 0.18 0.72 3310 1323 
n 0.17 0.32 0.16 3244 1323 
n 0.34 0.85 0.88 3020 1323 
n 0.31 0.62 0.55 2958 1320 
n 0.46 0.82 0.23 3155 1320 
n 0.18 0.41 0.88 3079 1317 
n 0.32 0.52 0.41 3414 1317 
n 0.59 0.61 0.7 3612 1314 
n 0.65 0.37 0.11 3332 1310 
n 0.28 0.57 0.76 2998 1310 
n 0.87 0.23 0.72 3102 1304 
n 0.69 0.51 0.78 3391 1304 
n 0.57 0.83 0.16 3310 1297 
n 0.81 0.54 0.51 3020 1297 
n 0.87 0.86 0.78 2850 1295 
n 0.59 0.15 0.4 2875 1295 
n 0.26 0.38 0.74 2901 1295 
n 0.68 0.56 0.78 3542 1295 
n 0.61 0.5 0.68 3414 1291 
n 0.64 0.72 0.86 3079 1291 
n 0.26 0.14 0.73 3174 1288 
n 0.25 0.12 0.54 3332 1284 
n 0.15 0.13 0.42 2998 1284 
n 0.15 0.89 0.59 3102 1278 
n 0.37 0.59 0.78 3391 1278 
n 0.14 0.42 0.38 3310 1271 
n 0.12 0.3 0.72 3020 1271 
n 0.74 0.65 0.12 2767 1270 
n 0.21 0.12 0.88 3079 1265 
n 0.32 0.73 0.17 3414 1265 
n 0.7 0.84 0.34 2602 1263 
n 0.69 0.22 0.64 3128 1261 
n 0.63 0.55 0.22 3284 1261 
n 0.56 0.85 0.76 3332 1258 
n 0.29 0.71 0.47 2998 1258 
n 0.19 0.9 0.43 2882 1257 
n 0.13 0.21 0.64 2793 1257 
n 0.51 0.69 0.58 2558 1257 
n 0.83 0.86 0.15 3102 1252 
n 0.63 0.53 0.57 3391 1252 
n 0.5 0.37 0.9 3478 1250 
n 0.74 0.1 0.74 3020 1245 
n 0.77 0.68 0.23 2920 1244 
n 0.34 0.63 0.79 2818 1244 
n 0.71 0.32 0.18 2520 1244 
n 0.39 0.35 0.31 3079 1239 
n 0.78 0.19 0.81 3414 1239 
n 0.12 0.86 0.37 3293 1235 
n 0.73 0.81 0.55 3267 1235 
n 0.25 0.4 0.65 3241 1235 
n 0.75 0.79 0.67 3215 1235 
n 0.48 0.18 0.36 3189 1235 
n 0.65 0.25 0.44 3163 1235 
n 0.12 0.85 0.8 3137 1235 
n 0.89 0.87 0.78 2998 1232 
n 0.23 0.37 0.47 3332 1232 
n 0.32 0.82 0.59 2882 1225 
n 0.88 0.43 0.57 3098 1213 
n 0.12 0.83 0.68 3124 1213 
n 0.74 0.43 0.43 3150 1213 
n 0.38 0.36 0.31 3176 1213 
n 0.31 0.39 0.54 3202 1213 
n 0.57 0.4 0.14 3228 1213 
n 0.83 0.73 0.43 3254 1213 
n 0.3 0.71 0.14 3280 1213 
n 0.76 0.65 0.54 3306 1213 
n 0.71 0.5 0.82 3414 1213 
n 0.75 0.82 0.32 2590 1212 
n 0.58 0.41 0.43 2570 1212 
n 0.65 0.69 0.72 2998 1206 
n 0.45 0.7 0.16 3020 1200 
n 0.15 0.46 0.23 3391 1200 
n 0.65 0.4 0.33 3460 1200 
n 0.32 0.65 0.63 3485 1200 
n 0.64 0.1 0.19 2659 1193 
n 0.67 0.16 0.49 3414 1187 
n 0.32 0.65 0.51 2939 1180 
n 0.27 0.23 0.2 2998 1180 
n 0.14 0.82 0.21 3066 1154 
n 0.22 0.53 0.31 3118 1154 
n 0.52 0.55 0.87 3144 1154 
n 0.29 0.77 0.12 3170 1154 
n 0.55 0.52 0.71 3196 1154 
n 0.14 0.68 0.6 3222 1154 
n 0.37 0.66 0.13 3248 1154 
n 0.56 0.24 0.45 3274 1154 
n 0.55 0.14 0.5 3300 1154 
n 0.38 0.11 0.32 3345 1154 
n 0.38 0.23 0.26 2926 1142 
n 0.2 0.32 0.59 3053 1131 
n 0.84 0.6 0.63 3079 1131 
n 0.38 0.55 0.48 3105 1131 
n 0.83 0.78 0.19 3131 1131 
n 0.71 0.7 0.43 3157 1131 
n 0.55 0.31 0.71 3183 1131 
n 0.55 0.75 0.52 3209 1131 
n 0.53 0.83 0.49 3235 1131 
n 0.38 0.55 0.29 3261 1131 
n 0.17 0.55 0.75 3287 1131 
n 0.38 0.13 0.62 3313 1131 
n 0.13 0.83 0.79 3339 1131 
n 0.42 0.78 0.2 3365 1131 
n 0.22 0.73 0.62 2742 1130 
n 0.67 0.8 0.37 2863 1123 
n 0.23 0.83 0.8 3066 1098 
n 0.44 0.32 0.51 3034 1092 
n 0.47 0.72 0.28 2875 1079 
n 0.76 0.17 0.31 2793 1041 
n 0.68 0.63 0.7 2901 1028 
n 0.81 0.36 0.49 2837 1022 
n 0.62 0.77 0.3 2945 1016 
n 0.1 0.64 0.7 2863 1009 
n 0.15 0.6 0.33 2939 831 
n 0.87 0.44 0.35 3072 933 
n 0.23 0.74 0.51 3059 952 
n 0.22 0.56 0.41 3034 965 
n 0.13 0.16 0.75 3066 971 
n 0.17 0.37 0.14 3091 990 
n 0.63 0.42 0.23 3206 984 
n 0.44 0.5 0.31 3409 876 
n 0.27 0.24 0.23 3460 920 
n 0.55 0.73 0.15 3510 1016 
n 0.15 0.74 0.11 3364 1016 
n 0.77 0.53 0.29 3383 1028 
n 0.69 0.82 0.72 3498 1028 
n 0.51 0.49 0.23 3396 1054 
n 0.74 0.79 0.46 3294 1054 
n 0.86 0.33 0.33 3517 1073 
n 0.56 0.57 0.9 3218 1098 
n 0.13 0.25 0.19 3567 1104 
n 0.54 0.31 0.31 3555 1123 
n 0.89 0.3 0.73 3396 1123 
n 0.54 0.12 0.56 3548 1142 
n 0.18 0.12 0.67 3529 1155 
n 0.22 0.32 0.27 3409 1162 
n 0.67 0.86 0.66 3472 1174 
n 0.46 0.8 0.68 3694 1301 
n 0.68 0.43 0.72 3745 1276 
n 0.69 0.5 0.78 3745 1022 
