t 493 5 5
n 0.75 0.65 0.41 0.71 0.63 0 0 
n 0.6 0.27 0.31 0.23 0.61 1116 1555 
n 0.62 0.17 0.31 0.21 0.82 1358 1479 
n 0.18 0.8 0.78 0.7 0.17 1148 1771 
n 0.8 0.67 0.84 0.15 0.45 1186 1796 
n 0.34 0.53 0.61 0.79 0.31 1205 1885 
n 0.78 0.74 0.8 0.57 0.24 1237 1993 
n 0.9 0.1 0.75 0.72 0.49 1300 2006 
n 0.49 0.71 0.15 0.41 0.78 1161 2025 
n 0.72 0.15 0.49 0.87 0.48 1174 2038 
n 0.37 0.41 0.16 0.3 0.14 1224 2050 
n 0.24 0.83 0.13 0.41 0.5 1351 2241 
n 0.23 0.62 0.27 0.26 0.3 1732 2133 
n 0.26 0.11 0.71 0.48 0.77 1745 2190 
n 0.15 0.42 0.29 0.26 0.49 1764 2292 
n 0.5 0.64 0.7 0.12 0.81 1764 2343 
n 0.51 0.82 0.3 0.22 0.24 1732 2393 
n 0.25 0.64 0.7 0.5 0.72 1745 2419 
n 0.24 0.57 0.37 0.86 0.55 1650 2432 
n 0.71 0.88 0.79 0.16 0.32 1758 2520 
n 0.67 0.59 0.13 0.46 0.79 2297 1771 
n 0.4 0.11 0.39 0.4 0.57 2215 1428 
n 0.28 0.47 0.43 0.69 0.48 2228 1339 
n 0.87 0.46 0.36 0.84 0.55 2183 1320 
n 0.2 0.21 0.82 0.32 0.26 2615 1111 
n 0.39 0.77 0.74 0.7 0.76 2507 1162 
n 0.46 0.77 0.66 0.41 0.5 2348 952 
n 0.46 0.76 0.56 0.68 0.26 2221 1009 
n 0.2 0.76 0.27 0.14 0.73 2208 1085 
n 0.64 0.34 0.39 0.69 0.16 2202 1136 
n 0.27 0.35 0.79 0.28 0.63 2215 1174 
n 0.33 0.76 0.48 0.39 0.25 2024 1123 
n 0.37 0.14 0.3 0.41 0.81 2043 1301 
n 0.23 0.65 0.78 0.17 0.6 1948 1308 
n 0.68 0.75 0.65 0.8 0.2 1942 1390 
n 0.51 0.49 0.38 0.43 0.2 1847 1416 
n 0.13 0.38 0.39 0.16 0.44 1758 1365 
n 0.41 0.23 0.56 0.82 0.65 1802 1352 
n 0.61 0.58 0.82 0.45 0.23 1834 1263 
n 0.56 0.2 0.82 0.54 0.78 1732 1250 
n 0.13 0.82 0.49 0.29 0.41 2043 1581 
n 0.77 0.9 0.65 0.61 0.61 2050 1746 
n 0.79 0.2 0.75 0.16 0.89 1999 1803 
n 0.74 0.74 0.12 0.62 0.29 1961 1816 
n 0.43 0.71 0.42 0.27 0.87 2056 1822 
n 0.68 0.36 0.34 0.49 0.18 2012 1828 
n 0.86 0.31 0.17 0.63 0.67 2043 1854 
n 0.12 0.55 0.55 0.82 0.7 1847 1784 
n 0.26 0.39 0.42 0.61 0.43 1821 1828 
n 0.48 0.9 0.3 0.42 0.88 1847 1866 
n 0.14 0.15 0.14 0.58 0.32 1815 1650 
n 0.21 0.18 0.58 0.62 0.16 1669 1809 
n 0.76 0.83 0.28 0.58 0.23 1859 2165 
n 0.59 0.16 0.14 0.32 0.32 1986 2133 
n 0.82 0.77 0.71 0.51 0.44 2012 2178 
n 0.32 0.42 0.8 0.41 0.49 1948 2197 
n 0.84 0.6 0.52 0.62 0.6 1891 2247 
n 0.89 0.3 0.26 0.65 0.34 2012 2273 
n 0.72 0.68 0.21 0.89 0.32 2037 2304 
n 0.76 0.41 0.46 0.87 0.7 2056 2355 
n 0.13 0.51 0.6 0.33 0.12 1897 2412 
n 0.42 0.85 0.88 0.43 0.9 1897 2457 
n 0.63 0.67 0.36 0.24 0.83 1916 2470 
n 0.72 0.17 0.5 0.31 0.38 2056 2470 
n 0.56 0.8 0.74 0.84 0.81 2158 2139 
n 0.29 0.17 0.58 0.55 0.7 1637 2698 
n 0.37 0.68 0.46 0.71 0.12 1707 2705 
n 0.11 0.79 0.88 0.32 0.75 1764 2749 
n 0.42 0.34 0.75 0.89 0.1 1707 2774 
n 0.47 0.32 0.67 0.44 0.46 1764 2800 
n 0.27 0.74 0.4 0.46 0.47 1872 3066 
n 0.15 0.37 0.35 0.12 0.58 1853 3003 
n 0.21 0.36 0.42 0.76 0.44 1872 2997 
n 0.83 0.78 0.34 0.78 0.51 1897 2997 
n 0.13 0.46 0.22 0.25 0.75 2215 2971 
n 0.33 0.19 0.15 0.74 0.16 2196 2940 
n 0.64 0.53 0.14 0.45 0.56 2247 2889 
n 0.25 0.36 0.55 0.77 0.2 1891 2870 
n 0.41 0.22 0.24 0.4 0.17 2202 2844 
n 0.69 0.38 0.39 0.32 0.51 1904 2819 
n 0.11 0.17 0.31 0.43 0.11 1872 2819 
n 0.36 0.13 0.41 0.55 0.67 2012 2762 
n 0.59 0.32 0.2 0.39 0.29 1904 2698 
n 0.19 0.53 0.56 0.33 0.38 1954 2584 
n 0.35 0.72 0.75 0.3 0.4 2056 2578 
n 0.53 0.61 0.26 0.46 0.6 2094 2565 
n 0.29 0.76 0.84 0.39 0.21 2196 2476 
n 0.35 0.17 0.37 0.67 0.44 2590 2990 
n 0.21 0.13 0.34 0.52 0.37 2609 2990 
n 0.28 0.86 0.3 0.12 0.54 2507 3003 
n 0.15 0.21 0.55 0.2 0.28 2894 3048 
n 0.76 0.51 0.57 0.41 0.34 2894 3003 
n 0.12 0.54 0.1 0.75 0.35 2907 2971 
n 0.34 0.45 0.15 0.62 0.67 3028 3048 
n 0.33 0.39 0.74 0.6 0.46 2793 2812 
n 0.12 0.27 0.28 0.43 0.48 2228 2812 
n 0.46 0.18 0.82 0.28 0.53 2583 2800 
n 0.58 0.34 0.58 0.27 0.36 2596 2774 
n 0.51 0.22 0.81 0.72 0.61 2507 2774 
n 0.65 0.84 0.74 0.44 0.12 2723 2755 
n 0.38 0.46 0.47 0.3 0.53 2615 2749 
n 0.66 0.33 0.21 0.3 0.42 2888 2730 
n 0.7 0.28 0.17 0.58 0.22 3212 2730 
n 0.84 0.68 0.36 0.87 0.84 3142 2717 
n 0.52 0.58 0.3 0.31 0.83 2755 2698 
n 0.51 0.31 0.19 0.48 0.71 2456 2698 
n 0.8 0.84 0.82 0.85 0.86 2570 2622 
n 0.64 0.49 0.67 0.27 0.31 2723 2622 
n 0.54 0.14 0.45 0.27 0.26 3364 2622 
n 0.41 0.66 0.22 0.18 0.63 2901 2616 
n 0.37 0.84 0.78 0.35 0.53 3136 2603 
n 0.77 0.44 0.54 0.69 0.42 2710 2597 
n 0.2 0.26 0.44 0.69 0.47 2716 2546 
n 0.31 0.5 0.11 0.57 0.45 2888 2533 
n 0.55 0.59 0.85 0.26 0.22 2850 2514 
n 0.68 0.77 0.38 0.38 0.21 2297 2514 
n 0.54 0.24 0.17 0.53 0.12 2609 2495 
n 0.71 0.87 0.59 0.41 0.18 3224 2489 
n 0.86 0.28 0.62 0.12 0.3 2691 2476 
n 0.61 0.58 0.11 0.36 0.56 2875 2438 
n 0.43 0.18 0.55 0.81 0.11 2501 2419 
n 0.26 0.24 0.17 0.87 0.27 2431 2400 
n 0.12 0.62 0.14 0.11 0.9 2875 2400 
n 0.18 0.51 0.16 0.44 0.89 3129 2368 
n 0.88 0.62 0.85 0.77 0.85 2583 2368 
n 0.72 0.61 0.24 0.78 0.62 2494 2368 
n 0.57 0.33 0.41 0.46 0.88 2780 2362 
n 0.76 0.14 0.23 0.54 0.65 2336 2355 
n 0.34 0.57 0.41 0.54 0.16 2615 2317 
n 0.31 0.65 0.85 0.29 0.12 2926 2304 
n 0.15 0.63 0.75 0.56 0.16 2805 2292 
n 0.33 0.19 0.34 0.79 0.72 2583 2292 
n 0.34 0.33 0.43 0.86 0.17 2824 2286 
n 0.21 0.22 0.61 0.73 0.66 2863 2279 
n 0.47 0.81 0.64 0.41 0.35 2799 2260 
n 0.17 0.3 0.13 0.24 0.35 2691 2260 
n 0.85 0.21 0.29 0.46 0.45 2755 2254 
n 0.28 0.1 0.37 0.47 0.31 2913 2254 
n 0.46 0.6 0.32 0.33 0.79 2348 2241 
n 0.59 0.74 0.66 0.23 0.45 2907 2235 
n 0.52 0.48 0.3 0.85 0.67 3136 2235 
n 0.25 0.31 0.79 0.81 0.53 2926 2228 
n 0.39 0.61 0.66 0.58 0.56 3434 2203 
n 0.84 0.86 0.12 0.82 0.35 2882 2190 
n 0.73 0.11 0.75 0.54 0.88 2602 2190 
n 0.17 0.56 0.21 0.81 0.48 2710 2165 
n 0.39 0.28 0.9 0.52 0.15 2793 2146 
n 0.48 0.77 0.39 0.5 0.85 2824 2133 
n 0.25 0.73 0.24 0.51 0.52 2424 2108 
n 0.54 0.22 0.54 0.32 0.6 2869 2101 
n 0.51 0.34 0.29 0.67 0.67 3434 2101 
n 0.67 0.76 0.44 0.24 0.24 2615 2089 
n 0.59 0.41 0.87 0.23 0.79 3078 2082 
n 0.74 0.49 0.37 0.83 0.66 2590 2076 
n 0.31 0.12 0.82 0.21 0.2 2488 2063 
n 0.58 0.62 0.32 0.44 0.8 2736 2063 
n 0.41 0.75 0.89 0.14 0.4 3447 2044 
n 0.8 0.44 0.42 0.59 0.6 3352 2032 
n 0.51 0.71 0.56 0.21 0.83 2628 2019 
n 0.84 0.72 0.18 0.43 0.38 2698 2006 
n 0.43 0.9 0.86 0.39 0.86 2488 1993 
n 0.38 0.44 0.77 0.15 0.14 2685 1974 
n 0.1 0.57 0.5 0.83 0.23 2462 1968 
n 0.21 0.75 0.55 0.66 0.4 3136 1968 
n 0.45 0.46 0.89 0.83 0.53 3396 1968 
n 0.6 0.39 0.29 0.15 0.36 2748 1962 
n 0.43 0.28 0.44 0.84 0.85 2723 1962 
n 0.88 0.51 0.45 0.58 0.44 3231 1955 
n 0.14 0.21 0.28 0.78 0.81 2970 1943 
n 0.88 0.73 0.9 0.35 0.59 2475 1936 
n 0.38 0.37 0.53 0.21 0.87 2513 1924 
n 0.4 0.67 0.47 0.24 0.19 2926 1917 
n 0.9 0.85 0.72 0.69 0.79 2494 1911 
n 0.43 0.47 0.86 0.22 0.67 2615 1904 
n 0.63 0.39 0.68 0.56 0.45 2520 1892 
n 0.48 0.83 0.58 0.44 0.81 2590 1892 
n 0.63 0.59 0.45 0.37 0.26 3409 1892 
n 0.49 0.41 0.74 0.18 0.43 3644 1892 
n 0.59 0.61 0.34 0.66 0.41 2786 1885 
n 0.84 0.51 0.14 0.53 0.8 2659 1885 
n 0.43 0.49 0.35 0.14 0.86 2494 1879 
n 0.58 0.53 0.85 0.6 0.57 2958 1879 
n 0.33 0.82 0.11 0.62 0.36 3460 1879 
n 0.85 0.53 0.74 0.34 0.12 3053 1866 
n 0.79 0.47 0.18 0.52 0.45 2774 1866 
n 0.88 0.37 0.44 0.16 0.37 2710 1866 
n 0.12 0.88 0.71 0.33 0.49 3237 1854 
n 0.71 0.63 0.31 0.19 0.45 3326 1854 
n 0.46 0.72 0.9 0.5 0.36 2736 1847 
n 0.59 0.17 0.48 0.58 0.87 2494 1835 
n 0.41 0.65 0.19 0.22 0.36 3269 1835 
n 0.83 0.42 0.37 0.69 0.13 3307 1835 
n 0.43 0.51 0.55 0.67 0.86 3364 1835 
n 0.79 0.66 0.35 0.33 0.4 2672 1828 
n 0.28 0.23 0.2 0.87 0.53 3352 1822 
n 0.79 0.41 0.26 0.85 0.75 3472 1822 
n 0.59 0.34 0.43 0.48 0.89 2869 1816 
n 0.68 0.87 0.81 0.64 0.52 2812 1809 
n 0.2 0.85 0.76 0.56 0.17 3352 1803 
n 0.81 0.86 0.53 0.7 0.72 3294 1796 
n 0.18 0.36 0.49 0.67 0.48 2545 1796 
n 0.69 0.62 0.28 0.24 0.22 3110 1778 
n 0.66 0.64 0.24 0.63 0.86 3161 1778 
n 0.62 0.36 0.33 0.63 0.41 3282 1778 
n 0.37 0.51 0.14 0.31 0.38 3339 1758 
n 0.38 0.44 0.41 0.1 0.11 2996 1758 
n 0.44 0.78 0.75 0.65 0.3 3199 1720 
n 0.74 0.79 0.16 0.69 0.25 3002 1720 
n 0.31 0.67 0.66 0.51 0.4 2634 1720 
n 0.64 0.13 0.71 0.24 0.84 2507 1708 
n 0.62 0.39 0.79 0.16 0.26 2964 1708 
n 0.89 0.71 0.62 0.57 0.42 3059 1708 
n 0.89 0.64 0.18 0.48 0.88 3098 1708 
n 0.18 0.65 0.77 0.23 0.45 3644 1708 
n 0.52 0.5 0.73 0.65 0.12 2805 1701 
n 0.73 0.71 0.58 0.54 0.61 2583 1695 
n 0.49 0.6 0.24 0.35 0.84 3078 1695 
n 0.66 0.14 0.34 0.5 0.33 2894 1689 
n 0.75 0.67 0.58 0.24 0.42 3148 1682 
n 0.48 0.89 0.14 0.29 0.55 3218 1663 
n 0.14 0.58 0.63 0.47 0.66 3199 1663 
n 0.59 0.88 0.53 0.29 0.81 2729 1663 
n 0.31 0.77 0.36 0.44 0.66 2952 1650 
n 0.78 0.43 0.6 0.42 0.24 2431 1644 
n 0.69 0.49 0.55 0.4 0.68 2507 1631 
n 0.86 0.83 0.74 0.31 0.43 3599 1631 
n 0.47 0.88 0.51 0.64 0.54 3136 1625 
n 0.48 0.32 0.48 0.9 0.16 3078 1625 
n 0.77 0.8 0.14 0.57 0.57 3059 1625 
n 0.63 0.54 0.57 0.8 0.82 2774 1625 
n 0.69 0.81 0.16 0.62 0.12 2913 1619 
n 0.19 0.19 0.78 0.46 0.76 3307 1619 
n 0.77 0.87 0.59 0.52 0.85 3136 1606 
n 0.36 0.83 0.76 0.34 0.86 3015 1606 
n 0.56 0.27 0.69 0.78 0.21 2424 1600 
n 0.76 0.33 0.65 0.2 0.39 2831 1593 
n 0.8 0.78 0.64 0.76 0.65 3294 1593 
n 0.89 0.14 0.35 0.37 0.13 3129 1581 
n 0.7 0.62 0.32 0.51 0.34 3377 1568 
n 0.59 0.88 0.73 0.62 0.83 2615 1568 
n 0.21 0.46 0.48 0.88 0.32 2932 1549 
n 0.45 0.3 0.51 0.82 0.62 3046 1547 
n 0.42 0.58 0.59 0.21 0.73 3072 1547 
n 0.31 0.55 0.57 0.59 0.39 3098 1547 
n 0.76 0.41 0.77 0.25 0.44 3124 1547 
n 0.5 0.41 0.23 0.58 0.62 3150 1547 
n 0.47 0.79 0.64 0.44 0.42 3176 1547 
n 0.79 0.19 0.52 0.17 0.23 3202 1547 
n 0.48 0.9 0.13 0.69 0.19 3228 1547 
n 0.32 0.85 0.69 0.5 0.81 3254 1547 
n 0.25 0.37 0.24 0.69 0.68 3280 1547 
n 0.44 0.44 0.56 0.71 0.12 3306 1547 
n 0.32 0.32 0.26 0.35 0.66 3332 1547 
n 0.72 0.28 0.26 0.52 0.24 3358 1547 
n 0.64 0.39 0.34 0.86 0.68 2723 1536 
n 0.51 0.45 0.19 0.21 0.53 3066 1525 
n 0.51 0.2 0.64 0.51 0.61 3111 1525 
n 0.77 0.72 0.65 0.81 0.76 3137 1525 
n 0.87 0.16 0.18 0.34 0.87 3163 1525 
n 0.46 0.8 0.85 0.61 0.8 3189 1525 
n 0.89 0.13 0.85 0.64 0.56 3215 1525 
n 0.17 0.63 0.56 0.49 0.89 3241 1525 
n 0.21 0.8 0.64 0.25 0.18 3267 1525 
n 0.5 0.66 0.66 0.16 0.19 3293 1525 
n 0.55 0.17 0.17 0.2 0.2 3345 1525 
n 0.64 0.41 0.14 0.52 0.2 2437 1524 
n 0.44 0.56 0.23 0.29 0.23 2964 1511 
n 0.52 0.26 0.63 0.11 0.52 2742 1504 
n 0.58 0.87 0.41 0.19 0.19 2431 1504 
n 0.52 0.68 0.11 0.78 0.58 3414 1499 
n 0.69 0.7 0.69 0.24 0.81 2998 1492 
n 0.18 0.6 0.11 0.44 0.89 2824 1485 
n 0.82 0.17 0.56 0.49 0.21 3020 1479 
n 0.56 0.67 0.69 0.34 0.73 3391 1479 
n 0.6 0.43 0.19 0.18 0.84 3414 1473 
n 0.29 0.59 0.25 0.76 0.56 2837 1466 
n 0.37 0.69 0.32 0.88 0.26 2609 1466 
n 0.44 0.86 0.53 0.83 0.5 2998 1466 
n 0.37 0.89 0.75 0.37 0.28 3105 1466 
n 0.74 0.39 0.12 0.79 0.39 3131 1466 
n 0.49 0.53 0.66 0.36 0.32 3157 1466 
n 0.22 0.26 0.34 0.12 0.52 3183 1466 
n 0.52 0.66 0.87 0.72 0.53 3209 1466 
n 0.29 0.63 0.32 0.43 0.65 3235 1466 
n 0.66 0.14 0.88 0.21 0.8 3261 1466 
n 0.66 0.7 0.66 0.62 0.35 3287 1466 
n 0.88 0.39 0.31 0.32 0.69 3313 1466 
n 0.8 0.83 0.51 0.65 0.83 3414 1447 
n 0.22 0.32 0.36 0.11 0.47 3079 1447 
n 0.57 0.7 0.4 0.86 0.34 3118 1443 
n 0.28 0.47 0.58 0.82 0.56 3144 1443 
n 0.64 0.29 0.3 0.48 0.55 3170 1443 
n 0.7 0.84 0.8 0.78 0.13 3196 1443 
n 0.75 0.55 0.41 0.66 0.61 3222 1443 
n 0.24 0.42 0.73 0.21 0.19 3248 1443 
n 0.11 0.78 0.65 0.55 0.85 3274 1443 
n 0.84 0.56 0.73 0.51 0.33 2901 1441 
n 0.76 0.55 0.27 0.1 0.24 2691 1441 
n 0.45 0.39 0.26 0.58 0.43 2998 1440 
n 0.42 0.82 0.19 0.25 0.28 3332 1440 
n 0.87 0.59 0.42 0.66 0.4 2437 1435 
n 0.68 0.22 0.44 0.59 0.39 3391 1434 
n 0.17 0.66 0.61 0.68 0.52 3310 1427 
n 0.78 0.9 0.86 0.56 0.3 3020 1427 
n 0.85 0.13 0.27 0.51 0.16 2583 1422 
n 0.15 0.7 0.25 0.87 0.22 3079 1421 
n 0.12 0.12 0.84 0.55 0.35 3414 1421 
n 0.64 0.55 0.85 0.14 0.61 3284 1417 
n 0.72 0.73 0.66 0.49 0.42 3128 1417 
n 0.69 0.62 0.16 0.8 0.62 2998 1414 
n 0.75 0.37 0.53 0.13 0.55 3332 1414 
n 0.19 0.46 0.47 0.68 0.14 3237 1409 
n 0.33 0.75 0.77 0.61 0.15 3199 1409 
n 0.63 0.82 0.48 0.6 0.41 3102 1408 
n 0.53 0.26 0.32 0.52 0.42 3391 1408 
n 0.87 0.26 0.55 0.8 0.15 3440 1403 
n 0.72 0.8 0.78 0.82 0.45 2952 1403 
n 0.18 0.83 0.57 0.61 0.62 3020 1401 
n 0.4 0.39 0.74 0.11 0.88 3310 1401 
n 0.53 0.61 0.47 0.34 0.53 3414 1395 
n 0.73 0.38 0.45 0.63 0.34 3079 1395 
n 0.45 0.85 0.25 0.67 0.88 3161 1390 
n 0.16 0.3 0.13 0.31 0.19 2998 1388 
n 0.4 0.25 0.65 0.67 0.54 3332 1388 
n 0.31 0.13 0.61 0.39 0.64 2939 1384 
n 0.31 0.7 0.21 0.87 0.76 2875 1384 
n 0.68 0.17 0.85 0.56 0.16 3102 1382 
n 0.4 0.73 0.71 0.75 0.33 3391 1382 
n 0.85 0.74 0.55 0.31 0.18 3140 1375 
n 0.63 0.79 0.58 0.16 0.86 3020 1375 
n 0.5 0.7 0.86 0.63 0.8 3310 1375 
n 0.67 0.66 0.83 0.59 0.54 3414 1369 
n 0.44 0.36 0.47 0.42 0.25 3079 1369 
n 0.53 0.5 0.28 0.78 0.46 2799 1365 
n 0.9 0.17 0.49 0.46 0.29 3599 1365 
n 0.83 0.45 0.66 0.24 0.35 3332 1362 
n 0.49 0.87 0.38 0.12 0.34 2998 1362 
n 0.37 0.46 0.18 0.86 0.22 3102 1356 
n 0.48 0.7 0.72 0.6 0.6 3391 1356 
n 0.27 0.81 0.22 0.45 0.28 3269 1352 
n 0.39 0.63 0.34 0.6 0.61 2920 1352 
n 0.81 0.41 0.89 0.14 0.58 2837 1352 
n 0.14 0.38 0.23 0.81 0.53 3020 1349 
n 0.44 0.31 0.25 0.33 0.88 3310 1349 
n 0.65 0.2 0.57 0.61 0.58 2875 1346 
n 0.67 0.34 0.68 0.66 0.27 3079 1343 
n 0.46 0.56 0.16 0.33 0.61 3414 1343 
n 0.68 0.53 0.27 0.37 0.85 3485 1339 
n 0.6 0.41 0.37 0.13 0.23 2970 1339 
n 0.11 0.72 0.67 0.45 0.6 2998 1336 
n 0.5 0.37 0.23 0.74 0.53 3332 1336 
n 0.15 0.39 0.15 0.5 0.27 2913 1333 
n 0.17 0.22 0.76 0.31 0.51 3102 1330 
n 0.68 0.31 0.15 0.26 0.42 3391 1330 
n 0.71 0.56 0.44 0.53 0.22 3310 1323 
n 0.53 0.27 0.6 0.65 0.42 3244 1323 
n 0.32 0.32 0.48 0.87 0.53 3020 1323 
n 0.85 0.12 0.74 0.34 0.64 2958 1320 
n 0.37 0.12 0.7 0.22 0.29 3155 1320 
n 0.64 0.46 0.33 0.15 0.37 3079 1317 
n 0.58 0.47 0.45 0.42 0.87 3414 1317 
n 0.69 0.45 0.17 0.3 0.77 3612 1314 
n 0.9 0.72 0.65 0.88 0.13 3332 1310 
n 0.71 0.15 0.79 0.57 0.46 2998 1310 
n 0.35 0.24 0.18 0.71 0.41 3102 1304 
n 0.77 0.77 0.45 0.5 0.32 3391 1304 
n 0.48 0.34 0.9 0.75 0.16 3310 1297 
n 0.28 0.18 0.54 0.2 0.35 3020 1297 
n 0.81 0.43 0.59 0.88 0.71 2850 1295 
n 0.85 0.38 0.57 0.9 0.51 2875 1295 
n 0.16 0.89 0.74 0.67 0.13 2901 1295 
n 0.81 0.53 0.6 0.31 0.9 3542 1295 
n 0.74 0.78 0.18 0.12 0.83 3414 1291 
n 0.87 0.6 0.73 0.24 0.68 3079 1291 
n 0.54 0.67 0.33 0.34 0.72 3174 1288 
n 0.89 0.23 0.78 0.53 0.83 3332 1284 
n 0.27 0.37 0.2 0.77 0.65 2998 1284 
n 0.65 0.15 0.17 0.44 0.15 3102 1278 
n 0.58 0.71 0.52 0.77 0.36 3391 1278 
n 0.55 0.41 0.78 0.76 0.3 3310 1271 
n 0.12 0.21 0.6 0.64 0.37 3020 1271 
n 0.48 0.71 0.23 0.5 0.89 2767 1270 
n 0.81 0.22 0.28 0.16 0.29 3079 1265 
n 0.33 0.11 0.71 0.4 0.64 3414 1265 
n 0.73 0.73 0.77 0.67 0.74 2602 1263 
n 0.34 0.2 0.56 0.74 0.65 3128 1261 
n 0.3 0.85 0.71 0.65 0.34 3284 1261 
n 0.34 0.2 0.72 0.28 0.61 3332 1258 
n 0.6 0.47 0.38 0.57 0.78 2998 1258 
n 0.36 0.52 0.22 0.78 0.69 2882 1257 
n 0.51 0.1 0.75 0.56 0.18 2793 1257 
n 0.85 0.57 0.86 0.4 0.15 2558 1257 
n 0.88 0.54 0.16 0.89 0.38 3102 1252 
n 0.29 0.13 0.36 0.33 0.55 3391 1252 
n 0.68 0.42 0.85 0.7 0.15 3478 1250 
n 0.2 0.86 0.18 0.29 0.24 3020 1245 
n 0.3 0.13 0.38 0.36 0.2 2920 1244 
n 0.35 0.36 0.39 0.59 0.24 2818 1244 
n 0.47 0.73 0.49 0.15 0.76 2520 1244 
n 0.36 0.37 0.16 0.54 0.49 3079 1239 
n 0.89 0.63 0.22 0.66 0.45 3414 1239 
n 0.52 0.46 0.81 0.2 0.86 3293 1235 
n 0.28 0.58 0.37 0.37 0.88 3267 1235 
n 0.79 0.81 0.2 0.71 0.4 3241 1235 
n 0.63 0.89 0.2 0.59 0.4 3215 1235 
n 0.4 0.33 0.16 0.53 0.2 3189 1235 
n 0.7 0.16 0.69 0.2 0.24 3163 1235 
n 0.45 0.14 0.55 0.7 0.57 3137 1235 
n 0.18 0.4 0.6 0.48 0.57 2998 1232 
n 0.81 0.84 0.82 0.71 0.59 3332 1232 
n 0.42 0.31 0.67 0.81 0.9 2882 1225 
n 0.13 0.5 0.27 0.6 0.38 3098 1213 
n 0.69 0.77 0.15 0.28 0.36 3124 1213 
n 0.69 0.64 0.4 0.37 0.63 3150 1213 
n 0.57 0.52 0.67 0.49 0.14 3176 1213 
n 0.68 0.64 0.78 0.88 0.28 3202 1213 
n 0.76 0.3 0.86 0.77 0.2 3228 1213 
n 0.7 0.3 0.7 0.78 0.22 3254 1213 
n 0.64 0.82 0.35 0.83 0.14 3280 1213 
n 0.67 0.27 0.16 0.7 0.59 3306 1213 
n 0.72 0.37 0.8 0.83 0.34 3414 1213 
n 0.52 0.25 0.68 0.73 0.19 2590 1212 
n 0.75 0.4 0.69 0.31 0.76 2570 1212 
n 0.29 0.35 0.21 0.43 0.19 2998 1206 
n 0.4 0.57 0.71 0.18 0.87 3020 1200 
n 0.55 0.41 0.89 0.2 0.86 3391 1200 
n 0.82 0.27 0.56 0.89 0.14 3460 1200 
n 0.63 0.75 0.43 0.43 0.55 3485 1200 
n 0.32 0.48 0.27 0.48 0.63 2659 1193 
n 0.41 0.3 0.82 0.7 0.5 3414 1187 
n 0.77 0.54 0.77 0.63 0.55 2939 1180 
n 0.76 0.29 0.8 0.66 0.31 2998 1180 
n 0.23 0.4 0.46 0.33 0.77 3066 1154 
n 0.55 0.26 0.38 0.49 0.43 3118 1154 
n 0.46 0.45 0.55 0.66 0.21 3144 1154 
n 0.48 0.32 0.52 0.8 0.86 3170 1154 
n 0.79 0.59 0.49 0.52 0.83 3196 1154 
n 0.41 0.32 0.44 0.8 0.58 3222 1154 
n 0.85 0.23 0.52 0.58 0.3 3248 1154 
n 0.41 0.18 0.7 0.6 0.28 3274 1154 
n 0.34 0.82 0.2 0.51 0.54 3300 1154 
n 0.63 0.64 0.1 0.63 0.46 3345 1154 
n 0.35 0.45 0.81 0.41 0.16 2926 1142 
n 0.22 0.82 0.18 0.26 0.51 3053 1131 
n 0.19 0.12 0.33 0.4 0.44 3079 1131 
n 0.17 0.11 0.36 0.36 0.79 3105 1131 
n 0.26 0.2 0.48 0.77 0.83 3131 1131 
n 0.83 0.76 0.74 0.34 0.24 3157 1131 
n 0.69 0.74 0.64 0.68 0.43 3183 1131 
n 0.77 0.82 0.86 0.32 0.12 3209 1131 
n 0.87 0.53 0.24 0.79 0.16 3235 1131 
n 0.72 0.28 0.89 0.28 0.57 3261 1131 
n 0.17 0.11 0.57 0.32 0.43 3287 1131 
n 0.9 0.85 0.64 0.72 0.47 3313 1131 
n 0.41 0.83 0.2 0.46 0.5 3339 1131 
n 0.74 0.79 0.38 0.41 0.5 3365 1131 
n 0.12 0.11 0.54 0.22 0.21 2742 1130 
n 0.75 0.73 0.32 0.84 0.19 2863 1123 
n 0.8 0.61 0.21 0.63 0.37 3066 1098 
n 0.54 0.21 0.54 0.25 0.73 3034 1092 
n 0.29 0.35 0.32 0.61 0.64 2875 1079 
n 0.68 0.2 0.63 0.73 0.62 2793 1041 
n 0.2 0.75 0.25 0.15 0.5 2901 1028 
n 0.25 0.42 0.12 0.23 0.49 2837 1022 
n 0.46 0.26 0.67 0.1 0.26 2945 1016 
n 0.86 0.66 0.87 0.67 0.49 2863 1009 
n 0.6 0.82 0.31 0.24 0.88 2939 831 
n 0.36 0.32 0.8 0.49 0.57 3072 933 
n 0.82 0.14 0.13 0.22 0.6 3059 952 
n 0.43 0.58 0.5 0.16 0.82 3034 965 
n 0.13 0.72 0.35 0.49 0.64 3066 971 
n 0.33 0.86 0.36 0.39 0.7 3091 990 
n 0.36 0.43 0.6 0.82 0.59 3206 984 
n 0.29 0.55 0.81 0.71 0.22 3409 876 
n 0.41 0.53 0.66 0.61 0.79 3460 920 
n 0.17 0.56 0.77 0.21 0.26 3510 1016 
n 0.34 0.53 0.47 0.81 0.29 3364 1016 
n 0.86 0.21 0.21 0.66 0.64 3383 1028 
n 0.55 0.45 0.31 0.52 0.18 3498 1028 
n 0.7 0.75 0.2 0.16 0.59 3396 1054 
n 0.14 0.53 0.16 0.37 0.18 3294 1054 
n 0.14 0.4 0.12 0.84 0.89 3517 1073 
n 0.19 0.19 0.15 0.54 0.62 3218 1098 
n 0.83 0.18 0.69 0.51 0.67 3567 1104 
n 0.11 0.79 0.26 0.43 0.48 3555 1123 
n 0.13 0.33 0.33 0.74 0.9 3396 1123 
n 0.89 0.63 0.33 0.16 0.8 3548 1142 
n 0.75 0.8 0.88 0.69 0.33 3529 1155 
n 0.2 0.59 0.88 0.65 0.78 3409 1162 
n 0.64 0.8 0.2 0.15 0.79 3472 1174 
n 0.21 0.17 0.35 0.73 0.22 3694 1301 
n 0.49 0.58 0.24 0.29 0.88 3745 1276 
n 0.31 0.12 0.82 0.7 0.12 3745 1022 
