t 493 15 4
n 0.47 0.75 0.65 0.43 0 0 
n 0.67 0.33 0.12 0.63 1116 1555 
n 0.66 0.67 0.29 0.56 1358 1479 
n 0.57 0.16 0.81 0.58 1148 1771 
n 0.44 0.16 0.31 0.34 1186 1796 
n 0.74 0.22 0.59 0.16 1205 1885 
n 0.35 0.76 0.53 0.61 1237 1993 
n 0.42 0.42 0.34 0.21 1300 2006 
n 0.69 0.83 0.31 0.62 1161 2025 
n 0.48 0.84 0.28 0.16 1174 2038 
n 0.62 0.45 0.13 0.83 1224 2050 
n 0.53 0.21 0.18 0.3 1351 2241 
n 0.11 0.75 0.81 0.61 1732 2133 
n 0.9 0.27 0.87 0.33 1745 2190 
n 0.7 0.88 0.84 0.39 1764 2292 
n 0.22 0.23 0.58 0.83 1764 2343 
n 0.85 0.84 0.46 0.51 1732 2393 
n 0.27 0.66 0.14 0.44 1745 2419 
n 0.81 0.79 0.57 0.39 1650 2432 
n 0.72 0.38 0.49 0.46 1758 2520 
n 0.25 0.63 0.41 0.76 2297 1771 
n 0.8 0.4 0.56 0.79 2215 1428 
n 0.75 0.75 0.69 0.56 2228 1339 
n 0.51 0.56 0.77 0.31 2183 1320 
n 0.32 0.67 0.66 0.72 2615 1111 
n 0.61 0.77 0.41 0.25 2507 1162 
n 0.47 0.42 0.8 0.75 2348 952 
n 0.55 0.39 0.14 0.36 2221 1009 
n 0.21 0.35 0.46 0.53 2208 1085 
n 0.14 0.51 0.78 0.22 2202 1136 
n 0.44 0.31 0.36 0.42 2215 1174 
n 0.57 0.86 0.14 0.6 2024 1123 
n 0.74 0.6 0.62 0.13 2043 1301 
n 0.89 0.74 0.5 0.32 1948 1308 
n 0.16 0.49 0.82 0.74 1942 1390 
n 0.77 0.86 0.36 0.67 1847 1416 
n 0.28 0.61 0.25 0.58 1758 1365 
n 0.63 0.43 0.48 0.76 1802 1352 
n 0.66 0.34 0.59 0.47 1834 1263 
n 0.4 0.22 0.72 0.22 1732 1250 
n 0.21 0.29 0.34 0.57 2043 1581 
n 0.59 0.19 0.41 0.26 2050 1746 
n 0.81 0.33 0.71 0.47 1999 1803 
n 0.45 0.72 0.85 0.63 1961 1816 
n 0.83 0.84 0.65 0.77 2056 1822 
n 0.15 0.31 0.76 0.85 2012 1828 
n 0.14 0.36 0.22 0.77 2043 1854 
n 0.25 0.46 0.53 0.17 1847 1784 
n 0.13 0.16 0.29 0.86 1821 1828 
n 0.32 0.25 0.58 0.34 1847 1866 
n 0.17 0.18 0.12 0.62 1815 1650 
n 0.68 0.22 0.83 0.13 1669 1809 
n 0.83 0.75 0.28 0.46 1859 2165 
n 0.59 0.6 0.75 0.52 1986 2133 
n 0.38 0.56 0.37 0.74 2012 2178 
n 0.11 0.8 0.4 0.76 1948 2197 
n 0.26 0.17 0.49 0.89 1891 2247 
n 0.8 0.34 0.37 0.62 2012 2273 
n 0.14 0.25 0.34 0.13 2037 2304 
n 0.24 0.12 0.87 0.18 2056 2355 
n 0.51 0.43 0.43 0.29 1897 2412 
n 0.48 0.31 0.83 0.87 1897 2457 
n 0.8 0.15 0.29 0.24 1916 2470 
n 0.68 0.23 0.86 0.28 2056 2470 
n 0.59 0.85 0.84 0.87 2158 2139 
n 0.59 0.37 0.13 0.47 1637 2698 
n 0.55 0.11 0.31 0.39 1707 2705 
n 0.5 0.72 0.25 0.76 1764 2749 
n 0.25 0.45 0.25 0.51 1707 2774 
n 0.63 0.3 0.72 0.55 1764 2800 
n 0.18 0.21 0.55 0.2 1872 3066 
n 0.14 0.11 0.66 0.62 1853 3003 
n 0.46 0.45 0.59 0.41 1872 2997 
n 0.44 0.47 0.27 0.78 1897 2997 
n 0.84 0.88 0.69 0.58 2215 2971 
n 0.22 0.38 0.25 0.13 2196 2940 
n 0.5 0.76 0.86 0.52 2247 2889 
n 0.75 0.32 0.83 0.87 1891 2870 
n 0.15 0.8 0.27 0.29 2202 2844 
n 0.59 0.47 0.65 0.88 1904 2819 
n 0.14 0.13 0.82 0.2 1872 2819 
n 0.63 0.84 0.25 0.3 2012 2762 
n 0.12 0.2 0.81 0.64 1904 2698 
n 0.51 0.48 0.3 0.44 1954 2584 
n 0.55 0.18 0.81 0.2 2056 2578 
n 0.68 0.53 0.71 0.14 2094 2565 
n 0.18 0.72 0.52 0.39 2196 2476 
n 0.1 0.22 0.35 0.24 2590 2990 
n 0.61 0.37 0.1 0.63 2609 2990 
n 0.88 0.41 0.73 0.16 2507 3003 
n 0.55 0.85 0.36 0.32 2894 3048 
n 0.68 0.17 0.67 0.84 2894 3003 
n 0.18 0.68 0.89 0.58 2907 2971 
n 0.23 0.19 0.26 0.32 3028 3048 
n 0.13 0.72 0.23 0.72 2793 2812 
n 0.12 0.61 0.32 0.17 2228 2812 
n 0.15 0.25 0.87 0.44 2583 2800 
n 0.55 0.66 0.77 0.67 2596 2774 
n 0.44 0.1 0.75 0.84 2507 2774 
n 0.53 0.47 0.43 0.79 2723 2755 
n 0.58 0.48 0.41 0.74 2615 2749 
n 0.29 0.74 0.61 0.54 2888 2730 
n 0.89 0.6 0.62 0.64 3212 2730 
n 0.63 0.12 0.4 0.37 3142 2717 
n 0.64 0.72 0.31 0.14 2755 2698 
n 0.61 0.8 0.24 0.79 2456 2698 
n 0.66 0.4 0.31 0.17 2570 2622 
n 0.64 0.64 0.6 0.53 2723 2622 
n 0.16 0.76 0.13 0.38 3364 2622 
n 0.32 0.57 0.36 0.46 2901 2616 
n 0.77 0.71 0.41 0.62 3136 2603 
n 0.22 0.34 0.58 0.82 2710 2597 
n 0.8 0.5 0.84 0.48 2716 2546 
n 0.67 0.33 0.6 0.8 2888 2533 
n 0.64 0.86 0.28 0.2 2850 2514 
n 0.44 0.22 0.52 0.25 2297 2514 
n 0.23 0.44 0.49 0.81 2609 2495 
n 0.41 0.13 0.21 0.79 3224 2489 
n 0.49 0.38 0.55 0.29 2691 2476 
n 0.74 0.7 0.43 0.86 2875 2438 
n 0.24 0.32 0.29 0.26 2501 2419 
n 0.86 0.49 0.76 0.41 2431 2400 
n 0.37 0.9 0.73 0.86 2875 2400 
n 0.45 0.81 0.59 0.29 3129 2368 
n 0.69 0.79 0.36 0.33 2583 2368 
n 0.41 0.16 0.32 0.55 2494 2368 
n 0.28 0.67 0.36 0.63 2780 2362 
n 0.2 0.36 0.51 0.21 2336 2355 
n 0.45 0.44 0.42 0.43 2615 2317 
n 0.66 0.89 0.52 0.76 2926 2304 
n 0.67 0.86 0.33 0.68 2805 2292 
n 0.19 0.57 0.59 0.38 2583 2292 
n 0.62 0.31 0.88 0.21 2824 2286 
n 0.45 0.49 0.23 0.15 2863 2279 
n 0.73 0.38 0.2 0.22 2799 2260 
n 0.19 0.3 0.7 0.84 2691 2260 
n 0.74 0.12 0.12 0.73 2755 2254 
n 0.82 0.49 0.54 0.24 2913 2254 
n 0.14 0.36 0.72 0.44 2348 2241 
n 0.28 0.42 0.63 0.76 2907 2235 
n 0.79 0.12 0.77 0.49 3136 2235 
n 0.28 0.66 0.78 0.27 2926 2228 
n 0.47 0.4 0.19 0.15 3434 2203 
n 0.69 0.49 0.85 0.85 2882 2190 
n 0.53 0.52 0.55 0.38 2602 2190 
n 0.76 0.41 0.82 0.54 2710 2165 
n 0.87 0.81 0.84 0.16 2793 2146 
n 0.87 0.18 0.87 0.22 2824 2133 
n 0.59 0.37 0.22 0.66 2424 2108 
n 0.81 0.49 0.15 0.55 2869 2101 
n 0.84 0.61 0.74 0.13 3434 2101 
n 0.83 0.69 0.87 0.8 2615 2089 
n 0.38 0.15 0.35 0.82 3078 2082 
n 0.64 0.37 0.16 0.57 2590 2076 
n 0.72 0.7 0.28 0.63 2488 2063 
n 0.26 0.43 0.26 0.84 2736 2063 
n 0.34 0.53 0.11 0.46 3447 2044 
n 0.55 0.86 0.85 0.8 3352 2032 
n 0.36 0.14 0.48 0.17 2628 2019 
n 0.41 0.86 0.34 0.49 2698 2006 
n 0.69 0.39 0.16 0.8 2488 1993 
n 0.27 0.32 0.25 0.28 2685 1974 
n 0.5 0.71 0.8 0.29 2462 1968 
n 0.85 0.87 0.23 0.71 3136 1968 
n 0.59 0.73 0.89 0.88 3396 1968 
n 0.28 0.61 0.59 0.9 2748 1962 
n 0.71 0.59 0.57 0.89 2723 1962 
n 0.44 0.69 0.2 0.83 3231 1955 
n 0.51 0.41 0.43 0.68 2970 1943 
n 0.31 0.67 0.53 0.53 2475 1936 
n 0.58 0.89 0.86 0.55 2513 1924 
n 0.83 0.29 0.33 0.27 2926 1917 
n 0.88 0.11 0.69 0.87 2494 1911 
n 0.82 0.29 0.63 0.8 2615 1904 
n 0.53 0.38 0.61 0.42 2520 1892 
n 0.39 0.66 0.73 0.65 2590 1892 
n 0.56 0.76 0.12 0.63 3409 1892 
n 0.27 0.52 0.62 0.62 3644 1892 
n 0.15 0.72 0.13 0.84 2786 1885 
n 0.14 0.12 0.77 0.29 2659 1885 
n 0.27 0.83 0.42 0.43 2494 1879 
n 0.83 0.76 0.61 0.21 2958 1879 
n 0.51 0.59 0.29 0.39 3460 1879 
n 0.4 0.32 0.35 0.73 3053 1866 
n 0.56 0.85 0.82 0.12 2774 1866 
n 0.44 0.67 0.56 0.49 2710 1866 
n 0.41 0.58 0.22 0.47 3237 1854 
n 0.68 0.87 0.73 0.17 3326 1854 
n 0.12 0.53 0.28 0.31 2736 1847 
n 0.44 0.71 0.51 0.48 2494 1835 
n 0.79 0.59 0.61 0.63 3269 1835 
n 0.5 0.73 0.71 0.41 3307 1835 
n 0.27 0.44 0.64 0.71 3364 1835 
n 0.17 0.43 0.55 0.34 2672 1828 
n 0.59 0.1 0.22 0.55 3352 1822 
n 0.38 0.12 0.79 0.46 3472 1822 
n 0.64 0.49 0.62 0.84 2869 1816 
n 0.18 0.34 0.49 0.7 2812 1809 
n 0.58 0.5 0.28 0.38 3352 1803 
n 0.48 0.81 0.74 0.85 3294 1796 
n 0.1 0.2 0.82 0.71 2545 1796 
n 0.43 0.29 0.85 0.89 3110 1778 
n 0.12 0.89 0.69 0.86 3161 1778 
n 0.78 0.16 0.51 0.36 3282 1778 
n 0.25 0.81 0.87 0.39 3339 1758 
n 0.47 0.22 0.81 0.38 2996 1758 
n 0.71 0.81 0.17 0.71 3199 1720 
n 0.51 0.56 0.36 0.18 3002 1720 
n 0.54 0.44 0.23 0.77 2634 1720 
n 0.41 0.14 0.86 0.55 2507 1708 
n 0.43 0.57 0.27 0.28 2964 1708 
n 0.8 0.89 0.66 0.25 3059 1708 
n 0.59 0.77 0.84 0.21 3098 1708 
n 0.55 0.24 0.5 0.58 3644 1708 
n 0.34 0.8 0.67 0.71 2805 1701 
n 0.18 0.73 0.64 0.9 2583 1695 
n 0.57 0.37 0.36 0.17 3078 1695 
n 0.79 0.46 0.72 0.17 2894 1689 
n 0.22 0.34 0.77 0.57 3148 1682 
n 0.18 0.32 0.12 0.14 3218 1663 
n 0.48 0.87 0.47 0.23 3199 1663 
n 0.63 0.53 0.18 0.82 2729 1663 
n 0.43 0.72 0.37 0.53 2952 1650 
n 0.34 0.13 0.18 0.54 2431 1644 
n 0.59 0.7 0.65 0.84 2507 1631 
n 0.24 0.42 0.64 0.76 3599 1631 
n 0.49 0.29 0.2 0.85 3136 1625 
n 0.31 0.73 0.27 0.9 3078 1625 
n 0.48 0.42 0.83 0.26 3059 1625 
n 0.59 0.45 0.54 0.37 2774 1625 
n 0.54 0.52 0.79 0.21 2913 1619 
n 0.15 0.83 0.65 0.29 3307 1619 
n 0.48 0.18 0.9 0.43 3136 1606 
n 0.26 0.77 0.44 0.16 3015 1606 
n 0.85 0.1 0.78 0.74 2424 1600 
n 0.55 0.46 0.41 0.12 2831 1593 
n 0.33 0.88 0.86 0.78 3294 1593 
n 0.19 0.69 0.66 0.7 3129 1581 
n 0.5 0.42 0.81 0.75 3377 1568 
n 0.38 0.5 0.83 0.12 2615 1568 
n 0.24 0.33 0.11 0.73 2932 1549 
n 0.41 0.26 0.87 0.15 3046 1547 
n 0.2 0.83 0.56 0.14 3072 1547 
n 0.3 0.75 0.7 0.67 3098 1547 
n 0.66 0.12 0.73 0.35 3124 1547 
n 0.28 0.33 0.61 0.82 3150 1547 
n 0.14 0.62 0.83 0.64 3176 1547 
n 0.55 0.16 0.66 0.83 3202 1547 
n 0.78 0.32 0.77 0.83 3228 1547 
n 0.11 0.76 0.74 0.51 3254 1547 
n 0.46 0.78 0.77 0.25 3280 1547 
n 0.2 0.13 0.19 0.11 3306 1547 
n 0.33 0.42 0.5 0.46 3332 1547 
n 0.71 0.82 0.65 0.89 3358 1547 
n 0.45 0.52 0.28 0.46 2723 1536 
n 0.81 0.86 0.11 0.56 3066 1525 
n 0.32 0.29 0.56 0.57 3111 1525 
n 0.75 0.59 0.14 0.71 3137 1525 
n 0.32 0.4 0.65 0.18 3163 1525 
n 0.57 0.27 0.71 0.45 3189 1525 
n 0.29 0.8 0.8 0.48 3215 1525 
n 0.42 0.82 0.24 0.84 3241 1525 
n 0.84 0.23 0.84 0.3 3267 1525 
n 0.17 0.11 0.27 0.59 3293 1525 
n 0.69 0.58 0.64 0.5 3345 1525 
n 0.78 0.51 0.87 0.12 2437 1524 
n 0.53 0.67 0.18 0.75 2964 1511 
n 0.54 0.55 0.47 0.5 2742 1504 
n 0.47 0.36 0.88 0.32 2431 1504 
n 0.26 0.31 0.77 0.64 3414 1499 
n 0.74 0.3 0.14 0.23 2998 1492 
n 0.85 0.66 0.77 0.47 2824 1485 
n 0.79 0.36 0.69 0.66 3020 1479 
n 0.64 0.81 0.76 0.81 3391 1479 
n 0.88 0.59 0.7 0.57 3414 1473 
n 0.42 0.46 0.15 0.66 2837 1466 
n 0.65 0.35 0.77 0.22 2609 1466 
n 0.77 0.38 0.42 0.56 2998 1466 
n 0.14 0.34 0.54 0.69 3105 1466 
n 0.67 0.22 0.86 0.27 3131 1466 
n 0.38 0.88 0.41 0.59 3157 1466 
n 0.34 0.62 0.62 0.81 3183 1466 
n 0.83 0.29 0.51 0.17 3209 1466 
n 0.26 0.7 0.61 0.68 3235 1466 
n 0.62 0.88 0.82 0.72 3261 1466 
n 0.13 0.81 0.84 0.55 3287 1466 
n 0.54 0.31 0.22 0.61 3313 1466 
n 0.3 0.73 0.23 0.38 3414 1447 
n 0.37 0.47 0.82 0.54 3079 1447 
n 0.25 0.45 0.47 0.13 3118 1443 
n 0.75 0.54 0.5 0.63 3144 1443 
n 0.53 0.27 0.57 0.72 3170 1443 
n 0.3 0.35 0.62 0.8 3196 1443 
n 0.25 0.1 0.29 0.45 3222 1443 
n 0.47 0.55 0.5 0.85 3248 1443 
n 0.14 0.36 0.33 0.65 3274 1443 
n 0.53 0.33 0.36 0.17 2901 1441 
n 0.15 0.66 0.23 0.31 2691 1441 
n 0.46 0.45 0.74 0.44 2998 1440 
n 0.29 0.5 0.49 0.73 3332 1440 
n 0.67 0.77 0.59 0.8 2437 1435 
n 0.36 0.19 0.23 0.76 3391 1434 
n 0.71 0.65 0.28 0.21 3310 1427 
n 0.57 0.54 0.6 0.54 3020 1427 
n 0.31 0.89 0.57 0.44 2583 1422 
n 0.13 0.52 0.7 0.53 3079 1421 
n 0.15 0.3 0.34 0.46 3414 1421 
n 0.72 0.88 0.1 0.19 3284 1417 
n 0.27 0.4 0.3 0.81 3128 1417 
n 0.58 0.39 0.68 0.22 2998 1414 
n 0.11 0.83 0.43 0.21 3332 1414 
n 0.24 0.38 0.9 0.13 3237 1409 
n 0.26 0.35 0.73 0.71 3199 1409 
n 0.38 0.36 0.76 0.52 3102 1408 
n 0.15 0.87 0.42 0.47 3391 1408 
n 0.82 0.51 0.18 0.2 3440 1403 
n 0.59 0.61 0.8 0.1 2952 1403 
n 0.18 0.63 0.53 0.85 3020 1401 
n 0.66 0.74 0.21 0.78 3310 1401 
n 0.66 0.89 0.3 0.35 3414 1395 
n 0.27 0.51 0.17 0.34 3079 1395 
n 0.67 0.26 0.82 0.85 3161 1390 
n 0.76 0.8 0.86 0.87 2998 1388 
n 0.88 0.51 0.8 0.35 3332 1388 
n 0.36 0.22 0.36 0.43 2939 1384 
n 0.17 0.12 0.54 0.72 2875 1384 
n 0.51 0.65 0.81 0.5 3102 1382 
n 0.66 0.13 0.58 0.24 3391 1382 
n 0.78 0.17 0.66 0.43 3140 1375 
n 0.68 0.7 0.75 0.39 3020 1375 
n 0.46 0.89 0.34 0.12 3310 1375 
n 0.46 0.39 0.12 0.75 3414 1369 
n 0.7 0.51 0.28 0.11 3079 1369 
n 0.82 0.65 0.53 0.81 2799 1365 
n 0.73 0.63 0.52 0.8 3599 1365 
n 0.55 0.34 0.46 0.46 3332 1362 
n 0.65 0.47 0.84 0.83 2998 1362 
n 0.6 0.22 0.8 0.22 3102 1356 
n 0.74 0.61 0.86 0.31 3391 1356 
n 0.8 0.48 0.81 0.23 3269 1352 
n 0.88 0.28 0.8 0.75 2920 1352 
n 0.1 0.23 0.13 0.17 2837 1352 
n 0.46 0.53 0.32 0.62 3020 1349 
n 0.84 0.5 0.46 0.53 3310 1349 
n 0.68 0.39 0.66 0.33 2875 1346 
n 0.52 0.52 0.15 0.83 3079 1343 
n 0.82 0.43 0.16 0.58 3414 1343 
n 0.64 0.75 0.19 0.29 3485 1339 
n 0.71 0.37 0.28 0.23 2970 1339 
n 0.77 0.29 0.22 0.75 2998 1336 
n 0.73 0.23 0.15 0.16 3332 1336 
n 0.34 0.69 0.11 0.31 2913 1333 
n 0.84 0.37 0.34 0.19 3102 1330 
n 0.39 0.63 0.17 0.61 3391 1330 
n 0.28 0.77 0.69 0.73 3310 1323 
n 0.82 0.17 0.84 0.76 3244 1323 
n 0.59 0.44 0.7 0.31 3020 1323 
n 0.41 0.28 0.63 0.2 2958 1320 
n 0.46 0.75 0.66 0.72 3155 1320 
n 0.42 0.72 0.63 0.39 3079 1317 
n 0.11 0.21 0.45 0.59 3414 1317 
n 0.17 0.27 0.51 0.66 3612 1314 
n 0.2 0.89 0.57 0.44 3332 1310 
n 0.85 0.88 0.53 0.32 2998 1310 
n 0.36 0.11 0.24 0.35 3102 1304 
n 0.12 0.58 0.31 0.71 3391 1304 
n 0.46 0.14 0.67 0.49 3310 1297 
n 0.7 0.14 0.81 0.86 3020 1297 
n 0.49 0.32 0.58 0.66 2850 1295 
n 0.31 0.67 0.25 0.13 2875 1295 
n 0.63 0.4 0.57 0.36 2901 1295 
n 0.45 0.64 0.45 0.82 3542 1295 
n 0.6 0.31 0.68 0.74 3414 1291 
n 0.67 0.54 0.71 0.74 3079 1291 
n 0.76 0.39 0.24 0.83 3174 1288 
n 0.76 0.19 0.5 0.59 3332 1284 
n 0.82 0.8 0.26 0.16 2998 1284 
n 0.49 0.36 0.27 0.51 3102 1278 
n 0.43 0.78 0.2 0.82 3391 1278 
n 0.69 0.25 0.61 0.25 3310 1271 
n 0.57 0.55 0.11 0.11 3020 1271 
n 0.58 0.6 0.47 0.41 2767 1270 
n 0.75 0.31 0.2 0.65 3079 1265 
n 0.75 0.41 0.31 0.57 3414 1265 
n 0.1 0.51 0.24 0.3 2602 1263 
n 0.9 0.44 0.65 0.47 3128 1261 
n 0.28 0.68 0.29 0.19 3284 1261 
n 0.2 0.62 0.51 0.81 3332 1258 
n 0.19 0.87 0.31 0.48 2998 1258 
n 0.51 0.76 0.7 0.81 2882 1257 
n 0.3 0.49 0.76 0.24 2793 1257 
n 0.58 0.62 0.13 0.72 2558 1257 
n 0.26 0.24 0.11 0.65 3102 1252 
n 0.48 0.49 0.77 0.72 3391 1252 
n 0.4 0.22 0.19 0.5 3478 1250 
n 0.35 0.6 0.3 0.37 3020 1245 
n 0.15 0.54 0.48 0.19 2920 1244 
n 0.44 0.48 0.69 0.45 2818 1244 
n 0.53 0.39 0.19 0.45 2520 1244 
n 0.45 0.86 0.54 0.52 3079 1239 
n 0.6 0.55 0.6 0.33 3414 1239 
n 0.15 0.87 0.25 0.12 3293 1235 
n 0.57 0.78 0.72 0.82 3267 1235 
n 0.16 0.88 0.62 0.39 3241 1235 
n 0.45 0.76 0.83 0.46 3215 1235 
n 0.63 0.63 0.66 0.28 3189 1235 
n 0.78 0.75 0.77 0.44 3163 1235 
n 0.26 0.76 0.8 0.77 3137 1235 
n 0.29 0.65 0.89 0.46 2998 1232 
n 0.24 0.54 0.87 0.47 3332 1232 
n 0.74 0.4 0.28 0.17 2882 1225 
n 0.52 0.88 0.88 0.22 3098 1213 
n 0.75 0.35 0.86 0.26 3124 1213 
n 0.74 0.84 0.68 0.31 3150 1213 
n 0.71 0.64 0.58 0.52 3176 1213 
n 0.31 0.1 0.82 0.33 3202 1213 
n 0.77 0.26 0.8 0.86 3228 1213 
n 0.65 0.62 0.31 0.58 3254 1213 
n 0.21 0.73 0.5 0.48 3280 1213 
n 0.24 0.54 0.24 0.18 3306 1213 
n 0.53 0.33 0.7 0.71 3414 1213 
n 0.32 0.51 0.71 0.81 2590 1212 
n 0.79 0.52 0.34 0.69 2570 1212 
n 0.16 0.81 0.49 0.34 2998 1206 
n 0.51 0.66 0.45 0.62 3020 1200 
n 0.24 0.24 0.12 0.46 3391 1200 
n 0.52 0.55 0.5 0.79 3460 1200 
n 0.77 0.1 0.68 0.49 3485 1200 
n 0.86 0.49 0.65 0.85 2659 1193 
n 0.32 0.76 0.37 0.69 3414 1187 
n 0.61 0.42 0.34 0.41 2939 1180 
n 0.89 0.42 0.84 0.7 2998 1180 
n 0.76 0.85 0.86 0.37 3066 1154 
n 0.66 0.47 0.76 0.75 3118 1154 
n 0.31 0.12 0.86 0.84 3144 1154 
n 0.42 0.53 0.23 0.7 3170 1154 
n 0.86 0.41 0.41 0.83 3196 1154 
n 0.41 0.25 0.75 0.53 3222 1154 
n 0.73 0.17 0.79 0.5 3248 1154 
n 0.83 0.15 0.43 0.79 3274 1154 
n 0.33 0.2 0.37 0.21 3300 1154 
n 0.55 0.35 0.14 0.28 3345 1154 
n 0.33 0.27 0.18 0.9 2926 1142 
n 0.61 0.22 0.46 0.67 3053 1131 
n 0.82 0.47 0.73 0.55 3079 1131 
n 0.72 0.28 0.38 0.15 3105 1131 
n 0.21 0.75 0.48 0.38 3131 1131 
n 0.69 0.83 0.6 0.13 3157 1131 
n 0.44 0.62 0.77 0.49 3183 1131 
n 0.69 0.1 0.21 0.25 3209 1131 
n 0.76 0.29 0.42 0.13 3235 1131 
n 0.51 0.15 0.72 0.69 3261 1131 
n 0.16 0.25 0.81 0.46 3287 1131 
n 0.86 0.33 0.82 0.43 3313 1131 
n 0.39 0.38 0.38 0.12 3339 1131 
n 0.57 0.67 0.1 0.17 3365 1131 
n 0.47 0.5 0.23 0.68 2742 1130 
n 0.77 0.55 0.16 0.89 2863 1123 
n 0.2 0.57 0.27 0.43 3066 1098 
n 0.36 0.85 0.77 0.19 3034 1092 
n 0.71 0.52 0.38 0.64 2875 1079 
n 0.79 0.66 0.82 0.3 2793 1041 
n 0.68 0.67 0.13 0.57 2901 1028 
n 0.44 0.11 0.57 0.38 2837 1022 
n 0.33 0.89 0.29 0.26 2945 1016 
n 0.87 0.49 0.28 0.67 2863 1009 
n 0.14 0.44 0.71 0.72 2939 831 
n 0.54 0.67 0.74 0.48 3072 933 
n 0.54 0.34 0.27 0.87 3059 952 
n 0.2 0.25 0.13 0.66 3034 965 
n 0.53 0.5 0.34 0.19 3066 971 
n 0.4 0.52 0.1 0.81 3091 990 
n 0.6 0.73 0.53 0.69 3206 984 
n 0.15 0.23 0.78 0.59 3409 876 
n 0.85 0.19 0.13 0.11 3460 920 
n 0.69 0.43 0.72 0.51 3510 1016 
n 0.8 0.66 0.88 0.56 3364 1016 
n 0.56 0.73 0.73 0.74 3383 1028 
n 0.37 0.42 0.17 0.59 3498 1028 
n 0.12 0.34 0.54 0.79 3396 1054 
n 0.35 0.11 0.11 0.48 3294 1054 
n 0.61 0.8 0.46 0.37 3517 1073 
n 0.15 0.73 0.55 0.56 3218 1098 
n 0.74 0.73 0.24 0.47 3567 1104 
n 0.58 0.1 0.86 0.45 3555 1123 
n 0.25 0.25 0.52 0.78 3396 1123 
n 0.69 0.64 0.86 0.22 3548 1142 
n 0.27 0.4 0.33 0.15 3529 1155 
n 0.55 0.54 0.75 0.19 3409 1162 
n 0.72 0.36 0.42 0.45 3472 1174 
n 0.36 0.56 0.52 0.85 3694 1301 
n 0.12 0.79 0.71 0.68 3745 1276 
n 0.34 0.28 0.12 0.36 3745 1022 
