t 101 10 5
n 0.51 0.72 0.32 0.84 0.85 41 49 
n 0.88 0.38 0.29 0.27 0.73 35 17 
n 0.61 0.41 0.62 0.59 0.77 55 45 
n 0.41 0.54 0.24 0.71 0.19 55 20 
n 0.84 0.27 0.18 0.77 0.19 15 30 
n 0.52 0.4 0.46 0.3 0.56 25 30 
n 0.14 0.58 0.11 0.51 0.8 20 50 
n 0.19 0.39 0.57 0.7 0.62 10 43 
n 0.45 0.45 0.44 0.66 0.68 55 60 
n 0.7 0.37 0.53 0.49 0.48 30 60 
n 0.34 0.49 0.86 0.38 0.11 20 65 
n 0.8 0.41 0.86 0.76 0.49 50 35 
n 0.21 0.24 0.6 0.16 0.33 30 25 
n 0.16 0.23 0.68 0.72 0.89 15 10 
n 0.5 0.34 0.73 0.32 0.12 30 5 
n 0.72 0.83 0.3 0.9 0.14 10 20 
n 0.16 0.76 0.86 0.46 0.28 5 30 
n 0.21 0.88 0.71 0.72 0.62 20 40 
n 0.65 0.52 0.21 0.16 0.27 15 60 
n 0.69 0.2 0.7 0.85 0.58 45 65 
n 0.18 0.15 0.27 0.64 0.31 45 20 
n 0.16 0.65 0.23 0.82 0.42 45 10 
n 0.13 0.83 0.13 0.37 0.36 55 5 
n 0.47 0.5 0.3 0.39 0.45 65 35 
n 0.5 0.3 0.71 0.13 0.83 65 20 
n 0.41 0.65 0.72 0.78 0.29 45 30 
n 0.63 0.85 0.52 0.51 0.74 35 40 
n 0.24 0.49 0.4 0.73 0.16 41 37 
n 0.76 0.1 0.86 0.47 0.34 64 42 
n 0.49 0.49 0.53 0.33 0.55 40 60 
n 0.23 0.42 0.11 0.67 0.41 31 52 
n 0.35 0.58 0.12 0.22 0.5 35 69 
n 0.14 0.26 0.31 0.25 0.68 53 52 
n 0.2 0.64 0.44 0.44 0.11 65 55 
n 0.44 0.76 0.44 0.21 0.21 63 65 
n 0.19 0.66 0.7 0.42 0.67 2 60 
n 0.22 0.78 0.5 0.87 0.22 20 20 
n 0.57 0.62 0.4 0.51 0.59 5 5 
n 0.11 0.8 0.87 0.49 0.69 60 12 
n 0.76 0.28 0.28 0.61 0.39 40 25 
n 0.64 0.56 0.89 0.4 0.62 42 7 
n 0.13 0.29 0.52 0.59 0.65 24 12 
n 0.26 0.52 0.63 0.42 0.87 23 3 
n 0.36 0.64 0.39 0.11 0.54 11 14 
n 0.55 0.66 0.52 0.33 0.72 6 38 
n 0.29 0.8 0.64 0.42 0.45 2 48 
n 0.46 0.16 0.31 0.86 0.36 8 56 
n 0.52 0.4 0.15 0.87 0.58 13 52 
n 0.31 0.13 0.52 0.72 0.25 6 68 
n 0.78 0.85 0.84 0.72 0.58 47 47 
n 0.14 0.59 0.41 0.46 0.66 49 58 
n 0.42 0.61 0.24 0.87 0.74 27 43 
n 0.77 0.71 0.68 0.86 0.74 37 31 
n 0.25 0.6 0.84 0.39 0.31 57 29 
n 0.78 0.16 0.16 0.24 0.58 63 23 
n 0.34 0.23 0.71 0.27 0.1 53 12 
n 0.39 0.81 0.28 0.29 0.64 32 12 
n 0.33 0.39 0.86 0.59 0.86 36 26 
n 0.65 0.84 0.69 0.33 0.88 21 24 
n 0.14 0.59 0.47 0.78 0.75 17 34 
n 0.68 0.42 0.21 0.43 0.69 12 24 
n 0.51 0.75 0.22 0.15 0.43 24 58 
n 0.32 0.76 0.44 0.72 0.73 27 69 
n 0.29 0.21 0.81 0.32 0.47 15 77 
n 0.83 0.14 0.68 0.9 0.21 62 77 
n 0.2 0.69 0.2 0.85 0.78 49 73 
n 0.62 0.59 0.55 0.14 0.37 67 5 
n 0.55 0.56 0.58 0.65 0.4 56 39 
n 0.43 0.73 0.62 0.13 0.8 37 47 
n 0.58 0.76 0.58 0.58 0.73 37 56 
n 0.57 0.73 0.25 0.74 0.17 57 68 
n 0.47 0.42 0.55 0.53 0.84 47 16 
n 0.42 0.59 0.84 0.32 0.72 44 17 
n 0.9 0.39 0.54 0.17 0.2 46 13 
n 0.31 0.56 0.7 0.77 0.59 49 11 
n 0.21 0.78 0.76 0.21 0.19 49 42 
n 0.77 0.71 0.39 0.78 0.53 53 43 
n 0.53 0.3 0.13 0.37 0.17 61 52 
n 0.4 0.62 0.71 0.33 0.74 57 48 
n 0.3 0.12 0.15 0.72 0.44 56 37 
n 0.56 0.76 0.7 0.68 0.52 55 54 
n 0.37 0.6 0.61 0.17 0.36 15 47 
n 0.26 0.4 0.57 0.74 0.62 14 37 
n 0.85 0.42 0.33 0.65 0.28 11 31 
n 0.44 0.1 0.26 0.59 0.28 16 22 
n 0.26 0.26 0.26 0.45 0.8 4 18 
n 0.63 0.84 0.75 0.44 0.3 28 18 
n 0.89 0.43 0.36 0.13 0.88 26 52 
n 0.8 0.31 0.76 0.66 0.38 26 35 
n 0.71 0.35 0.2 0.41 0.26 31 67 
n 0.56 0.83 0.72 0.69 0.55 15 19 
n 0.79 0.59 0.51 0.23 0.45 22 22 
n 0.81 0.86 0.42 0.72 0.87 18 24 
n 0.41 0.69 0.51 0.23 0.41 26 27 
n 0.17 0.71 0.37 0.24 0.54 25 24 
n 0.58 0.36 0.12 0.27 0.17 22 27 
n 0.76 0.12 0.3 0.68 0.11 25 21 
n 0.5 0.72 0.53 0.33 0.8 19 21 
n 0.83 0.46 0.66 0.32 0.75 20 26 
n 0.45 0.67 0.81 0.13 0.41 18 18 
n 0.5 0.38 0.16 0.65 0.58 35 35 
