t 101 20 3
n 0.5 0.88 0.68 41 49 
n 0.84 0.15 0.45 35 17 
n 0.66 0.13 0.49 55 45 
n 0.28 0.65 0.9 55 20 
n 0.51 0.55 0.51 15 30 
n 0.32 0.51 0.89 25 30 
n 0.26 0.65 0.81 20 50 
n 0.85 0.59 0.28 10 43 
n 0.45 0.66 0.3 55 60 
n 0.34 0.6 0.85 30 60 
n 0.45 0.3 0.14 20 65 
n 0.63 0.36 0.13 50 35 
n 0.64 0.41 0.78 30 25 
n 0.58 0.61 0.76 15 10 
n 0.44 0.21 0.66 30 5 
n 0.34 0.49 0.77 10 20 
n 0.65 0.15 0.8 5 30 
n 0.6 0.1 0.28 20 40 
n 0.11 0.52 0.46 15 60 
n 0.56 0.44 0.62 45 65 
n 0.43 0.22 0.84 45 20 
n 0.82 0.25 0.48 45 10 
n 0.79 0.46 0.77 55 5 
n 0.83 0.75 0.16 65 35 
n 0.67 0.58 0.88 65 20 
n 0.41 0.57 0.17 45 30 
n 0.74 0.17 0.6 35 40 
n 0.31 0.51 0.14 41 37 
n 0.27 0.52 0.37 64 42 
n 0.73 0.17 0.57 40 60 
n 0.8 0.82 0.84 31 52 
n 0.15 0.39 0.18 35 69 
n 0.54 0.36 0.46 53 52 
n 0.6 0.2 0.62 65 55 
n 0.25 0.38 0.68 63 65 
n 0.17 0.24 0.34 2 60 
n 0.84 0.39 0.39 20 20 
n 0.89 0.44 0.31 5 5 
n 0.12 0.78 0.76 60 12 
n 0.26 0.74 0.65 40 25 
n 0.25 0.18 0.66 42 7 
n 0.74 0.51 0.7 24 12 
n 0.53 0.39 0.27 23 3 
n 0.55 0.59 0.61 11 14 
n 0.25 0.7 0.41 6 38 
n 0.71 0.78 0.6 2 48 
n 0.12 0.87 0.26 8 56 
n 0.69 0.38 0.48 13 52 
n 0.75 0.28 0.36 6 68 
n 0.48 0.41 0.35 47 47 
n 0.81 0.49 0.22 49 58 
n 0.78 0.74 0.62 27 43 
n 0.18 0.87 0.55 37 31 
n 0.73 0.54 0.42 57 29 
n 0.66 0.75 0.72 63 23 
n 0.32 0.47 0.35 53 12 
n 0.54 0.9 0.17 32 12 
n 0.55 0.1 0.3 36 26 
n 0.6 0.56 0.39 21 24 
n 0.36 0.5 0.74 17 34 
n 0.8 0.15 0.73 12 24 
n 0.83 0.53 0.54 24 58 
n 0.2 0.78 0.84 27 69 
n 0.58 0.41 0.56 15 77 
n 0.5 0.41 0.88 62 77 
n 0.56 0.21 0.5 49 73 
n 0.48 0.39 0.69 67 5 
n 0.67 0.2 0.84 56 39 
n 0.63 0.86 0.69 37 47 
n 0.8 0.64 0.8 37 56 
n 0.77 0.21 0.87 57 68 
n 0.72 0.12 0.64 47 16 
n 0.82 0.18 0.58 44 17 
n 0.57 0.11 0.33 46 13 
n 0.59 0.23 0.8 49 11 
n 0.21 0.69 0.82 49 42 
n 0.31 0.79 0.75 53 43 
n 0.5 0.4 0.19 61 52 
n 0.88 0.26 0.41 57 48 
n 0.53 0.15 0.53 56 37 
n 0.27 0.48 0.63 55 54 
n 0.38 0.63 0.19 15 47 
n 0.68 0.57 0.41 14 37 
n 0.36 0.8 0.49 11 31 
n 0.52 0.4 0.62 16 22 
n 0.73 0.81 0.61 4 18 
n 0.33 0.26 0.19 28 18 
n 0.8 0.61 0.29 26 52 
n 0.68 0.85 0.34 26 35 
n 0.59 0.83 0.14 31 67 
n 0.46 0.82 0.59 15 19 
n 0.46 0.35 0.41 22 22 
n 0.74 0.56 0.42 18 24 
n 0.32 0.48 0.85 26 27 
n 0.8 0.89 0.61 25 24 
n 0.89 0.62 0.54 22 27 
n 0.78 0.32 0.82 25 21 
n 0.3 0.83 0.87 19 21 
n 0.34 0.76 0.48 20 26 
n 0.6 0.23 0.31 18 18 
n 0.17 0.73 0.34 35 35 
