t 101 15 4
n 0.83 0.18 0.19 0.3 41 49 
n 0.41 0.47 0.26 0.72 35 17 
n 0.86 0.3 0.49 0.3 55 45 
n 0.37 0.55 0.67 0.36 55 20 
n 0.83 0.11 0.19 0.31 15 30 
n 0.67 0.72 0.14 0.27 25 30 
n 0.17 0.2 0.17 0.38 20 50 
n 0.37 0.42 0.27 0.67 10 43 
n 0.57 0.53 0.85 0.89 55 60 
n 0.72 0.74 0.85 0.32 30 60 
n 0.84 0.51 0.9 0.3 20 65 
n 0.73 0.76 0.17 0.87 50 35 
n 0.36 0.59 0.89 0.7 30 25 
n 0.76 0.32 0.29 0.58 15 10 
n 0.82 0.47 0.74 0.17 30 5 
n 0.75 0.88 0.73 0.9 10 20 
n 0.64 0.49 0.89 0.27 5 30 
n 0.34 0.44 0.41 0.75 20 40 
n 0.82 0.34 0.38 0.31 15 60 
n 0.2 0.52 0.35 0.4 45 65 
n 0.28 0.66 0.19 0.76 45 20 
n 0.56 0.77 0.63 0.86 45 10 
n 0.12 0.58 0.86 0.27 55 5 
n 0.22 0.8 0.25 0.3 65 35 
n 0.14 0.26 0.57 0.48 65 20 
n 0.69 0.19 0.62 0.17 45 30 
n 0.26 0.39 0.56 0.52 35 40 
n 0.85 0.42 0.16 0.77 41 37 
n 0.53 0.62 0.58 0.79 64 42 
n 0.56 0.18 0.56 0.62 40 60 
n 0.22 0.85 0.25 0.63 31 52 
n 0.11 0.29 0.31 0.45 35 69 
n 0.34 0.18 0.46 0.83 53 52 
n 0.31 0.23 0.42 0.65 65 55 
n 0.83 0.4 0.24 0.71 63 65 
n 0.14 0.82 0.68 0.4 2 60 
n 0.53 0.44 0.75 0.11 20 20 
n 0.54 0.5 0.36 0.88 5 5 
n 0.55 0.85 0.66 0.32 60 12 
n 0.78 0.15 0.28 0.43 40 25 
n 0.74 0.33 0.86 0.43 42 7 
n 0.71 0.25 0.82 0.29 24 12 
n 0.79 0.29 0.12 0.84 23 3 
n 0.29 0.87 0.33 0.27 11 14 
n 0.83 0.84 0.11 0.42 6 38 
n 0.66 0.66 0.86 0.64 2 48 
n 0.71 0.31 0.69 0.28 8 56 
n 0.65 0.27 0.78 0.7 13 52 
n 0.7 0.35 0.7 0.6 6 68 
n 0.11 0.41 0.12 0.1 47 47 
n 0.29 0.77 0.8 0.65 49 58 
n 0.66 0.54 0.34 0.71 27 43 
n 0.52 0.72 0.15 0.54 37 31 
n 0.27 0.13 0.43 0.11 57 29 
n 0.16 0.5 0.76 0.1 63 23 
n 0.89 0.23 0.17 0.3 53 12 
n 0.11 0.79 0.47 0.27 32 12 
n 0.5 0.59 0.72 0.17 36 26 
n 0.48 0.87 0.43 0.18 21 24 
n 0.63 0.48 0.89 0.41 17 34 
n 0.42 0.82 0.89 0.73 12 24 
n 0.81 0.26 0.74 0.67 24 58 
n 0.75 0.59 0.56 0.78 27 69 
n 0.13 0.45 0.88 0.82 15 77 
n 0.6 0.87 0.15 0.41 62 77 
n 0.69 0.76 0.68 0.33 49 73 
n 0.63 0.72 0.54 0.14 67 5 
n 0.61 0.9 0.11 0.25 56 39 
n 0.58 0.1 0.6 0.28 37 47 
n 0.55 0.37 0.52 0.42 37 56 
n 0.67 0.16 0.21 0.41 57 68 
n 0.86 0.75 0.27 0.73 47 16 
n 0.56 0.81 0.24 0.57 44 17 
n 0.41 0.53 0.49 0.34 46 13 
n 0.69 0.55 0.53 0.35 49 11 
n 0.5 0.11 0.81 0.54 49 42 
n 0.62 0.5 0.25 0.25 53 43 
n 0.87 0.21 0.7 0.32 61 52 
n 0.41 0.12 0.71 0.82 57 48 
n 0.7 0.55 0.18 0.49 56 37 
n 0.39 0.57 0.87 0.1 55 54 
n 0.73 0.51 0.9 0.6 15 47 
n 0.22 0.83 0.56 0.31 14 37 
n 0.59 0.55 0.84 0.7 11 31 
n 0.46 0.16 0.12 0.24 16 22 
n 0.73 0.85 0.85 0.44 4 18 
n 0.45 0.18 0.73 0.2 28 18 
n 0.76 0.47 0.7 0.8 26 52 
n 0.83 0.35 0.5 0.78 26 35 
n 0.5 0.6 0.39 0.26 31 67 
n 0.38 0.66 0.44 0.55 15 19 
n 0.38 0.81 0.85 0.77 22 22 
n 0.74 0.18 0.82 0.88 18 24 
n 0.87 0.87 0.51 0.48 26 27 
n 0.54 0.29 0.47 0.87 25 24 
n 0.19 0.71 0.23 0.15 22 27 
n 0.61 0.62 0.68 0.79 25 21 
n 0.35 0.82 0.72 0.71 19 21 
n 0.42 0.46 0.33 0.61 20 26 
n 0.21 0.64 0.66 0.52 18 18 
n 0.77 0.31 0.48 0.43 35 35 
