t 417 20 5
n 0.76 0.8 0.86 0.87 0.88 1026 1971 
n 0.51 0.8 0.35 0.36 0.22 1162 1965 
n 0.36 0.43 0.17 0.12 0.54 1191 1959 
n 0.72 0.51 0.65 0.81 0.5 1168 1959 
n 0.66 0.13 0.58 0.24 0.78 1097 1959 
n 0.17 0.66 0.43 0.68 0.7 1103 1954 
n 0.75 0.39 0.46 0.89 0.34 1091 1954 
n 0.12 0.46 0.39 0.12 0.75 1020 1954 
n 0.7 0.51 0.28 0.11 0.82 1233 1942 
n 0.65 0.53 0.81 0.73 0.63 1043 1942 
n 0.52 0.8 0.55 0.34 0.46 1239 1936 
n 0.46 0.65 0.47 0.84 0.83 1168 1936 
n 0.6 0.22 0.8 0.22 0.74 1132 1936 
n 0.61 0.86 0.31 0.8 0.48 1268 1930 
n 0.81 0.23 0.88 0.28 0.8 1244 1930 
n 0.75 0.1 0.23 0.13 0.17 1067 1930 
n 0.46 0.53 0.32 0.62 0.84 1179 1924 
n 0.5 0.46 0.53 0.68 0.39 1049 1924 
n 0.66 0.33 0.52 0.52 0.15 1038 1924 
n 0.83 0.82 0.43 0.16 0.58 1126 1918 
n 0.64 0.75 0.19 0.29 0.71 1091 1918 
n 0.37 0.28 0.23 0.77 0.29 984 1918 
n 0.22 0.75 0.73 0.23 0.15 1327 1906 
n 0.16 0.34 0.69 0.11 0.31 1032 1906 
n 0.84 0.37 0.34 0.19 0.39 996 1906 
n 0.63 0.17 0.61 0.28 0.77 1049 1900 
n 0.69 0.73 0.82 0.17 0.84 1185 1895 
n 0.76 0.59 0.44 0.7 0.31 1114 1895 
n 0.41 0.28 0.63 0.2 0.46 1315 1883 
n 0.75 0.66 0.72 0.42 0.72 1292 1883 
n 0.63 0.39 0.11 0.21 0.45 1079 1883 
n 0.59 0.17 0.27 0.51 0.66 1014 1877 
n 0.2 0.89 0.57 0.44 0.85 1735 1747 
n 0.88 0.53 0.32 0.36 0.11 742 1747 
n 0.24 0.35 0.12 0.58 0.31 1729 1741 
n 0.71 0.46 0.14 0.67 0.49 736 1741 
n 0.7 0.14 0.81 0.86 0.49 1522 1723 
n 0.32 0.58 0.66 0.31 0.67 529 1723 
n 0.25 0.13 0.63 0.4 0.57 1185 1647 
n 0.36 0.45 0.64 0.45 0.82 1570 1523 
n 0.6 0.31 0.68 0.74 0.67 576 1523 
n 0.54 0.71 0.74 0.76 0.39 1150 1446 
n 0.24 0.83 0.76 0.19 0.5 618 1446 
n 0.59 0.82 0.8 0.26 0.16 1032 1422 
n 0.49 0.36 0.27 0.51 0.43 1108 1416 
n 0.78 0.2 0.82 0.69 0.25 754 1416 
n 0.61 0.25 0.57 0.55 0.11 1032 1410 
n 0.11 0.58 0.6 0.47 0.41 594 1410 
n 0.75 0.31 0.2 0.65 0.75 760 1399 
n 0.41 0.31 0.57 0.1 0.51 606 1399 
n 0.24 0.3 0.9 0.44 0.65 754 1274 
n 0.47 0.28 0.68 0.29 0.19 659 1251 
n 0.2 0.62 0.51 0.81 0.19 1268 1245 
n 0.87 0.31 0.48 0.51 0.76 594 1245 
n 0.7 0.81 0.3 0.49 0.76 612 1227 
n 0.24 0.58 0.62 0.13 0.72 1280 1221 
n 0.26 0.24 0.11 0.65 0.48 659 1156 
n 0.49 0.77 0.72 0.4 0.22 1227 1003 
n 0.19 0.5 0.35 0.6 0.3 1150 997 
n 0.37 0.15 0.54 0.48 0.19 1611 973 
n 0.44 0.48 0.69 0.45 0.53 1038 802 
n 0.39 0.19 0.45 0.45 0.86 1315 796 
n 0.54 0.52 0.6 0.55 0.6 1114 796 
n 0.33 0.15 0.87 0.25 0.12 1091 796 
n 0.57 0.78 0.72 0.82 0.16 1274 790 
n 0.88 0.62 0.39 0.45 0.76 1132 790 
n 0.83 0.46 0.63 0.63 0.66 1108 790 
n 0.28 0.78 0.75 0.77 0.44 1014 790 
n 0.26 0.76 0.8 0.77 0.29 1268 784 
n 0.65 0.89 0.46 0.24 0.54 1114 784 
n 0.87 0.47 0.74 0.4 0.28 1032 784 
n 0.17 0.52 0.88 0.88 0.22 1664 778 
n 0.75 0.35 0.86 0.26 0.74 1239 778 
n 0.84 0.68 0.31 0.71 0.64 1097 778 
n 0.58 0.52 0.31 0.1 0.82 1049 778 
n 0.33 0.77 0.26 0.8 0.86 978 778 
n 0.65 0.62 0.31 0.58 0.21 1233 773 
n 0.73 0.5 0.48 0.24 0.54 1185 773 
n 0.24 0.18 0.53 0.33 0.7 1079 773 
n 0.71 0.32 0.51 0.71 0.81 1055 773 
n 0.79 0.52 0.34 0.69 0.16 1020 773 
n 0.81 0.49 0.34 0.51 0.66 1215 767 
n 0.45 0.62 0.24 0.24 0.12 1191 767 
n 0.46 0.52 0.55 0.5 0.79 1168 767 
n 0.77 0.1 0.68 0.49 0.86 1085 767 
n 0.49 0.65 0.85 0.32 0.76 1073 767 
n 0.37 0.69 0.61 0.42 0.34 1233 761 
n 0.41 0.89 0.42 0.84 0.7 1162 761 
n 0.76 0.85 0.86 0.37 0.66 1262 755 
n 0.47 0.76 0.75 0.31 0.12 1250 755 
n 0.86 0.84 0.42 0.53 0.23 1179 755 
n 0.7 0.86 0.41 0.41 0.83 1026 755 
n 0.41 0.25 0.75 0.53 0.73 1268 749 
n 0.17 0.79 0.5 0.83 0.15 1244 749 
n 0.43 0.79 0.33 0.2 0.37 1174 749 
n 0.21 0.55 0.35 0.14 0.28 1132 743 
n 0.33 0.27 0.18 0.9 0.61 1120 743 
n 0.22 0.46 0.67 0.82 0.47 1020 725 
n 0.73 0.55 0.72 0.28 0.38 996 725 
n 0.15 0.21 0.75 0.48 0.38 1038 719 
n 0.69 0.83 0.6 0.13 0.44 1002 719 
n 0.62 0.77 0.49 0.69 0.1 1174 560 
n 0.21 0.25 0.76 0.29 0.42 1611 548 
n 0.13 0.51 0.15 0.72 0.69 1174 548 
n 0.16 0.25 0.81 0.46 0.86 1221 536 
n 0.33 0.82 0.43 0.39 0.38 1629 2048 
n 0.38 0.12 0.57 0.67 0.1 1629 2036 
n 0.17 0.47 0.5 0.23 0.68 1617 2048 
n 0.77 0.55 0.16 0.89 0.2 1617 2036 
n 0.57 0.27 0.43 0.36 0.85 1605 2048 
n 0.77 0.19 0.71 0.52 0.38 1605 2036 
n 0.64 0.79 0.66 0.82 0.3 1593 2048 
n 0.68 0.67 0.13 0.57 0.44 1593 2036 
n 0.11 0.57 0.38 0.33 0.89 1581 2048 
n 0.29 0.26 0.87 0.49 0.28 1581 2036 
n 0.67 0.14 0.44 0.71 0.72 1570 2048 
n 0.54 0.67 0.74 0.48 0.54 1570 2036 
n 0.34 0.27 0.87 0.2 0.25 1558 2048 
n 0.13 0.66 0.53 0.5 0.34 1558 2036 
n 0.19 0.4 0.52 0.1 0.81 1546 2048 
n 0.6 0.73 0.53 0.69 0.15 1546 2036 
n 0.23 0.78 0.59 0.85 0.19 1534 2048 
n 0.13 0.11 0.69 0.43 0.72 1534 2036 
n 0.51 0.8 0.66 0.88 0.56 1522 2048 
n 0.56 0.73 0.73 0.74 0.37 1522 2036 
n 0.42 0.17 0.59 0.12 0.34 1510 2048 
n 0.54 0.79 0.35 0.11 0.11 1510 2036 
n 0.48 0.61 0.8 0.46 0.37 1499 2048 
n 0.15 0.73 0.55 0.56 0.74 1499 2036 
n 0.73 0.24 0.47 0.58 0.1 1623 2042 
n 0.86 0.45 0.25 0.25 0.52 1623 2030 
n 0.78 0.69 0.64 0.86 0.22 1611 2042 
n 0.27 0.4 0.33 0.15 0.55 1611 2030 
n 0.54 0.75 0.19 0.72 0.36 1599 2042 
n 0.42 0.45 0.36 0.56 0.52 1599 2030 
n 0.85 0.12 0.79 0.71 0.68 1587 2042 
n 0.34 0.28 0.12 0.36 0.75 1587 2030 
n 0.65 0.41 0.71 0.63 0.6 1576 2042 
n 0.27 0.31 0.23 0.61 0.62 1576 2030 
n 0.17 0.31 0.21 0.82 0.18 1564 2042 
n 0.8 0.78 0.7 0.17 0.8 1564 2030 
n 0.67 0.84 0.15 0.45 0.34 1552 2042 
n 0.53 0.61 0.79 0.31 0.78 1552 2030 
n 0.74 0.8 0.57 0.24 0.9 1540 2042 
n 0.1 0.75 0.72 0.49 0.49 1540 2030 
n 0.71 0.15 0.41 0.78 0.72 1528 2042 
n 0.15 0.49 0.87 0.48 0.37 1528 2030 
n 0.41 0.16 0.3 0.14 0.24 1516 2042 
n 0.83 0.13 0.41 0.5 0.23 1516 2030 
n 0.62 0.27 0.26 0.3 0.26 1505 2042 
n 0.11 0.71 0.48 0.77 0.15 1505 2030 
n 0.42 0.29 0.26 0.49 0.5 1493 2042 
n 0.64 0.7 0.12 0.81 0.51 1493 2030 
n 0.82 0.3 0.22 0.24 0.25 647 2048 
n 0.64 0.7 0.5 0.72 0.24 647 2036 
n 0.57 0.37 0.86 0.55 0.71 636 2048 
n 0.88 0.79 0.16 0.32 0.67 636 2036 
n 0.59 0.13 0.46 0.79 0.4 624 2048 
n 0.11 0.39 0.4 0.57 0.28 624 2036 
n 0.47 0.43 0.69 0.48 0.87 612 2048 
n 0.46 0.36 0.84 0.55 0.2 612 2036 
n 0.21 0.82 0.32 0.26 0.39 600 2048 
n 0.77 0.74 0.7 0.76 0.46 600 2036 
n 0.77 0.66 0.41 0.5 0.46 588 2048 
n 0.76 0.56 0.68 0.26 0.2 588 2036 
n 0.76 0.27 0.14 0.73 0.64 576 2048 
n 0.34 0.39 0.69 0.16 0.27 576 2036 
n 0.35 0.79 0.28 0.63 0.33 565 2048 
n 0.76 0.48 0.39 0.25 0.37 565 2036 
n 0.14 0.3 0.41 0.81 0.23 553 2048 
n 0.65 0.78 0.17 0.6 0.68 553 2036 
n 0.75 0.65 0.8 0.2 0.51 541 2048 
n 0.49 0.38 0.43 0.2 0.13 541 2036 
n 0.38 0.39 0.16 0.44 0.41 529 2048 
n 0.23 0.56 0.82 0.65 0.61 529 2036 
n 0.58 0.82 0.45 0.23 0.56 517 2048 
n 0.2 0.82 0.54 0.78 0.13 517 2036 
n 0.82 0.49 0.29 0.41 0.77 641 2042 
n 0.9 0.65 0.61 0.61 0.79 641 2030 
n 0.2 0.75 0.16 0.89 0.74 630 2042 
n 0.74 0.12 0.62 0.29 0.43 630 2030 
n 0.71 0.42 0.27 0.87 0.68 618 2042 
n 0.36 0.34 0.49 0.18 0.86 618 2030 
n 0.31 0.17 0.63 0.67 0.12 606 2042 
n 0.55 0.55 0.82 0.7 0.26 606 2030 
n 0.39 0.42 0.61 0.43 0.48 594 2042 
n 0.9 0.3 0.42 0.88 0.14 594 2030 
n 0.15 0.14 0.58 0.32 0.21 582 2042 
n 0.18 0.58 0.62 0.16 0.76 582 2030 
n 0.83 0.28 0.58 0.23 0.59 570 2042 
n 0.16 0.14 0.32 0.32 0.82 570 2030 
n 0.77 0.71 0.51 0.44 0.32 559 2042 
n 0.42 0.8 0.41 0.49 0.84 559 2030 
n 0.6 0.52 0.62 0.6 0.89 547 2042 
n 0.3 0.26 0.65 0.34 0.72 547 2030 
n 0.68 0.21 0.89 0.32 0.76 535 2042 
n 0.41 0.46 0.87 0.7 0.13 535 2030 
n 0.51 0.6 0.33 0.12 0.42 523 2042 
n 0.85 0.88 0.43 0.9 0.63 523 2030 
n 0.67 0.36 0.24 0.83 0.72 511 2042 
n 0.17 0.5 0.31 0.38 0.56 511 2030 
n 0.8 0.74 0.84 0.81 0.29 1629 170 
n 0.17 0.58 0.55 0.7 0.37 1629 158 
n 0.68 0.46 0.71 0.12 0.11 1617 170 
n 0.79 0.88 0.32 0.75 0.42 1617 158 
n 0.34 0.75 0.89 0.1 0.47 1605 170 
n 0.32 0.67 0.44 0.46 0.27 1605 158 
n 0.74 0.4 0.46 0.47 0.15 1593 170 
n 0.37 0.35 0.12 0.58 0.21 1593 158 
n 0.36 0.42 0.76 0.44 0.83 1581 170 
n 0.78 0.34 0.78 0.51 0.13 1581 158 
n 0.46 0.22 0.25 0.75 0.33 1570 170 
n 0.19 0.15 0.74 0.16 0.64 1570 158 
n 0.53 0.14 0.45 0.56 0.25 1558 170 
n 0.36 0.55 0.77 0.2 0.41 1558 158 
n 0.22 0.24 0.4 0.17 0.69 1546 170 
n 0.38 0.39 0.32 0.51 0.11 1546 158 
n 0.17 0.31 0.43 0.11 0.36 1534 170 
n 0.13 0.41 0.55 0.67 0.59 1534 158 
n 0.32 0.2 0.39 0.29 0.19 1522 170 
n 0.53 0.56 0.33 0.38 0.35 1522 158 
n 0.72 0.75 0.3 0.4 0.53 1510 170 
n 0.61 0.26 0.46 0.6 0.29 1510 158 
n 0.76 0.84 0.39 0.21 0.35 1499 170 
n 0.17 0.37 0.67 0.44 0.21 1499 158 
n 0.13 0.34 0.52 0.37 0.28 1623 164 
n 0.86 0.3 0.12 0.54 0.15 1623 153 
n 0.21 0.55 0.2 0.28 0.76 1611 164 
n 0.51 0.57 0.41 0.34 0.12 1611 153 
n 0.54 0.1 0.75 0.35 0.34 1599 164 
n 0.45 0.15 0.62 0.67 0.33 1599 153 
n 0.39 0.74 0.6 0.46 0.12 1587 164 
n 0.27 0.28 0.43 0.48 0.46 1587 153 
n 0.18 0.82 0.28 0.53 0.58 1576 164 
n 0.34 0.58 0.27 0.36 0.51 1576 153 
n 0.22 0.81 0.72 0.61 0.65 1564 164 
n 0.84 0.74 0.44 0.12 0.38 1564 153 
n 0.46 0.47 0.3 0.53 0.66 1552 164 
n 0.33 0.21 0.3 0.42 0.7 1552 153 
n 0.28 0.17 0.58 0.22 0.84 1540 164 
n 0.68 0.36 0.87 0.84 0.52 1540 153 
n 0.58 0.3 0.31 0.83 0.51 1528 164 
n 0.31 0.19 0.48 0.71 0.8 1528 153 
n 0.84 0.82 0.85 0.86 0.64 1516 164 
n 0.49 0.67 0.27 0.31 0.54 1516 153 
n 0.14 0.45 0.27 0.26 0.41 1505 164 
n 0.66 0.22 0.18 0.63 0.37 1505 153 
n 0.84 0.78 0.35 0.53 0.77 1493 164 
n 0.44 0.54 0.69 0.42 0.2 1493 153 
n 0.26 0.44 0.69 0.47 0.31 647 170 
n 0.5 0.11 0.57 0.45 0.55 647 158 
n 0.59 0.85 0.26 0.22 0.68 636 170 
n 0.77 0.38 0.38 0.21 0.54 636 158 
n 0.24 0.17 0.53 0.12 0.71 624 170 
n 0.87 0.59 0.41 0.18 0.86 624 158 
n 0.28 0.62 0.12 0.3 0.61 612 170 
n 0.58 0.11 0.36 0.56 0.43 612 158 
n 0.18 0.55 0.81 0.11 0.26 600 170 
n 0.24 0.17 0.87 0.27 0.12 600 158 
n 0.62 0.14 0.11 0.9 0.18 588 170 
n 0.51 0.16 0.44 0.89 0.88 588 158 
n 0.62 0.85 0.77 0.85 0.72 576 170 
n 0.61 0.24 0.78 0.62 0.57 576 158 
n 0.33 0.41 0.46 0.88 0.76 565 170 
n 0.14 0.23 0.54 0.65 0.34 565 158 
n 0.57 0.41 0.54 0.16 0.31 553 170 
n 0.65 0.85 0.29 0.12 0.15 553 158 
n 0.63 0.75 0.56 0.16 0.33 541 170 
n 0.19 0.34 0.79 0.72 0.34 541 158 
n 0.33 0.43 0.86 0.17 0.21 529 170 
n 0.22 0.61 0.73 0.66 0.47 529 158 
n 0.81 0.64 0.41 0.35 0.17 517 170 
n 0.3 0.13 0.24 0.35 0.85 517 158 
n 0.21 0.29 0.46 0.45 0.28 641 164 
n 0.1 0.37 0.47 0.31 0.46 641 153 
n 0.6 0.32 0.33 0.79 0.59 630 164 
n 0.74 0.66 0.23 0.45 0.52 630 153 
n 0.48 0.3 0.85 0.67 0.25 618 164 
n 0.31 0.79 0.81 0.53 0.39 618 153 
n 0.61 0.66 0.58 0.56 0.84 606 164 
n 0.86 0.12 0.82 0.35 0.73 606 153 
n 0.11 0.75 0.54 0.88 0.17 594 164 
n 0.56 0.21 0.81 0.48 0.39 594 153 
n 0.28 0.9 0.52 0.15 0.48 582 164 
n 0.77 0.39 0.5 0.85 0.25 582 153 
n 0.73 0.24 0.51 0.52 0.54 570 164 
n 0.22 0.54 0.32 0.6 0.51 570 153 
n 0.34 0.29 0.67 0.67 0.67 559 164 
n 0.76 0.44 0.24 0.24 0.59 559 153 
n 0.41 0.87 0.23 0.79 0.74 547 164 
n 0.49 0.37 0.83 0.66 0.31 547 153 
n 0.12 0.82 0.21 0.2 0.58 535 164 
n 0.62 0.32 0.44 0.8 0.41 535 153 
n 0.75 0.89 0.14 0.4 0.8 523 164 
n 0.44 0.42 0.59 0.6 0.51 523 153 
n 0.71 0.56 0.21 0.83 0.84 511 164 
n 0.72 0.18 0.43 0.38 0.43 511 153 
n 0.9 0.86 0.39 0.86 0.38 1889 2048 
n 0.44 0.77 0.15 0.14 0.1 1877 2048 
n 0.57 0.5 0.83 0.23 0.21 1853 2048 
n 0.75 0.55 0.66 0.4 0.45 1842 2048 
n 0.46 0.89 0.83 0.53 0.6 1830 2048 
n 0.39 0.29 0.15 0.36 0.43 1782 2048 
n 0.28 0.44 0.84 0.85 0.88 1747 2048 
n 0.51 0.45 0.58 0.44 0.14 1723 2048 
n 0.21 0.28 0.78 0.81 0.88 1711 2048 
n 0.73 0.9 0.35 0.59 0.38 1676 2048 
n 0.37 0.53 0.21 0.87 0.4 1652 2048 
n 0.67 0.47 0.24 0.19 0.9 907 2048 
n 0.85 0.72 0.69 0.79 0.43 896 2048 
n 0.47 0.86 0.22 0.67 0.63 872 2048 
n 0.39 0.68 0.56 0.45 0.48 860 2048 
n 0.83 0.58 0.44 0.81 0.63 848 2048 
n 0.59 0.45 0.37 0.26 0.49 801 2048 
n 0.41 0.74 0.18 0.43 0.59 766 2048 
n 0.61 0.34 0.66 0.41 0.84 742 2048 
n 0.51 0.14 0.53 0.8 0.43 730 2048 
n 0.49 0.35 0.14 0.86 0.58 695 2048 
n 0.53 0.85 0.6 0.57 0.33 671 2048 
n 0.82 0.11 0.62 0.36 0.85 1871 2042 
n 0.53 0.74 0.34 0.12 0.79 1800 2042 
n 0.47 0.18 0.52 0.45 0.88 1777 2042 
n 0.37 0.44 0.16 0.37 0.12 1753 2042 
n 0.88 0.71 0.33 0.49 0.71 890 2042 
n 0.63 0.31 0.19 0.45 0.46 819 2042 
n 0.72 0.9 0.5 0.36 0.59 795 2042 
n 0.17 0.48 0.58 0.87 0.41 771 2042 
n 0.65 0.19 0.22 0.36 0.83 1877 2036 
n 0.42 0.37 0.69 0.13 0.43 1853 2036 
n 0.51 0.55 0.67 0.86 0.79 1842 2036 
n 0.66 0.35 0.33 0.4 0.28 1747 2036 
n 0.23 0.2 0.87 0.53 0.79 1723 2036 
n 0.41 0.26 0.85 0.75 0.59 1700 2036 
n 0.34 0.43 0.48 0.89 0.68 896 2036 
n 0.87 0.81 0.64 0.52 0.2 872 2036 
n 0.85 0.76 0.56 0.17 0.81 860 2036 
n 0.86 0.53 0.7 0.72 0.18 766 2036 
n 0.36 0.49 0.67 0.48 0.69 742 2036 
n 0.62 0.28 0.24 0.22 0.66 718 2036 
n 0.64 0.24 0.63 0.86 0.62 1895 2030 
n 0.36 0.33 0.63 0.41 0.37 1871 2030 
n 0.51 0.14 0.31 0.38 0.38 1859 2030 
n 0.44 0.41 0.1 0.11 0.44 1824 2030 
n 0.78 0.75 0.65 0.3 0.74 1812 2030 
n 0.79 0.16 0.69 0.25 0.31 1800 2030 
n 0.67 0.66 0.51 0.4 0.64 1777 2030 
n 0.13 0.71 0.24 0.84 0.62 1765 2030 
n 0.39 0.79 0.16 0.26 0.89 1753 2030 
n 0.71 0.62 0.57 0.42 0.89 913 2030 
n 0.64 0.18 0.48 0.88 0.18 890 2030 
n 0.65 0.77 0.23 0.45 0.52 878 2030 
n 0.5 0.73 0.65 0.12 0.73 842 2030 
n 0.71 0.58 0.54 0.61 0.49 831 2030 
n 0.6 0.24 0.35 0.84 0.66 819 2030 
n 0.14 0.34 0.5 0.33 0.75 795 2030 
n 0.67 0.58 0.24 0.42 0.48 783 2030 
n 0.89 0.14 0.29 0.55 0.14 771 2030 
n 0.58 0.63 0.47 0.66 0.59 1889 170 
n 0.88 0.53 0.29 0.81 0.31 1877 170 
n 0.77 0.36 0.44 0.66 0.78 1853 170 
n 0.43 0.6 0.42 0.24 0.69 1842 170 
n 0.49 0.55 0.4 0.68 0.86 1830 170 
n 0.83 0.74 0.31 0.43 0.47 1782 170 
n 0.88 0.51 0.64 0.54 0.48 1747 170 
n 0.32 0.48 0.9 0.16 0.77 1723 170 
n 0.8 0.14 0.57 0.57 0.63 1711 170 
n 0.54 0.57 0.8 0.82 0.69 1676 170 
n 0.81 0.16 0.62 0.12 0.19 1652 170 
n 0.19 0.78 0.46 0.76 0.77 907 170 
n 0.87 0.59 0.52 0.85 0.36 896 170 
n 0.83 0.76 0.34 0.86 0.56 872 170 
n 0.27 0.69 0.78 0.21 0.76 860 170 
n 0.33 0.65 0.2 0.39 0.8 848 170 
n 0.78 0.64 0.76 0.65 0.89 801 170 
n 0.14 0.35 0.37 0.13 0.7 766 170 
n 0.62 0.32 0.51 0.34 0.59 742 170 
n 0.88 0.73 0.62 0.83 0.21 730 170 
n 0.46 0.48 0.88 0.32 0.45 695 170 
n 0.3 0.51 0.82 0.62 0.42 671 170 
n 0.58 0.59 0.21 0.73 0.31 1871 164 
n 0.55 0.57 0.59 0.39 0.76 1800 164 
n 0.41 0.77 0.25 0.44 0.5 1777 164 
n 0.41 0.23 0.58 0.62 0.47 1753 164 
n 0.79 0.64 0.44 0.42 0.79 890 164 
n 0.19 0.52 0.17 0.23 0.48 819 164 
n 0.9 0.13 0.69 0.19 0.32 795 164 
n 0.85 0.69 0.5 0.81 0.25 771 164 
n 0.37 0.24 0.69 0.68 0.44 1877 158 
n 0.44 0.56 0.71 0.12 0.32 1853 158 
n 0.32 0.26 0.35 0.66 0.72 1842 158 
n 0.28 0.26 0.52 0.24 0.64 1747 158 
n 0.39 0.34 0.86 0.68 0.51 1723 158 
n 0.45 0.19 0.21 0.53 0.51 1700 158 
n 0.2 0.64 0.51 0.61 0.77 896 158 
n 0.72 0.65 0.81 0.76 0.87 872 158 
n 0.16 0.18 0.34 0.87 0.46 860 158 
n 0.8 0.85 0.61 0.8 0.89 766 158 
n 0.13 0.85 0.64 0.56 0.17 742 158 
n 0.63 0.56 0.49 0.89 0.21 718 158 
n 0.8 0.64 0.25 0.18 0.5 1895 153 
n 0.66 0.66 0.16 0.19 0.55 1871 153 
n 0.17 0.17 0.2 0.2 0.64 1859 153 
n 0.41 0.14 0.52 0.2 0.44 1824 153 
n 0.56 0.23 0.29 0.23 0.52 1812 153 
n 0.26 0.63 0.11 0.52 0.58 1800 153 
n 0.87 0.41 0.19 0.19 0.52 1777 153 
n 0.68 0.11 0.78 0.58 0.69 1765 153 
n 0.7 0.69 0.24 0.81 0.18 1753 153 
n 0.6 0.11 0.44 0.89 0.82 913 153 
n 0.17 0.56 0.49 0.21 0.56 890 153 
n 0.67 0.69 0.34 0.73 0.6 878 153 
n 0.43 0.19 0.18 0.84 0.29 842 153 
n 0.59 0.25 0.76 0.56 0.37 831 153 
n 0.69 0.32 0.88 0.26 0.44 819 153 
n 0.86 0.53 0.83 0.5 0.37 795 153 
n 0.89 0.75 0.37 0.28 0.74 783 153 
n 0.39 0.12 0.79 0.39 0.49 771 153 
