t 417 20 4
n 0.83 0.16 0.81 0.54 1026 1971 
n 0.51 0.87 0.86 0.78 1162 1965 
n 0.59 0.15 0.4 0.26 1191 1959 
n 0.38 0.74 0.68 0.56 1168 1959 
n 0.78 0.61 0.5 0.68 1097 1959 
n 0.64 0.72 0.86 0.26 1103 1954 
n 0.14 0.73 0.25 0.12 1091 1954 
n 0.54 0.15 0.13 0.42 1020 1954 
n 0.15 0.89 0.59 0.37 1233 1942 
n 0.59 0.78 0.14 0.42 1043 1942 
n 0.38 0.12 0.3 0.72 1239 1936 
n 0.74 0.65 0.12 0.21 1168 1936 
n 0.12 0.88 0.32 0.73 1132 1936 
n 0.17 0.7 0.84 0.34 1268 1930 
n 0.69 0.22 0.64 0.63 1244 1930 
n 0.55 0.22 0.56 0.85 1067 1930 
n 0.76 0.29 0.71 0.47 1179 1924 
n 0.19 0.9 0.43 0.13 1049 1924 
n 0.21 0.64 0.51 0.69 1038 1924 
n 0.58 0.83 0.86 0.15 1126 1918 
n 0.63 0.53 0.57 0.5 1091 1918 
n 0.37 0.9 0.74 0.1 984 1918 
n 0.74 0.77 0.68 0.23 1327 1906 
n 0.34 0.63 0.79 0.71 1032 1906 
n 0.32 0.18 0.39 0.35 996 1906 
n 0.31 0.78 0.19 0.81 1049 1900 
n 0.12 0.86 0.37 0.73 1185 1895 
n 0.81 0.55 0.25 0.4 1114 1895 
n 0.65 0.75 0.79 0.67 1315 1883 
n 0.48 0.18 0.36 0.65 1292 1883 
n 0.25 0.44 0.12 0.85 1079 1883 
n 0.8 0.89 0.87 0.78 1014 1877 
n 0.23 0.37 0.47 0.32 1735 1747 
n 0.82 0.59 0.88 0.43 742 1747 
n 0.57 0.12 0.83 0.68 1729 1741 
n 0.74 0.43 0.43 0.38 736 1741 
n 0.36 0.31 0.31 0.39 1522 1723 
n 0.54 0.57 0.4 0.14 529 1723 
n 0.83 0.73 0.43 0.3 1185 1647 
n 0.71 0.14 0.76 0.65 1570 1523 
n 0.54 0.71 0.5 0.82 576 1523 
n 0.75 0.82 0.32 0.58 1150 1446 
n 0.41 0.43 0.65 0.69 618 1446 
n 0.72 0.45 0.7 0.16 1032 1422 
n 0.15 0.46 0.23 0.65 1108 1416 
n 0.4 0.33 0.32 0.65 754 1416 
n 0.63 0.64 0.1 0.19 1032 1410 
n 0.67 0.16 0.49 0.32 594 1410 
n 0.65 0.51 0.27 0.23 760 1399 
n 0.2 0.14 0.82 0.21 606 1399 
n 0.22 0.53 0.31 0.52 754 1274 
n 0.55 0.87 0.29 0.77 659 1251 
n 0.12 0.55 0.52 0.71 1268 1245 
n 0.14 0.68 0.6 0.37 594 1245 
n 0.66 0.13 0.56 0.24 612 1227 
n 0.45 0.55 0.14 0.5 1280 1221 
n 0.38 0.11 0.32 0.38 659 1156 
n 0.23 0.26 0.2 0.32 1227 1003 
n 0.59 0.84 0.6 0.63 1150 997 
n 0.38 0.55 0.48 0.83 1611 973 
n 0.78 0.19 0.71 0.7 1038 802 
n 0.43 0.55 0.31 0.71 1315 796 
n 0.55 0.75 0.52 0.53 1114 796 
n 0.83 0.49 0.38 0.55 1091 796 
n 0.29 0.17 0.55 0.75 1274 790 
n 0.38 0.13 0.62 0.13 1132 790 
n 0.83 0.79 0.42 0.78 1108 790 
n 0.2 0.22 0.73 0.62 1014 790 
n 0.67 0.8 0.37 0.23 1268 784 
n 0.83 0.8 0.44 0.32 1114 784 
n 0.51 0.47 0.72 0.28 1032 784 
n 0.76 0.17 0.31 0.68 1664 778 
n 0.63 0.7 0.81 0.36 1239 778 
n 0.49 0.62 0.77 0.3 1097 778 
n 0.1 0.64 0.7 0.15 1049 778 
n 0.6 0.33 0.87 0.44 978 778 
n 0.35 0.23 0.74 0.51 1233 773 
n 0.22 0.56 0.41 0.13 1185 773 
n 0.16 0.75 0.17 0.37 1079 773 
n 0.14 0.63 0.42 0.23 1055 773 
n 0.44 0.5 0.31 0.27 1020 773 
n 0.24 0.23 0.55 0.73 1215 767 
n 0.15 0.15 0.74 0.11 1191 767 
n 0.77 0.53 0.29 0.69 1168 767 
n 0.82 0.72 0.51 0.49 1085 767 
n 0.23 0.74 0.79 0.46 1073 767 
n 0.86 0.33 0.33 0.56 1233 761 
n 0.57 0.9 0.13 0.25 1162 761 
n 0.19 0.54 0.31 0.31 1262 755 
n 0.89 0.3 0.73 0.54 1250 755 
n 0.12 0.56 0.18 0.12 1179 755 
n 0.67 0.22 0.32 0.27 1026 755 
n 0.67 0.86 0.66 0.46 1268 749 
n 0.8 0.68 0.68 0.43 1244 749 
n 0.72 0.69 0.5 0.78 1174 749 
n 0.47 0.75 0.65 0.43 1132 743 
n 0.67 0.33 0.12 0.63 1120 743 
n 0.66 0.67 0.29 0.56 1020 725 
n 0.57 0.16 0.81 0.58 996 725 
n 0.44 0.16 0.31 0.34 1038 719 
n 0.74 0.22 0.59 0.16 1002 719 
n 0.35 0.76 0.53 0.61 1174 560 
n 0.42 0.42 0.34 0.21 1611 548 
n 0.69 0.83 0.31 0.62 1174 548 
n 0.48 0.84 0.28 0.16 1221 536 
n 0.62 0.45 0.13 0.83 1629 2048 
n 0.53 0.21 0.18 0.3 1629 2036 
n 0.11 0.75 0.81 0.61 1617 2048 
n 0.9 0.27 0.87 0.33 1617 2036 
n 0.7 0.88 0.84 0.39 1605 2048 
n 0.22 0.23 0.58 0.83 1605 2036 
n 0.85 0.84 0.46 0.51 1593 2048 
n 0.27 0.66 0.14 0.44 1593 2036 
n 0.81 0.79 0.57 0.39 1581 2048 
n 0.72 0.38 0.49 0.46 1581 2036 
n 0.25 0.63 0.41 0.76 1570 2048 
n 0.8 0.4 0.56 0.79 1570 2036 
n 0.75 0.75 0.69 0.56 1558 2048 
n 0.51 0.56 0.77 0.31 1558 2036 
n 0.32 0.67 0.66 0.72 1546 2048 
n 0.61 0.77 0.41 0.25 1546 2036 
n 0.47 0.42 0.8 0.75 1534 2048 
n 0.55 0.39 0.14 0.36 1534 2036 
n 0.21 0.35 0.46 0.53 1522 2048 
n 0.14 0.51 0.78 0.22 1522 2036 
n 0.44 0.31 0.36 0.42 1510 2048 
n 0.57 0.86 0.14 0.6 1510 2036 
n 0.74 0.6 0.62 0.13 1499 2048 
n 0.89 0.74 0.5 0.32 1499 2036 
n 0.16 0.49 0.82 0.74 1623 2042 
n 0.77 0.86 0.36 0.67 1623 2030 
n 0.28 0.61 0.25 0.58 1611 2042 
n 0.63 0.43 0.48 0.76 1611 2030 
n 0.66 0.34 0.59 0.47 1599 2042 
n 0.4 0.22 0.72 0.22 1599 2030 
n 0.21 0.29 0.34 0.57 1587 2042 
n 0.59 0.19 0.41 0.26 1587 2030 
n 0.81 0.33 0.71 0.47 1576 2042 
n 0.45 0.72 0.85 0.63 1576 2030 
n 0.83 0.84 0.65 0.77 1564 2042 
n 0.15 0.31 0.76 0.85 1564 2030 
n 0.14 0.36 0.22 0.77 1552 2042 
n 0.25 0.46 0.53 0.17 1552 2030 
n 0.13 0.16 0.29 0.86 1540 2042 
n 0.32 0.25 0.58 0.34 1540 2030 
n 0.17 0.18 0.12 0.62 1528 2042 
n 0.68 0.22 0.83 0.13 1528 2030 
n 0.83 0.75 0.28 0.46 1516 2042 
n 0.59 0.6 0.75 0.52 1516 2030 
n 0.38 0.56 0.37 0.74 1505 2042 
n 0.11 0.8 0.4 0.76 1505 2030 
n 0.26 0.17 0.49 0.89 1493 2042 
n 0.8 0.34 0.37 0.62 1493 2030 
n 0.14 0.25 0.34 0.13 647 2048 
n 0.24 0.12 0.87 0.18 647 2036 
n 0.51 0.43 0.43 0.29 636 2048 
n 0.48 0.31 0.83 0.87 636 2036 
n 0.8 0.15 0.29 0.24 624 2048 
n 0.68 0.23 0.86 0.28 624 2036 
n 0.59 0.85 0.84 0.87 612 2048 
n 0.59 0.37 0.13 0.47 612 2036 
n 0.55 0.11 0.31 0.39 600 2048 
n 0.5 0.72 0.25 0.76 600 2036 
n 0.25 0.45 0.25 0.51 588 2048 
n 0.63 0.3 0.72 0.55 588 2036 
n 0.18 0.21 0.55 0.2 576 2048 
n 0.14 0.11 0.66 0.62 576 2036 
n 0.46 0.45 0.59 0.41 565 2048 
n 0.44 0.47 0.27 0.78 565 2036 
n 0.84 0.88 0.69 0.58 553 2048 
n 0.22 0.38 0.25 0.13 553 2036 
n 0.5 0.76 0.86 0.52 541 2048 
n 0.75 0.32 0.83 0.87 541 2036 
n 0.15 0.8 0.27 0.29 529 2048 
n 0.59 0.47 0.65 0.88 529 2036 
n 0.14 0.13 0.82 0.2 517 2048 
n 0.63 0.84 0.25 0.3 517 2036 
n 0.12 0.2 0.81 0.64 641 2042 
n 0.51 0.48 0.3 0.44 641 2030 
n 0.55 0.18 0.81 0.2 630 2042 
n 0.68 0.53 0.71 0.14 630 2030 
n 0.18 0.72 0.52 0.39 618 2042 
n 0.1 0.22 0.35 0.24 618 2030 
n 0.61 0.37 0.1 0.63 606 2042 
n 0.88 0.41 0.73 0.16 606 2030 
n 0.55 0.85 0.36 0.32 594 2042 
n 0.68 0.17 0.67 0.84 594 2030 
n 0.18 0.68 0.89 0.58 582 2042 
n 0.23 0.19 0.26 0.32 582 2030 
n 0.13 0.72 0.23 0.72 570 2042 
n 0.12 0.61 0.32 0.17 570 2030 
n 0.15 0.25 0.87 0.44 559 2042 
n 0.55 0.66 0.77 0.67 559 2030 
n 0.44 0.1 0.75 0.84 547 2042 
n 0.53 0.47 0.43 0.79 547 2030 
n 0.58 0.48 0.41 0.74 535 2042 
n 0.29 0.74 0.61 0.54 535 2030 
n 0.89 0.6 0.62 0.64 523 2042 
n 0.63 0.12 0.4 0.37 523 2030 
n 0.64 0.72 0.31 0.14 511 2042 
n 0.61 0.8 0.24 0.79 511 2030 
n 0.66 0.4 0.31 0.17 1629 170 
n 0.64 0.64 0.6 0.53 1629 158 
n 0.16 0.76 0.13 0.38 1617 170 
n 0.32 0.57 0.36 0.46 1617 158 
n 0.77 0.71 0.41 0.62 1605 170 
n 0.22 0.34 0.58 0.82 1605 158 
n 0.8 0.5 0.84 0.48 1593 170 
n 0.67 0.33 0.6 0.8 1593 158 
n 0.64 0.86 0.28 0.2 1581 170 
n 0.44 0.22 0.52 0.25 1581 158 
n 0.23 0.44 0.49 0.81 1570 170 
n 0.41 0.13 0.21 0.79 1570 158 
n 0.49 0.38 0.55 0.29 1558 170 
n 0.74 0.7 0.43 0.86 1558 158 
n 0.24 0.32 0.29 0.26 1546 170 
n 0.86 0.49 0.76 0.41 1546 158 
n 0.37 0.9 0.73 0.86 1534 170 
n 0.45 0.81 0.59 0.29 1534 158 
n 0.69 0.79 0.36 0.33 1522 170 
n 0.41 0.16 0.32 0.55 1522 158 
n 0.28 0.67 0.36 0.63 1510 170 
n 0.2 0.36 0.51 0.21 1510 158 
n 0.45 0.44 0.42 0.43 1499 170 
n 0.66 0.89 0.52 0.76 1499 158 
n 0.67 0.86 0.33 0.68 1623 164 
n 0.19 0.57 0.59 0.38 1623 153 
n 0.62 0.31 0.88 0.21 1611 164 
n 0.45 0.49 0.23 0.15 1611 153 
n 0.73 0.38 0.2 0.22 1599 164 
n 0.19 0.3 0.7 0.84 1599 153 
n 0.74 0.12 0.12 0.73 1587 164 
n 0.82 0.49 0.54 0.24 1587 153 
n 0.14 0.36 0.72 0.44 1576 164 
n 0.28 0.42 0.63 0.76 1576 153 
n 0.79 0.12 0.77 0.49 1564 164 
n 0.28 0.66 0.78 0.27 1564 153 
n 0.47 0.4 0.19 0.15 1552 164 
n 0.69 0.49 0.85 0.85 1552 153 
n 0.53 0.52 0.55 0.38 1540 164 
n 0.76 0.41 0.82 0.54 1540 153 
n 0.87 0.81 0.84 0.16 1528 164 
n 0.87 0.18 0.87 0.22 1528 153 
n 0.59 0.37 0.22 0.66 1516 164 
n 0.81 0.49 0.15 0.55 1516 153 
n 0.84 0.61 0.74 0.13 1505 164 
n 0.83 0.69 0.87 0.8 1505 153 
n 0.38 0.15 0.35 0.82 1493 164 
n 0.64 0.37 0.16 0.57 1493 153 
n 0.72 0.7 0.28 0.63 647 170 
n 0.26 0.43 0.26 0.84 647 158 
n 0.34 0.53 0.11 0.46 636 170 
n 0.55 0.86 0.85 0.8 636 158 
n 0.36 0.14 0.48 0.17 624 170 
n 0.41 0.86 0.34 0.49 624 158 
n 0.69 0.39 0.16 0.8 612 170 
n 0.27 0.32 0.25 0.28 612 158 
n 0.5 0.71 0.8 0.29 600 170 
n 0.85 0.87 0.23 0.71 600 158 
n 0.59 0.73 0.89 0.88 588 170 
n 0.28 0.61 0.59 0.9 588 158 
n 0.71 0.59 0.57 0.89 576 170 
n 0.44 0.69 0.2 0.83 576 158 
n 0.51 0.41 0.43 0.68 565 170 
n 0.31 0.67 0.53 0.53 565 158 
n 0.58 0.89 0.86 0.55 553 170 
n 0.83 0.29 0.33 0.27 553 158 
n 0.88 0.11 0.69 0.87 541 170 
n 0.82 0.29 0.63 0.8 541 158 
n 0.53 0.38 0.61 0.42 529 170 
n 0.39 0.66 0.73 0.65 529 158 
n 0.56 0.76 0.12 0.63 517 170 
n 0.27 0.52 0.62 0.62 517 158 
n 0.15 0.72 0.13 0.84 641 164 
n 0.14 0.12 0.77 0.29 641 153 
n 0.27 0.83 0.42 0.43 630 164 
n 0.83 0.76 0.61 0.21 630 153 
n 0.51 0.59 0.29 0.39 618 164 
n 0.4 0.32 0.35 0.73 618 153 
n 0.56 0.85 0.82 0.12 606 164 
n 0.44 0.67 0.56 0.49 606 153 
n 0.41 0.58 0.22 0.47 594 164 
n 0.68 0.87 0.73 0.17 594 153 
n 0.12 0.53 0.28 0.31 582 164 
n 0.44 0.71 0.51 0.48 582 153 
n 0.79 0.59 0.61 0.63 570 164 
n 0.5 0.73 0.71 0.41 570 153 
n 0.27 0.44 0.64 0.71 559 164 
n 0.17 0.43 0.55 0.34 559 153 
n 0.59 0.1 0.22 0.55 547 164 
n 0.38 0.12 0.79 0.46 547 153 
n 0.64 0.49 0.62 0.84 535 164 
n 0.18 0.34 0.49 0.7 535 153 
n 0.58 0.5 0.28 0.38 523 164 
n 0.48 0.81 0.74 0.85 523 153 
n 0.1 0.2 0.82 0.71 511 164 
n 0.43 0.29 0.85 0.89 511 153 
n 0.12 0.89 0.69 0.86 1889 2048 
n 0.78 0.16 0.51 0.36 1877 2048 
n 0.25 0.81 0.87 0.39 1853 2048 
n 0.47 0.22 0.81 0.38 1842 2048 
n 0.71 0.81 0.17 0.71 1830 2048 
n 0.51 0.56 0.36 0.18 1782 2048 
n 0.54 0.44 0.23 0.77 1747 2048 
n 0.41 0.14 0.86 0.55 1723 2048 
n 0.43 0.57 0.27 0.28 1711 2048 
n 0.8 0.89 0.66 0.25 1676 2048 
n 0.59 0.77 0.84 0.21 1652 2048 
n 0.55 0.24 0.5 0.58 907 2048 
n 0.34 0.8 0.67 0.71 896 2048 
n 0.18 0.73 0.64 0.9 872 2048 
n 0.57 0.37 0.36 0.17 860 2048 
n 0.79 0.46 0.72 0.17 848 2048 
n 0.22 0.34 0.77 0.57 801 2048 
n 0.18 0.32 0.12 0.14 766 2048 
n 0.48 0.87 0.47 0.23 742 2048 
n 0.63 0.53 0.18 0.82 730 2048 
n 0.43 0.72 0.37 0.53 695 2048 
n 0.34 0.13 0.18 0.54 671 2048 
n 0.59 0.7 0.65 0.84 1871 2042 
n 0.24 0.42 0.64 0.76 1800 2042 
n 0.49 0.29 0.2 0.85 1777 2042 
n 0.31 0.73 0.27 0.9 1753 2042 
n 0.48 0.42 0.83 0.26 890 2042 
n 0.59 0.45 0.54 0.37 819 2042 
n 0.54 0.52 0.79 0.21 795 2042 
n 0.15 0.83 0.65 0.29 771 2042 
n 0.48 0.18 0.9 0.43 1877 2036 
n 0.26 0.77 0.44 0.16 1853 2036 
n 0.85 0.1 0.78 0.74 1842 2036 
n 0.55 0.46 0.41 0.12 1747 2036 
n 0.33 0.88 0.86 0.78 1723 2036 
n 0.19 0.69 0.66 0.7 1700 2036 
n 0.5 0.42 0.81 0.75 896 2036 
n 0.38 0.5 0.83 0.12 872 2036 
n 0.24 0.33 0.11 0.73 860 2036 
n 0.41 0.26 0.87 0.15 766 2036 
n 0.2 0.83 0.56 0.14 742 2036 
n 0.3 0.75 0.7 0.67 718 2036 
n 0.66 0.12 0.73 0.35 1895 2030 
n 0.28 0.33 0.61 0.82 1871 2030 
n 0.14 0.62 0.83 0.64 1859 2030 
n 0.55 0.16 0.66 0.83 1824 2030 
n 0.78 0.32 0.77 0.83 1812 2030 
n 0.11 0.76 0.74 0.51 1800 2030 
n 0.46 0.78 0.77 0.25 1777 2030 
n 0.2 0.13 0.19 0.11 1765 2030 
n 0.33 0.42 0.5 0.46 1753 2030 
n 0.71 0.82 0.65 0.89 913 2030 
n 0.45 0.52 0.28 0.46 890 2030 
n 0.81 0.86 0.11 0.56 878 2030 
n 0.32 0.29 0.56 0.57 842 2030 
n 0.75 0.59 0.14 0.71 831 2030 
n 0.32 0.4 0.65 0.18 819 2030 
n 0.57 0.27 0.71 0.45 795 2030 
n 0.29 0.8 0.8 0.48 783 2030 
n 0.42 0.82 0.24 0.84 771 2030 
n 0.84 0.23 0.84 0.3 1889 170 
n 0.17 0.11 0.27 0.59 1877 170 
n 0.69 0.58 0.64 0.5 1853 170 
n 0.78 0.51 0.87 0.12 1842 170 
n 0.53 0.67 0.18 0.75 1830 170 
n 0.54 0.55 0.47 0.5 1782 170 
n 0.47 0.36 0.88 0.32 1747 170 
n 0.26 0.31 0.77 0.64 1723 170 
n 0.74 0.3 0.14 0.23 1711 170 
n 0.85 0.66 0.77 0.47 1676 170 
n 0.79 0.36 0.69 0.66 1652 170 
n 0.64 0.81 0.76 0.81 907 170 
n 0.88 0.59 0.7 0.57 896 170 
n 0.42 0.46 0.15 0.66 872 170 
n 0.65 0.35 0.77 0.22 860 170 
n 0.77 0.38 0.42 0.56 848 170 
n 0.14 0.34 0.54 0.69 801 170 
n 0.67 0.22 0.86 0.27 766 170 
n 0.38 0.88 0.41 0.59 742 170 
n 0.34 0.62 0.62 0.81 730 170 
n 0.83 0.29 0.51 0.17 695 170 
n 0.26 0.7 0.61 0.68 671 170 
n 0.62 0.88 0.82 0.72 1871 164 
n 0.13 0.81 0.84 0.55 1800 164 
n 0.54 0.31 0.22 0.61 1777 164 
n 0.3 0.73 0.23 0.38 1753 164 
n 0.37 0.47 0.82 0.54 890 164 
n 0.25 0.45 0.47 0.13 819 164 
n 0.75 0.54 0.5 0.63 795 164 
n 0.53 0.27 0.57 0.72 771 164 
n 0.3 0.35 0.62 0.8 1877 158 
n 0.25 0.1 0.29 0.45 1853 158 
n 0.47 0.55 0.5 0.85 1842 158 
n 0.14 0.36 0.33 0.65 1747 158 
n 0.53 0.33 0.36 0.17 1723 158 
n 0.15 0.66 0.23 0.31 1700 158 
n 0.46 0.45 0.74 0.44 896 158 
n 0.29 0.5 0.49 0.73 872 158 
n 0.67 0.77 0.59 0.8 860 158 
n 0.36 0.19 0.23 0.76 766 158 
n 0.71 0.65 0.28 0.21 742 158 
n 0.57 0.54 0.6 0.54 718 158 
n 0.31 0.89 0.57 0.44 1895 153 
n 0.13 0.52 0.7 0.53 1871 153 
n 0.15 0.3 0.34 0.46 1859 153 
n 0.72 0.88 0.1 0.19 1824 153 
n 0.27 0.4 0.3 0.81 1812 153 
n 0.58 0.39 0.68 0.22 1800 153 
n 0.11 0.83 0.43 0.21 1777 153 
n 0.24 0.38 0.9 0.13 1765 153 
n 0.26 0.35 0.73 0.71 1753 153 
n 0.38 0.36 0.76 0.52 913 153 
n 0.15 0.87 0.42 0.47 890 153 
n 0.82 0.51 0.18 0.2 878 153 
n 0.59 0.61 0.8 0.1 842 153 
n 0.18 0.63 0.53 0.85 831 153 
n 0.66 0.74 0.21 0.78 819 153 
n 0.66 0.89 0.3 0.35 795 153 
n 0.27 0.51 0.17 0.34 783 153 
n 0.67 0.26 0.82 0.85 771 153 
