t 417 10 3
n 0.83 0.56 0.31 1026 1971 
n 0.59 0.55 0.84 1162 1965 
n 0.7 0.46 0.16 1191 1959 
n 0.12 0.24 0.73 1168 1959 
n 0.85 0.85 0.44 1097 1959 
n 0.45 0.18 0.73 1103 1954 
n 0.2 0.76 0.47 1091 1954 
n 0.7 0.8 0.83 1020 1954 
n 0.35 0.5 0.78 1233 1942 
n 0.5 0.6 0.39 1043 1942 
n 0.26 0.38 0.66 1239 1936 
n 0.44 0.55 0.38 1168 1936 
n 0.81 0.85 0.77 1132 1936 
n 0.74 0.18 0.82 1268 1930 
n 0.88 0.87 0.87 1244 1930 
n 0.51 0.48 0.54 1067 1930 
n 0.29 0.47 0.87 1179 1924 
n 0.19 0.71 0.23 1049 1924 
n 0.15 0.61 0.62 1038 1924 
n 0.68 0.79 0.35 1126 1918 
n 0.82 0.72 0.71 1091 1918 
n 0.42 0.46 0.33 984 1918 
n 0.61 0.21 0.64 1327 1906 
n 0.66 0.52 0.77 1032 1906 
n 0.31 0.48 0.43 996 1906 
n 0.51 0.72 0.32 1049 1900 
n 0.84 0.85 0.88 1185 1895 
n 0.38 0.29 0.27 1114 1895 
n 0.73 0.61 0.41 1315 1883 
n 0.62 0.59 0.77 1292 1883 
n 0.41 0.54 0.24 1079 1883 
n 0.71 0.19 0.84 1014 1877 
n 0.27 0.18 0.77 1735 1747 
n 0.19 0.52 0.4 742 1747 
n 0.46 0.3 0.56 1729 1741 
n 0.14 0.58 0.11 736 1741 
n 0.51 0.8 0.19 1522 1723 
n 0.39 0.57 0.7 529 1723 
n 0.62 0.45 0.45 1185 1647 
n 0.44 0.66 0.68 1570 1523 
n 0.7 0.37 0.53 576 1523 
n 0.49 0.48 0.34 1150 1446 
n 0.49 0.86 0.38 618 1446 
n 0.11 0.8 0.41 1032 1422 
n 0.86 0.76 0.49 1108 1416 
n 0.21 0.24 0.6 754 1416 
n 0.16 0.33 0.16 1032 1410 
n 0.23 0.68 0.72 594 1410 
n 0.89 0.5 0.34 760 1399 
n 0.73 0.32 0.12 606 1399 
n 0.72 0.83 0.3 754 1274 
n 0.9 0.14 0.16 659 1251 
n 0.76 0.86 0.46 1268 1245 
n 0.28 0.21 0.88 594 1245 
n 0.71 0.72 0.62 612 1227 
n 0.65 0.52 0.21 1280 1221 
n 0.16 0.27 0.69 659 1156 
n 0.2 0.7 0.85 1227 1003 
n 0.58 0.18 0.15 1150 997 
n 0.27 0.64 0.31 1611 973 
n 0.16 0.65 0.23 1038 802 
n 0.82 0.42 0.13 1315 796 
n 0.83 0.13 0.37 1114 796 
n 0.36 0.47 0.5 1091 796 
n 0.3 0.39 0.45 1274 790 
n 0.5 0.3 0.71 1132 790 
n 0.13 0.83 0.41 1108 790 
n 0.65 0.72 0.78 1014 790 
n 0.29 0.63 0.85 1268 784 
n 0.52 0.51 0.74 1114 784 
n 0.24 0.49 0.4 1032 784 
n 0.73 0.16 0.76 1664 778 
n 0.1 0.86 0.47 1239 778 
n 0.34 0.49 0.49 1097 778 
n 0.53 0.33 0.55 1049 778 
n 0.23 0.42 0.11 978 778 
n 0.67 0.41 0.35 1233 773 
n 0.58 0.12 0.22 1185 773 
n 0.5 0.14 0.26 1079 773 
n 0.31 0.25 0.68 1055 773 
n 0.2 0.64 0.44 1020 773 
n 0.44 0.11 0.44 1215 767 
n 0.76 0.44 0.21 1191 767 
n 0.21 0.19 0.66 1168 767 
n 0.7 0.42 0.67 1085 767 
n 0.22 0.78 0.5 1073 767 
n 0.87 0.22 0.57 1233 761 
n 0.62 0.4 0.51 1162 761 
n 0.59 0.11 0.8 1262 755 
n 0.87 0.49 0.69 1250 755 
n 0.76 0.28 0.28 1179 755 
n 0.61 0.39 0.64 1026 755 
n 0.56 0.89 0.4 1268 749 
n 0.62 0.13 0.29 1244 749 
n 0.52 0.59 0.65 1174 749 
n 0.26 0.52 0.63 1132 743 
n 0.42 0.87 0.36 1120 743 
n 0.64 0.39 0.11 1020 725 
n 0.54 0.55 0.66 996 725 
n 0.52 0.33 0.72 1038 719 
n 0.29 0.8 0.64 1002 719 
n 0.42 0.45 0.46 1174 560 
n 0.16 0.31 0.86 1611 548 
n 0.36 0.52 0.4 1174 548 
n 0.15 0.87 0.58 1221 536 
n 0.31 0.13 0.52 1629 2048 
n 0.72 0.25 0.78 1629 2036 
n 0.85 0.84 0.72 1617 2048 
n 0.58 0.14 0.59 1617 2036 
n 0.41 0.46 0.66 1605 2048 
n 0.42 0.61 0.24 1605 2036 
n 0.87 0.74 0.77 1593 2048 
n 0.71 0.68 0.86 1593 2036 
n 0.74 0.25 0.6 1581 2048 
n 0.84 0.39 0.31 1581 2036 
n 0.78 0.16 0.16 1570 2048 
n 0.24 0.58 0.34 1570 2036 
n 0.23 0.71 0.27 1558 2048 
n 0.1 0.39 0.81 1558 2036 
n 0.28 0.29 0.64 1546 2048 
n 0.33 0.39 0.86 1546 2036 
n 0.59 0.86 0.65 1534 2048 
n 0.84 0.69 0.33 1534 2036 
n 0.88 0.14 0.59 1522 2048 
n 0.47 0.78 0.75 1522 2036 
n 0.68 0.42 0.21 1510 2048 
n 0.43 0.69 0.51 1510 2036 
n 0.75 0.22 0.15 1499 2048 
n 0.43 0.32 0.76 1499 2036 
n 0.44 0.72 0.73 1623 2042 
n 0.29 0.21 0.81 1623 2030 
n 0.32 0.47 0.83 1611 2042 
n 0.14 0.68 0.9 1611 2030 
n 0.21 0.2 0.69 1599 2042 
n 0.2 0.85 0.78 1599 2030 
n 0.62 0.59 0.55 1587 2042 
n 0.14 0.37 0.55 1587 2030 
n 0.56 0.58 0.65 1576 2042 
n 0.4 0.43 0.73 1576 2030 
n 0.62 0.13 0.8 1564 2042 
n 0.58 0.76 0.58 1564 2030 
n 0.58 0.73 0.57 1552 2042 
n 0.73 0.25 0.74 1552 2030 
n 0.17 0.47 0.42 1540 2042 
n 0.55 0.53 0.84 1540 2030 
n 0.42 0.59 0.84 1528 2042 
n 0.32 0.72 0.9 1528 2030 
n 0.39 0.54 0.17 1516 2042 
n 0.2 0.31 0.56 1516 2030 
n 0.7 0.77 0.59 1505 2042 
n 0.21 0.78 0.76 1505 2030 
n 0.21 0.19 0.77 1493 2042 
n 0.71 0.39 0.78 1493 2030 
n 0.53 0.53 0.3 647 2048 
n 0.13 0.37 0.17 647 2036 
n 0.4 0.62 0.71 636 2048 
n 0.33 0.74 0.3 636 2036 
n 0.12 0.15 0.72 624 2048 
n 0.44 0.56 0.76 624 2036 
n 0.7 0.68 0.52 612 2048 
n 0.37 0.6 0.61 612 2036 
n 0.17 0.36 0.26 600 2048 
n 0.4 0.57 0.74 600 2036 
n 0.62 0.85 0.42 588 2048 
n 0.33 0.65 0.28 588 2036 
n 0.44 0.1 0.26 576 2048 
n 0.59 0.28 0.26 576 2036 
n 0.26 0.26 0.45 565 2048 
n 0.8 0.63 0.84 565 2036 
n 0.75 0.44 0.3 553 2048 
n 0.89 0.43 0.36 553 2036 
n 0.13 0.88 0.8 541 2048 
n 0.31 0.76 0.66 541 2036 
n 0.38 0.71 0.35 529 2048 
n 0.2 0.41 0.26 529 2036 
n 0.56 0.83 0.72 517 2048 
n 0.69 0.55 0.79 517 2036 
n 0.59 0.51 0.23 641 2042 
n 0.45 0.81 0.86 641 2030 
n 0.42 0.72 0.87 630 2042 
n 0.41 0.69 0.51 630 2030 
n 0.23 0.41 0.17 618 2042 
n 0.71 0.37 0.24 618 2030 
n 0.54 0.58 0.36 606 2042 
n 0.12 0.27 0.17 606 2030 
n 0.76 0.12 0.3 594 2042 
n 0.68 0.11 0.5 594 2030 
n 0.72 0.53 0.33 582 2042 
n 0.8 0.83 0.46 582 2030 
n 0.66 0.32 0.75 570 2042 
n 0.45 0.67 0.81 570 2030 
n 0.13 0.41 0.5 559 2042 
n 0.38 0.16 0.65 559 2030 
n 0.58 0.24 0.38 547 2042 
n 0.79 0.16 0.4 547 2030 
n 0.83 0.84 0.43 535 2042 
n 0.72 0.18 0.26 535 2030 
n 0.54 0.75 0.24 523 2042 
n 0.37 0.14 0.27 523 2030 
n 0.7 0.19 0.79 511 2042 
n 0.82 0.18 0.89 511 2030 
n 0.34 0.8 0.84 1629 170 
n 0.31 0.69 0.85 1629 158 
n 0.6 0.63 0.84 1617 170 
n 0.87 0.23 0.44 1617 158 
n 0.56 0.74 0.44 1605 170 
n 0.17 0.54 0.13 1605 158 
n 0.32 0.11 0.3 1593 170 
n 0.15 0.65 0.32 1593 158 
n 0.48 0.55 0.8 1581 170 
n 0.79 0.78 0.6 1581 158 
n 0.77 0.62 0.39 1570 170 
n 0.54 0.22 0.1 1570 158 
n 0.37 0.72 0.87 1558 170 
n 0.61 0.55 0.33 1558 158 
n 0.46 0.28 0.76 1546 170 
n 0.35 0.76 0.4 1546 158 
n 0.62 0.38 0.83 1534 170 
n 0.61 0.21 0.38 1534 158 
n 0.58 0.76 0.62 1522 170 
n 0.71 0.88 0.39 1522 158 
n 0.78 0.33 0.71 1510 170 
n 0.55 0.51 0.48 1510 158 
n 0.52 0.25 0.88 1499 170 
n 0.62 0.75 0.71 1499 158 
n 0.84 0.19 0.4 1623 164 
n 0.85 0.34 0.4 1623 153 
n 0.24 0.89 0.22 1611 164 
n 0.88 0.43 0.27 1611 153 
n 0.23 0.38 0.32 1599 164 
n 0.87 0.82 0.35 1599 153 
n 0.62 0.18 0.52 1587 164 
n 0.67 0.43 0.11 1587 153 
n 0.24 0.65 0.15 1576 164 
n 0.21 0.16 0.56 1576 153 
n 0.33 0.8 0.83 1564 164 
n 0.42 0.72 0.8 1564 153 
n 0.16 0.74 0.32 1552 164 
n 0.47 0.29 0.53 1552 153 
n 0.52 0.83 0.3 1540 164 
n 0.77 0.66 0.36 1540 153 
n 0.14 0.79 0.6 1528 164 
n 0.49 0.44 0.26 1528 153 
n 0.5 0.59 0.86 1516 164 
n 0.34 0.45 0.79 1516 153 
n 0.65 0.77 0.31 1505 164 
n 0.59 0.37 0.71 1505 153 
n 0.25 0.21 0.17 1493 164 
n 0.52 0.25 0.15 1493 153 
n 0.19 0.1 0.57 647 170 
n 0.87 0.54 0.56 647 158 
n 0.62 0.18 0.23 636 170 
n 0.83 0.17 0.73 636 158 
n 0.41 0.88 0.34 624 170 
n 0.22 0.84 0.22 624 158 
n 0.23 0.15 0.64 612 170 
n 0.24 0.74 0.79 612 158 
n 0.31 0.13 0.53 600 170 
n 0.48 0.81 0.23 600 158 
n 0.3 0.23 0.74 588 170 
n 0.52 0.81 0.62 588 158 
n 0.33 0.2 0.47 576 170 
n 0.69 0.6 0.22 576 158 
n 0.45 0.4 0.26 565 170 
n 0.23 0.5 0.2 565 158 
n 0.85 0.67 0.72 553 170 
n 0.84 0.81 0.44 553 158 
n 0.86 0.53 0.15 541 170 
n 0.18 0.62 0.61 541 158 
n 0.32 0.25 0.55 529 170 
n 0.57 0.32 0.84 529 158 
n 0.79 0.24 0.82 517 170 
n 0.23 0.1 0.19 517 158 
n 0.9 0.55 0.51 641 164 
n 0.24 0.56 0.77 641 153 
n 0.65 0.2 0.67 630 164 
n 0.56 0.53 0.76 630 153 
n 0.49 0.44 0.67 618 164 
n 0.79 0.3 0.19 618 153 
n 0.72 0.31 0.58 606 164 
n 0.73 0.19 0.86 606 153 
n 0.4 0.14 0.86 594 164 
n 0.26 0.13 0.25 594 153 
n 0.69 0.49 0.49 582 164 
n 0.67 0.24 0.34 582 153 
n 0.63 0.77 0.57 570 164 
n 0.4 0.72 0.42 570 153 
n 0.89 0.85 0.4 559 164 
n 0.11 0.58 0.8 559 153 
n 0.77 0.18 0.19 547 164 
n 0.39 0.68 0.26 547 153 
n 0.13 0.48 0.59 535 164 
n 0.42 0.4 0.7 535 153 
n 0.79 0.52 0.32 523 164 
n 0.74 0.65 0.26 523 153 
n 0.64 0.22 0.41 511 164 
n 0.3 0.13 0.27 511 153 
n 0.65 0.64 0.61 1889 2048 
n 0.42 0.33 0.17 1877 2048 
n 0.38 0.27 0.57 1853 2048 
n 0.36 0.51 0.43 1842 2048 
n 0.26 0.24 0.76 1830 2048 
n 0.78 0.63 0.11 1782 2048 
n 0.28 0.15 0.29 1747 2048 
n 0.48 0.46 0.78 1723 2048 
n 0.79 0.72 0.11 1711 2048 
n 0.23 0.43 0.88 1676 2048 
n 0.38 0.39 0.89 1652 2048 
n 0.32 0.4 0.19 907 2048 
n 0.28 0.86 0.18 896 2048 
n 0.2 0.8 0.64 872 2048 
n 0.81 0.73 0.27 860 2048 
n 0.21 0.84 0.45 848 2048 
n 0.64 0.88 0.61 801 2048 
n 0.73 0.55 0.23 766 2048 
n 0.23 0.41 0.19 742 2048 
n 0.86 0.26 0.43 730 2048 
n 0.18 0.6 0.16 695 2048 
n 0.61 0.14 0.77 671 2048 
n 0.57 0.63 0.37 1871 2042 
n 0.17 0.46 0.19 1800 2042 
n 0.23 0.83 0.67 1777 2042 
n 0.85 0.71 0.46 1753 2042 
n 0.39 0.67 0.79 890 2042 
n 0.67 0.18 0.42 819 2042 
n 0.66 0.57 0.76 795 2042 
n 0.14 0.36 0.32 771 2042 
n 0.85 0.75 0.35 1877 2036 
n 0.33 0.89 0.46 1853 2036 
n 0.62 0.81 0.89 1842 2036 
n 0.72 0.11 0.89 1747 2036 
n 0.22 0.34 0.73 1723 2036 
n 0.19 0.79 0.11 1700 2036 
n 0.76 0.6 0.52 896 2036 
n 0.56 0.51 0.8 872 2036 
n 0.13 0.56 0.19 860 2036 
n 0.62 0.81 0.74 766 2036 
n 0.35 0.29 0.62 742 2036 
n 0.75 0.71 0.88 718 2036 
n 0.86 0.69 0.75 1895 2030 
n 0.4 0.65 0.58 1871 2030 
n 0.79 0.62 0.71 1859 2030 
n 0.45 0.87 0.21 1824 2030 
n 0.42 0.28 0.45 1812 2030 
n 0.54 0.26 0.37 1800 2030 
n 0.52 0.2 0.71 1777 2030 
n 0.72 0.5 0.32 1765 2030 
n 0.76 0.7 0.55 1753 2030 
n 0.77 0.62 0.34 913 2030 
n 0.63 0.5 0.11 890 2030 
n 0.31 0.44 0.14 878 2030 
n 0.41 0.41 0.35 842 2030 
n 0.84 0.28 0.61 831 2030 
n 0.34 0.55 0.65 819 2030 
n 0.7 0.9 0.55 795 2030 
n 0.42 0.22 0.6 783 2030 
n 0.64 0.68 0.41 771 2030 
n 0.66 0.27 0.22 1889 170 
n 0.74 0.34 0.32 1877 170 
n 0.22 0.38 0.56 1853 170 
n 0.82 0.41 0.72 1842 170 
n 0.87 0.1 0.21 1830 170 
n 0.87 0.33 0.28 1782 170 
n 0.29 0.39 0.25 1747 170 
n 0.53 0.16 0.83 1723 170 
n 0.16 0.53 0.68 1711 170 
n 0.28 0.63 0.26 1676 170 
n 0.34 0.56 0.47 1652 170 
n 0.15 0.56 0.6 907 170 
n 0.6 0.73 0.74 896 170 
n 0.71 0.76 0.69 872 170 
n 0.26 0.18 0.63 860 170 
n 0.41 0.7 0.19 848 170 
n 0.83 0.76 0.39 801 170 
n 0.7 0.21 0.73 766 170 
n 0.47 0.1 0.87 742 170 
n 0.5 0.85 0.83 730 170 
n 0.37 0.54 0.78 695 170 
n 0.78 0.37 0.69 671 170 
n 0.85 0.11 0.44 1871 164 
n 0.6 0.74 0.56 1800 164 
n 0.2 0.51 0.42 1777 164 
n 0.6 0.71 0.34 1753 164 
n 0.5 0.82 0.51 890 164 
n 0.29 0.17 0.58 819 164 
n 0.86 0.83 0.87 795 164 
n 0.51 0.19 0.3 771 164 
n 0.42 0.14 0.18 1877 158 
n 0.84 0.76 0.29 1853 158 
n 0.75 0.68 0.61 1842 158 
n 0.41 0.72 0.66 1747 158 
n 0.21 0.46 0.3 1723 158 
n 0.31 0.2 0.22 1700 158 
n 0.27 0.4 0.41 896 158 
n 0.25 0.42 0.53 872 158 
n 0.23 0.81 0.66 860 158 
n 0.44 0.79 0.82 766 158 
n 0.11 0.42 0.23 742 158 
n 0.7 0.51 0.19 718 158 
n 0.52 0.41 0.14 1895 153 
n 0.43 0.48 0.19 1871 153 
n 0.76 0.31 0.51 1859 153 
n 0.6 0.47 0.47 1824 153 
n 0.11 0.11 0.14 1812 153 
n 0.23 0.73 0.61 1800 153 
n 0.18 0.72 0.17 1777 153 
n 0.32 0.16 0.34 1765 153 
n 0.85 0.88 0.31 1753 153 
n 0.62 0.55 0.46 913 153 
n 0.82 0.23 0.18 890 153 
n 0.41 0.88 0.32 878 153 
n 0.52 0.41 0.59 842 153 
n 0.61 0.7 0.65 831 153 
n 0.37 0.11 0.28 819 153 
n 0.57 0.76 0.87 795 153 
n 0.23 0.72 0.69 783 153 
n 0.51 0.78 0.57 771 153 
