t 262 20 3
n 0.31 0.67 0.72 -99 -97 
n 0.14 0.27 0.17 -59 50 
n 0.2 0.17 0.38 0 14 
n 0.37 0.42 0.27 -17 -66 
n 0.67 0.57 0.53 -69 -19 
n 0.85 0.89 0.72 31 12 
n 0.74 0.85 0.32 5 -41 
n 0.84 0.51 0.9 -12 10 
n 0.3 0.73 0.76 -64 70 
n 0.17 0.87 0.36 -12 85 
n 0.59 0.89 0.7 -18 64 
n 0.76 0.32 0.29 -77 -16 
n 0.58 0.82 0.47 -53 88 
n 0.74 0.17 0.75 83 -24 
n 0.88 0.73 0.9 24 41 
n 0.64 0.49 0.89 17 21 
n 0.27 0.34 0.44 42 96 
n 0.41 0.75 0.82 -65 0 
n 0.34 0.38 0.31 -47 -26 
n 0.2 0.52 0.35 85 36 
n 0.4 0.28 0.66 -35 -54 
n 0.19 0.76 0.56 54 -21 
n 0.77 0.63 0.86 64 -17 
n 0.12 0.58 0.86 55 89 
n 0.27 0.22 0.8 17 -25 
n 0.25 0.3 0.14 -61 66 
n 0.26 0.57 0.48 -61 26 
n 0.69 0.19 0.62 17 -72 
n 0.17 0.26 0.39 79 38 
n 0.56 0.52 0.85 -62 -2 
n 0.42 0.16 0.77 -90 -68 
n 0.53 0.62 0.58 52 66 
n 0.79 0.56 0.18 -54 -50 
n 0.56 0.62 0.22 8 -84 
n 0.85 0.25 0.63 37 -90 
n 0.11 0.29 0.31 -83 49 
n 0.45 0.34 0.18 35 -1 
n 0.46 0.83 0.31 7 59 
n 0.23 0.42 0.65 12 48 
n 0.83 0.4 0.24 57 95 
n 0.71 0.14 0.82 92 28 
n 0.68 0.4 0.53 -3 97 
n 0.44 0.75 0.11 -7 52 
n 0.54 0.5 0.36 42 -15 
n 0.88 0.55 0.85 77 -43 
n 0.66 0.32 0.78 59 -49 
n 0.15 0.28 0.43 25 91 
n 0.74 0.33 0.86 69 -19 
n 0.43 0.71 0.25 -82 -14 
n 0.82 0.29 0.79 74 -70 
n 0.29 0.12 0.84 69 59 
n 0.29 0.87 0.33 29 33 
n 0.27 0.83 0.84 -97 9 
n 0.11 0.42 0.66 -58 9 
n 0.66 0.86 0.64 28 93 
n 0.71 0.31 0.69 7 73 
n 0.28 0.65 0.27 -28 73 
n 0.78 0.7 0.7 -76 55 
n 0.35 0.7 0.6 41 42 
n 0.11 0.41 0.12 92 40 
n 0.1 0.29 0.77 -84 -29 
n 0.8 0.65 0.66 -12 42 
n 0.54 0.34 0.71 51 -45 
n 0.52 0.72 0.15 -37 46 
n 0.54 0.27 0.13 -97 35 
n 0.43 0.11 0.16 14 89 
n 0.5 0.76 0.1 60 58 
n 0.89 0.23 0.17 -63 -75 
n 0.3 0.11 0.79 -18 34 
n 0.47 0.27 0.5 -46 -82 
n 0.59 0.72 0.17 -86 -79 
n 0.48 0.87 0.43 -43 -30 
n 0.18 0.63 0.48 -44 7 
n 0.89 0.41 0.42 -3 -20 
n 0.82 0.89 0.73 36 41 
n 0.81 0.26 0.74 -30 -94 
n 0.67 0.75 0.59 79 -62 
n 0.56 0.78 0.13 51 70 
n 0.45 0.88 0.82 -61 -26 
n 0.6 0.87 0.15 6 94 
n 0.41 0.69 0.76 -19 -62 
n 0.68 0.33 0.63 -20 51 
n 0.72 0.54 0.14 -81 37 
n 0.61 0.9 0.11 7 31 
n 0.25 0.58 0.1 52 12 
n 0.6 0.28 0.55 83 -91 
n 0.37 0.52 0.42 -7 -92 
n 0.67 0.16 0.21 82 -74 
n 0.41 0.86 0.75 -70 85 
n 0.27 0.73 0.56 -83 -30 
n 0.81 0.24 0.57 71 -61 
n 0.41 0.53 0.49 85 11 
n 0.34 0.69 0.55 66 -48 
n 0.53 0.35 0.5 78 -87 
n 0.11 0.81 0.54 9 -79 
n 0.62 0.5 0.25 -36 4 
n 0.25 0.87 0.21 66 39 
n 0.7 0.32 0.41 92 -17 
n 0.12 0.71 0.82 -46 -79 
n 0.7 0.55 0.18 -30 -63 
n 0.49 0.39 0.57 -42 63 
n 0.87 0.1 0.73 20 42 
n 0.51 0.9 0.6 15 98 
n 0.22 0.83 0.56 1 -17 
n 0.31 0.59 0.55 64 20 
n 0.84 0.7 0.46 -96 85 
n 0.16 0.12 0.24 93 -29 
n 0.73 0.85 0.85 -40 -84 
n 0.44 0.45 0.18 86 35 
n 0.73 0.2 0.76 91 36 
n 0.47 0.7 0.8 62 -8 
n 0.83 0.35 0.5 -24 4 
n 0.78 0.5 0.6 11 96 
n 0.39 0.26 0.38 -53 62 
n 0.66 0.44 0.55 -28 -71 
n 0.38 0.81 0.85 7 -4 
n 0.77 0.74 0.18 95 -9 
n 0.82 0.88 0.87 -3 17 
n 0.87 0.51 0.48 53 -90 
n 0.54 0.29 0.47 58 -19 
n 0.87 0.19 0.71 -83 84 
n 0.23 0.15 0.61 -1 49 
n 0.62 0.68 0.79 -4 17 
n 0.35 0.82 0.72 -82 -3 
n 0.71 0.42 0.46 -43 47 
n 0.33 0.61 0.21 6 -6 
n 0.64 0.66 0.52 70 99 
n 0.77 0.31 0.48 68 -29 
n 0.43 0.51 0.72 -94 -30 
n 0.32 0.84 0.85 -94 -20 
n 0.88 0.38 0.29 -21 77 
n 0.27 0.73 0.61 64 37 
n 0.41 0.62 0.59 -70 -19 
n 0.77 0.41 0.54 88 65 
n 0.24 0.71 0.19 2 29 
n 0.84 0.27 0.18 33 57 
n 0.77 0.19 0.52 -70 6 
n 0.4 0.46 0.3 -38 -56 
n 0.56 0.14 0.58 -80 -95 
n 0.11 0.51 0.8 -5 -39 
n 0.19 0.39 0.57 8 -22 
n 0.7 0.62 0.45 -61 -76 
n 0.45 0.44 0.66 76 -22 
n 0.68 0.7 0.37 49 -71 
n 0.53 0.49 0.48 -30 -68 
n 0.34 0.49 0.86 1 34 
n 0.38 0.11 0.8 77 79 
n 0.41 0.86 0.76 -58 64 
n 0.49 0.21 0.24 82 -97 
n 0.6 0.16 0.33 -80 55 
n 0.16 0.23 0.68 81 -86 
n 0.72 0.89 0.5 39 -49 
n 0.34 0.73 0.32 -67 72 
n 0.12 0.72 0.83 -25 -89 
n 0.3 0.9 0.14 -44 -95 
n 0.16 0.76 0.86 32 -68 
n 0.46 0.28 0.21 -17 49 
n 0.88 0.71 0.72 93 49 
n 0.62 0.65 0.52 99 81 
n 0.21 0.16 0.27 10 -49 
n 0.69 0.2 0.7 63 -41 
n 0.85 0.58 0.18 38 39 
n 0.15 0.27 0.64 -28 39 
n 0.31 0.16 0.65 -2 -47 
n 0.23 0.82 0.42 38 8 
n 0.13 0.83 0.13 -42 -6 
n 0.37 0.36 0.47 -67 88 
n 0.5 0.3 0.39 19 93 
n 0.45 0.5 0.3 40 27 
n 0.71 0.13 0.83 -61 56 
n 0.41 0.65 0.72 43 33 
n 0.78 0.29 0.63 -18 -39 
n 0.85 0.52 0.51 -69 19 
n 0.74 0.24 0.49 75 -18 
n 0.4 0.73 0.16 31 85 
n 0.76 0.1 0.86 25 58 
n 0.47 0.34 0.49 -16 36 
n 0.49 0.53 0.33 91 15 
n 0.55 0.23 0.42 60 -39 
n 0.11 0.67 0.41 49 -47 
n 0.35 0.58 0.12 42 33 
n 0.22 0.5 0.14 16 -81 
n 0.26 0.31 0.25 -78 53 
n 0.68 0.2 0.64 53 -80 
n 0.44 0.44 0.11 -46 -26 
n 0.44 0.76 0.44 -25 -54 
n 0.21 0.21 0.19 69 -46 
n 0.66 0.7 0.42 0 -78 
n 0.67 0.22 0.78 -84 74 
n 0.5 0.87 0.22 -16 16 
n 0.57 0.62 0.4 -63 -14 
n 0.51 0.59 0.11 51 -77 
n 0.8 0.87 0.49 -39 61 
n 0.69 0.76 0.28 5 97 
n 0.28 0.61 0.39 -55 39 
n 0.64 0.56 0.89 70 -14 
n 0.4 0.62 0.13 0 95 
n 0.29 0.52 0.59 -45 7 
n 0.65 0.26 0.52 38 -24 
n 0.63 0.42 0.87 50 -37 
n 0.36 0.64 0.39 59 71 
n 0.11 0.54 0.55 -73 -96 
n 0.66 0.52 0.33 -29 72 
n 0.72 0.29 0.8 -47 12 
n 0.64 0.42 0.45 -88 -61 
n 0.46 0.16 0.31 -88 36 
n 0.86 0.36 0.52 -46 -3 
n 0.4 0.15 0.87 26 -37 
n 0.58 0.31 0.13 -39 -67 
n 0.52 0.72 0.25 92 27 
n 0.78 0.85 0.84 -80 -31 
n 0.72 0.58 0.14 93 -50 
n 0.59 0.41 0.46 -20 -5 
n 0.66 0.42 0.61 -22 73 
n 0.24 0.87 0.74 -4 -7 
n 0.77 0.71 0.68 54 -48 
n 0.86 0.74 0.25 -70 39 
n 0.6 0.84 0.39 54 -82 
n 0.31 0.78 0.16 29 41 
n 0.16 0.24 0.58 -87 51 
n 0.34 0.23 0.71 -96 -36 
n 0.27 0.1 0.39 49 8 
n 0.81 0.28 0.29 -5 54 
n 0.64 0.33 0.39 -26 43 
n 0.86 0.59 0.86 -11 60 
n 0.65 0.84 0.69 40 61 
n 0.33 0.88 0.14 82 35 
n 0.59 0.47 0.78 -92 12 
n 0.75 0.68 0.42 -93 -86 
n 0.21 0.43 0.69 -66 63 
n 0.51 0.75 0.22 -72 -87 
n 0.15 0.43 0.32 -57 -84 
n 0.76 0.44 0.72 23 52 
n 0.73 0.29 0.21 -56 -62 
n 0.81 0.32 0.47 -19 59 
n 0.83 0.14 0.68 63 -14 
n 0.9 0.21 0.2 -13 38 
n 0.69 0.2 0.85 -19 87 
n 0.78 0.62 0.59 44 -84 
n 0.55 0.14 0.37 98 -17 
n 0.55 0.56 0.58 -16 62 
n 0.65 0.4 0.43 3 66 
n 0.73 0.62 0.13 26 22 
n 0.8 0.58 0.76 -38 -81 
n 0.58 0.58 0.73 70 80 
n 0.57 0.73 0.25 17 -35 
n 0.74 0.17 0.47 96 -83 
n 0.42 0.55 0.53 -77 80 
n 0.84 0.42 0.59 -14 44 
n 0.84 0.32 0.72 -33 33 
n 0.9 0.39 0.54 33 -33 
n 0.17 0.2 0.31 70 0 
n 0.56 0.7 0.77 -50 60 
n 0.59 0.21 0.78 -50 -60 
n 0.76 0.21 0.19 75 0 
n 0.77 0.71 0.39 0 75 
n 0.78 0.53 0.53 -75 0 
n 0.3 0.13 0.37 0 -75 
n 0.17 0.4 0.62 40 80 
n 0.71 0.33 0.74 40 -80 
n 0.3 0.12 0.15 -60 20 
n 0.72 0.44 0.56 -60 -20 
