t 262 20 4
n 0.76 0.7 0.68 0.52 -99 -97 
n 0.37 0.6 0.61 0.17 -59 50 
n 0.36 0.26 0.4 0.57 0 14 
n 0.74 0.62 0.85 0.42 -17 -66 
n 0.33 0.65 0.28 0.44 -69 -19 
n 0.1 0.26 0.59 0.28 31 12 
n 0.26 0.26 0.26 0.45 5 -41 
n 0.8 0.63 0.84 0.75 -12 10 
n 0.44 0.3 0.89 0.43 -64 70 
n 0.36 0.13 0.88 0.8 -12 85 
n 0.31 0.76 0.66 0.38 -18 64 
n 0.71 0.35 0.2 0.41 -77 -16 
n 0.26 0.56 0.83 0.72 -53 88 
n 0.69 0.55 0.79 0.59 83 -24 
n 0.51 0.23 0.45 0.81 24 41 
n 0.86 0.42 0.72 0.87 17 21 
n 0.41 0.69 0.51 0.23 42 96 
n 0.41 0.17 0.71 0.37 -65 0 
n 0.24 0.54 0.58 0.36 -47 -26 
n 0.12 0.27 0.17 0.76 85 36 
n 0.12 0.3 0.68 0.11 -35 -54 
n 0.5 0.72 0.53 0.33 54 -21 
n 0.8 0.83 0.46 0.66 64 -17 
n 0.32 0.75 0.45 0.67 55 89 
n 0.81 0.13 0.41 0.5 17 -25 
n 0.38 0.16 0.65 0.58 -61 66 
n 0.24 0.38 0.79 0.16 -61 26 
n 0.4 0.83 0.84 0.43 17 -72 
n 0.72 0.18 0.26 0.54 79 38 
n 0.75 0.24 0.37 0.14 -62 -2 
n 0.27 0.7 0.19 0.79 -90 -68 
n 0.82 0.18 0.89 0.34 52 66 
n 0.8 0.84 0.31 0.69 -54 -50 
n 0.85 0.6 0.63 0.84 8 -84 
n 0.87 0.23 0.44 0.56 37 -90 
n 0.74 0.44 0.17 0.54 -83 49 
n 0.13 0.32 0.11 0.3 35 -1 
n 0.15 0.65 0.32 0.48 7 59 
n 0.55 0.8 0.79 0.78 12 48 
n 0.6 0.77 0.62 0.39 57 95 
n 0.54 0.22 0.1 0.37 92 28 
n 0.72 0.87 0.61 0.55 -3 97 
n 0.33 0.46 0.28 0.76 -7 52 
n 0.35 0.76 0.4 0.62 42 -15 
n 0.38 0.83 0.61 0.21 77 -43 
n 0.38 0.58 0.76 0.62 59 -49 
n 0.71 0.88 0.39 0.78 25 91 
n 0.33 0.71 0.55 0.51 69 -19 
n 0.48 0.52 0.25 0.88 -82 -14 
n 0.62 0.75 0.71 0.84 74 -70 
n 0.19 0.4 0.85 0.34 69 59 
n 0.4 0.24 0.89 0.22 29 33 
n 0.88 0.43 0.27 0.23 -97 9 
n 0.38 0.32 0.87 0.82 -58 9 
n 0.35 0.62 0.18 0.52 28 93 
n 0.67 0.43 0.11 0.24 7 73 
n 0.65 0.15 0.21 0.16 -28 73 
n 0.56 0.33 0.8 0.83 -76 55 
n 0.42 0.72 0.8 0.16 41 42 
n 0.74 0.32 0.47 0.29 92 40 
n 0.53 0.52 0.83 0.3 -84 -29 
n 0.77 0.66 0.36 0.14 -12 42 
n 0.79 0.6 0.49 0.44 51 -45 
n 0.26 0.5 0.59 0.86 -37 46 
n 0.34 0.45 0.79 0.65 -97 35 
n 0.77 0.31 0.59 0.37 14 89 
n 0.71 0.25 0.21 0.17 60 58 
n 0.52 0.25 0.15 0.19 -63 -75 
n 0.1 0.57 0.87 0.54 -18 34 
n 0.56 0.62 0.18 0.23 -46 -82 
n 0.83 0.17 0.73 0.41 -86 -79 
n 0.88 0.34 0.22 0.84 -43 -30 
n 0.22 0.23 0.15 0.64 -44 7 
n 0.24 0.74 0.79 0.31 -3 -20 
n 0.13 0.53 0.48 0.81 36 41 
n 0.23 0.3 0.23 0.74 -30 -94 
n 0.52 0.81 0.62 0.33 79 -62 
n 0.2 0.47 0.69 0.6 51 70 
n 0.22 0.45 0.4 0.26 -61 -26 
n 0.23 0.5 0.2 0.85 6 94 
n 0.67 0.72 0.84 0.81 -19 -62 
n 0.44 0.86 0.53 0.15 -20 51 
n 0.18 0.62 0.61 0.32 -81 37 
n 0.25 0.55 0.57 0.32 7 31 
n 0.84 0.79 0.24 0.82 52 12 
n 0.23 0.1 0.19 0.9 83 -91 
n 0.55 0.51 0.24 0.56 -7 -92 
n 0.77 0.65 0.2 0.67 82 -74 
n 0.56 0.53 0.76 0.49 -70 85 
n 0.44 0.67 0.79 0.3 -83 -30 
n 0.19 0.72 0.31 0.58 71 -61 
n 0.73 0.19 0.86 0.4 85 11 
n 0.14 0.86 0.26 0.13 66 -48 
n 0.25 0.69 0.49 0.49 78 -87 
n 0.67 0.24 0.34 0.63 9 -79 
n 0.77 0.57 0.4 0.72 -36 4 
n 0.42 0.89 0.85 0.4 66 39 
n 0.11 0.58 0.8 0.77 92 -17 
n 0.18 0.19 0.39 0.68 -46 -79 
n 0.26 0.13 0.48 0.59 -30 -63 
n 0.42 0.4 0.7 0.79 -42 63 
n 0.52 0.32 0.74 0.65 20 42 
n 0.26 0.64 0.22 0.41 15 98 
n 0.3 0.13 0.27 0.65 1 -17 
n 0.64 0.61 0.42 0.33 64 20 
n 0.17 0.38 0.27 0.57 -96 85 
n 0.36 0.51 0.43 0.26 93 -29 
n 0.24 0.76 0.78 0.63 -40 -84 
n 0.11 0.28 0.15 0.29 86 35 
n 0.48 0.46 0.78 0.79 91 36 
n 0.72 0.11 0.23 0.43 62 -8 
n 0.88 0.38 0.39 0.89 -24 4 
n 0.32 0.4 0.19 0.28 11 96 
n 0.86 0.18 0.2 0.8 -53 62 
n 0.64 0.81 0.73 0.27 -28 -71 
n 0.21 0.84 0.45 0.64 7 -4 
n 0.88 0.61 0.73 0.55 95 -9 
n 0.23 0.23 0.41 0.19 -3 17 
n 0.86 0.26 0.43 0.18 53 -90 
n 0.6 0.16 0.61 0.14 58 -19 
n 0.77 0.57 0.63 0.37 -83 84 
n 0.17 0.46 0.19 0.23 -1 49 
n 0.83 0.67 0.85 0.71 -4 17 
n 0.46 0.39 0.67 0.79 -82 -3 
n 0.67 0.18 0.42 0.66 -43 47 
n 0.57 0.76 0.14 0.36 6 -6 
n 0.32 0.85 0.75 0.35 70 99 
n 0.33 0.89 0.46 0.62 68 -29 
n 0.81 0.89 0.72 0.11 -94 -30 
n 0.89 0.22 0.34 0.73 -94 -20 
n 0.19 0.79 0.11 0.76 -21 77 
n 0.6 0.52 0.56 0.51 64 37 
n 0.8 0.13 0.56 0.19 -70 -19 
n 0.62 0.81 0.74 0.35 88 65 
n 0.29 0.62 0.75 0.71 2 29 
n 0.88 0.86 0.69 0.75 33 57 
n 0.4 0.65 0.58 0.79 -70 6 
n 0.62 0.71 0.45 0.87 -38 -56 
n 0.21 0.42 0.28 0.45 -80 -95 
n 0.54 0.26 0.37 0.52 -5 -39 
n 0.2 0.71 0.72 0.5 8 -22 
n 0.32 0.76 0.7 0.55 -61 -76 
n 0.77 0.62 0.34 0.63 76 -22 
n 0.5 0.11 0.31 0.44 49 -71 
n 0.14 0.41 0.41 0.35 -30 -68 
n 0.84 0.28 0.61 0.34 1 34 
n 0.55 0.65 0.7 0.9 77 79 
n 0.55 0.42 0.22 0.6 -58 64 
n 0.64 0.68 0.41 0.66 82 -97 
n 0.27 0.22 0.74 0.34 -80 55 
n 0.32 0.22 0.38 0.56 81 -86 
n 0.82 0.41 0.72 0.87 39 -49 
n 0.1 0.21 0.87 0.33 -67 72 
n 0.28 0.29 0.39 0.25 -25 -89 
n 0.53 0.16 0.83 0.16 -44 -95 
n 0.53 0.68 0.28 0.63 32 -68 
n 0.26 0.34 0.56 0.47 -17 49 
n 0.15 0.56 0.6 0.6 93 49 
n 0.73 0.74 0.71 0.76 99 81 
n 0.69 0.26 0.18 0.63 10 -49 
n 0.41 0.7 0.19 0.83 63 -41 
n 0.76 0.39 0.7 0.21 38 39 
n 0.73 0.47 0.1 0.87 -28 39 
n 0.5 0.85 0.83 0.37 -2 -47 
n 0.54 0.78 0.78 0.37 38 8 
n 0.69 0.85 0.11 0.44 -42 -6 
n 0.6 0.74 0.56 0.2 -67 88 
n 0.51 0.42 0.6 0.71 19 93 
n 0.34 0.5 0.82 0.51 40 27 
n 0.29 0.17 0.58 0.86 -61 56 
n 0.83 0.87 0.51 0.19 43 33 
n 0.3 0.42 0.14 0.18 -18 -39 
n 0.84 0.76 0.29 0.75 -69 19 
n 0.68 0.61 0.41 0.72 75 -18 
n 0.66 0.21 0.46 0.3 31 85 
n 0.31 0.2 0.22 0.27 25 58 
n 0.4 0.41 0.25 0.42 -16 36 
n 0.53 0.23 0.81 0.66 91 15 
n 0.44 0.79 0.82 0.11 60 -39 
n 0.42 0.23 0.7 0.51 49 -47 
n 0.19 0.52 0.41 0.14 42 33 
n 0.43 0.48 0.19 0.76 16 -81 
n 0.31 0.51 0.6 0.47 -78 53 
n 0.47 0.11 0.11 0.14 53 -80 
n 0.23 0.73 0.61 0.18 -46 -26 
n 0.72 0.17 0.32 0.16 -25 -54 
n 0.34 0.85 0.88 0.31 69 -46 
n 0.62 0.55 0.46 0.82 0 -78 
n 0.23 0.18 0.41 0.88 -84 74 
n 0.32 0.52 0.41 0.59 -16 16 
n 0.61 0.7 0.65 0.37 -63 -14 
n 0.11 0.28 0.57 0.76 51 -77 
n 0.87 0.23 0.72 0.69 -39 61 
n 0.51 0.78 0.57 0.83 5 97 
n 0.16 0.81 0.54 0.51 -55 39 
n 0.87 0.86 0.78 0.59 70 -14 
n 0.15 0.4 0.26 0.38 0 95 
n 0.74 0.68 0.56 0.78 -45 7 
n 0.61 0.5 0.68 0.64 38 -24 
n 0.72 0.86 0.26 0.14 50 -37 
n 0.73 0.25 0.12 0.54 59 71 
n 0.15 0.13 0.42 0.15 -73 -96 
n 0.89 0.59 0.37 0.59 -29 72 
n 0.78 0.14 0.42 0.38 -47 12 
n 0.12 0.3 0.72 0.74 -88 -61 
n 0.65 0.12 0.21 0.12 -88 36 
n 0.88 0.32 0.73 0.17 -46 -3 
n 0.7 0.84 0.34 0.69 26 -37 
n 0.22 0.64 0.63 0.55 -39 -67 
n 0.22 0.56 0.85 0.76 92 27 
n 0.29 0.71 0.47 0.19 -80 -31 
n 0.9 0.43 0.13 0.21 93 -50 
n 0.64 0.51 0.69 0.58 -20 -5 
n 0.83 0.86 0.15 0.63 -22 73 
n 0.53 0.57 0.5 0.37 -4 -7 
n 0.9 0.74 0.1 0.74 54 -48 
n 0.77 0.68 0.23 0.34 -70 39 
n 0.63 0.79 0.71 0.32 54 -82 
n 0.18 0.39 0.35 0.31 29 41 
n 0.78 0.19 0.81 0.12 -87 51 
n 0.86 0.37 0.73 0.81 -96 -36 
n 0.55 0.25 0.4 0.65 49 8 
n 0.75 0.79 0.67 0.48 -5 54 
n 0.18 0.36 0.65 0.25 -26 43 
n 0.44 0.12 0.85 0.8 -11 60 
n 0.89 0.87 0.78 0.23 40 61 
n 0.37 0.47 0.32 0.82 82 35 
n 0.59 0.88 0.43 0.57 -92 12 
n 0.12 0.83 0.68 0.74 -93 -86 
n 0.43 0.43 0.38 0.36 -66 63 
n 0.31 0.31 0.39 0.54 -72 -87 
n 0.57 0.4 0.14 0.83 -57 -84 
n 0.73 0.43 0.3 0.71 23 52 
n 0.14 0.76 0.65 0.54 -56 -62 
n 0.71 0.5 0.82 0.75 -19 59 
n 0.82 0.32 0.58 0.41 63 -14 
n 0.43 0.65 0.69 0.72 -13 38 
n 0.45 0.7 0.16 0.15 -19 87 
n 0.46 0.23 0.65 0.4 44 -84 
n 0.33 0.32 0.65 0.63 98 -17 
n 0.64 0.1 0.19 0.67 -16 62 
n 0.16 0.49 0.32 0.65 3 66 
n 0.51 0.27 0.23 0.2 26 22 
n 0.14 0.82 0.21 0.22 -38 -81 
n 0.53 0.31 0.52 0.55 70 80 
n 0.87 0.29 0.77 0.12 17 -35 
n 0.55 0.52 0.71 0.14 96 -83 
n 0.68 0.6 0.37 0.66 -77 80 
n 0.13 0.56 0.24 0.45 -14 44 
n 0.55 0.14 0.5 0.38 -33 33 
n 0.11 0.32 0.38 0.23 33 -33 
n 0.26 0.2 0.32 0.59 70 0 
n 0.84 0.6 0.63 0.38 -50 60 
n 0.55 0.48 0.83 0.78 -50 -60 
n 0.19 0.71 0.7 0.43 75 0 
n 0.55 0.31 0.71 0.55 0 75 
n 0.75 0.52 0.53 0.83 -75 0 
n 0.49 0.38 0.55 0.29 0 -75 
n 0.17 0.55 0.75 0.38 40 80 
n 0.13 0.62 0.13 0.83 40 -80 
n 0.79 0.42 0.78 0.2 -60 20 
n 0.22 0.73 0.62 0.67 -60 -20 
