t 262 15 5
n 0.8 0.37 0.23 0.83 0.8 -99 -97 
n 0.44 0.32 0.51 0.47 0.72 -59 50 
n 0.28 0.76 0.17 0.31 0.68 0 14 
n 0.63 0.7 0.81 0.36 0.49 -17 -66 
n 0.62 0.77 0.3 0.1 0.64 -69 -19 
n 0.7 0.15 0.6 0.33 0.87 31 12 
n 0.44 0.35 0.23 0.74 0.51 5 -41 
n 0.22 0.56 0.41 0.13 0.16 -12 10 
n 0.75 0.17 0.37 0.14 0.63 -64 70 
n 0.42 0.23 0.44 0.5 0.31 -12 85 
n 0.27 0.24 0.23 0.55 0.73 -18 64 
n 0.15 0.15 0.74 0.11 0.77 -77 -16 
n 0.53 0.29 0.69 0.82 0.72 -53 88 
n 0.51 0.49 0.23 0.74 0.79 83 -24 
n 0.46 0.86 0.33 0.33 0.56 24 41 
n 0.57 0.9 0.13 0.25 0.19 17 21 
n 0.54 0.31 0.31 0.89 0.3 42 96 
n 0.73 0.54 0.12 0.56 0.18 -65 0 
n 0.12 0.67 0.22 0.32 0.27 -47 -26 
n 0.67 0.86 0.66 0.46 0.8 85 36 
n 0.68 0.68 0.43 0.72 0.69 -35 -54 
n 0.5 0.78 0.47 0.75 0.65 54 -21 
n 0.43 0.67 0.33 0.12 0.63 64 -17 
n 0.66 0.67 0.29 0.56 0.57 55 89 
n 0.16 0.81 0.58 0.44 0.16 17 -25 
n 0.31 0.34 0.74 0.22 0.59 -61 66 
n 0.16 0.35 0.76 0.53 0.61 -61 26 
n 0.42 0.42 0.34 0.21 0.69 17 -72 
n 0.83 0.31 0.62 0.48 0.84 79 38 
n 0.28 0.16 0.62 0.45 0.13 -62 -2 
n 0.83 0.53 0.21 0.18 0.3 -90 -68 
n 0.11 0.75 0.81 0.61 0.9 52 66 
n 0.27 0.87 0.33 0.7 0.88 -54 -50 
n 0.84 0.39 0.22 0.23 0.58 8 -84 
n 0.83 0.85 0.84 0.46 0.51 37 -90 
n 0.27 0.66 0.14 0.44 0.81 -83 49 
n 0.79 0.57 0.39 0.72 0.38 35 -1 
n 0.49 0.46 0.25 0.63 0.41 7 59 
n 0.76 0.8 0.4 0.56 0.79 12 48 
n 0.75 0.75 0.69 0.56 0.51 57 95 
n 0.56 0.77 0.31 0.32 0.67 92 28 
n 0.66 0.72 0.61 0.77 0.41 -3 97 
n 0.25 0.47 0.42 0.8 0.75 -7 52 
n 0.55 0.39 0.14 0.36 0.21 42 -15 
n 0.35 0.46 0.53 0.14 0.51 77 -43 
n 0.78 0.22 0.44 0.31 0.36 59 -49 
n 0.42 0.57 0.86 0.14 0.6 25 91 
n 0.74 0.6 0.62 0.13 0.89 69 -19 
n 0.74 0.5 0.32 0.16 0.49 -82 -14 
n 0.82 0.74 0.77 0.86 0.36 74 -70 
n 0.67 0.28 0.61 0.25 0.58 69 59 
n 0.63 0.43 0.48 0.76 0.66 29 33 
n 0.34 0.59 0.47 0.4 0.22 -97 9 
n 0.72 0.22 0.21 0.29 0.34 -58 9 
n 0.57 0.59 0.19 0.41 0.26 28 93 
n 0.81 0.33 0.71 0.47 0.45 7 73 
n 0.72 0.85 0.63 0.83 0.84 -28 73 
n 0.65 0.77 0.15 0.31 0.76 -76 55 
n 0.85 0.14 0.36 0.22 0.77 41 42 
n 0.25 0.46 0.53 0.17 0.13 92 40 
n 0.16 0.29 0.86 0.32 0.25 -84 -29 
n 0.58 0.34 0.17 0.18 0.12 -12 42 
n 0.62 0.68 0.22 0.83 0.13 51 -45 
n 0.83 0.75 0.28 0.46 0.59 -37 46 
n 0.6 0.75 0.52 0.38 0.56 -97 35 
n 0.37 0.74 0.11 0.8 0.4 14 89 
n 0.76 0.26 0.17 0.49 0.89 60 58 
n 0.8 0.34 0.37 0.62 0.14 -63 -75 
n 0.25 0.34 0.13 0.24 0.12 -18 34 
n 0.87 0.18 0.51 0.43 0.43 -46 -82 
n 0.29 0.48 0.31 0.83 0.87 -86 -79 
n 0.8 0.15 0.29 0.24 0.68 -43 -30 
n 0.23 0.86 0.28 0.59 0.85 -44 7 
n 0.84 0.87 0.59 0.37 0.13 -3 -20 
n 0.47 0.55 0.11 0.31 0.39 36 41 
n 0.5 0.72 0.25 0.76 0.25 -30 -94 
n 0.45 0.25 0.51 0.63 0.3 79 -62 
n 0.72 0.55 0.18 0.21 0.55 51 70 
n 0.2 0.14 0.11 0.66 0.62 -61 -26 
n 0.46 0.45 0.59 0.41 0.44 6 94 
n 0.47 0.27 0.78 0.84 0.88 -19 -62 
n 0.69 0.58 0.22 0.38 0.25 -20 51 
n 0.13 0.5 0.76 0.86 0.52 -81 37 
n 0.75 0.32 0.83 0.87 0.15 7 31 
n 0.8 0.27 0.29 0.59 0.47 52 12 
n 0.65 0.88 0.14 0.13 0.82 83 -91 
n 0.2 0.63 0.84 0.25 0.3 -7 -92 
n 0.12 0.2 0.81 0.64 0.51 82 -74 
n 0.48 0.3 0.44 0.55 0.18 -70 85 
n 0.81 0.2 0.68 0.53 0.71 -83 -30 
n 0.14 0.18 0.72 0.52 0.39 71 -61 
n 0.1 0.22 0.35 0.24 0.61 85 11 
n 0.37 0.1 0.63 0.88 0.41 66 -48 
n 0.73 0.16 0.55 0.85 0.36 78 -87 
n 0.32 0.68 0.17 0.67 0.84 9 -79 
n 0.18 0.68 0.89 0.58 0.23 -36 4 
n 0.19 0.26 0.32 0.13 0.72 66 39 
n 0.23 0.72 0.12 0.61 0.32 92 -17 
n 0.17 0.15 0.25 0.87 0.44 -46 -79 
n 0.55 0.66 0.77 0.67 0.44 -30 -63 
n 0.1 0.75 0.84 0.53 0.47 -42 63 
n 0.43 0.79 0.58 0.48 0.41 20 42 
n 0.74 0.29 0.74 0.61 0.54 15 98 
n 0.89 0.6 0.62 0.64 0.63 1 -17 
n 0.12 0.4 0.37 0.64 0.72 64 20 
n 0.31 0.14 0.61 0.8 0.24 -96 85 
n 0.79 0.66 0.4 0.31 0.17 93 -29 
n 0.64 0.64 0.6 0.53 0.16 -40 -84 
n 0.76 0.13 0.38 0.32 0.57 86 35 
n 0.36 0.46 0.77 0.71 0.41 91 36 
n 0.62 0.22 0.34 0.58 0.82 62 -8 
n 0.8 0.5 0.84 0.48 0.67 -24 4 
n 0.33 0.6 0.8 0.64 0.86 11 96 
n 0.28 0.2 0.44 0.22 0.52 -53 62 
n 0.25 0.23 0.44 0.49 0.81 -28 -71 
n 0.41 0.13 0.21 0.79 0.49 7 -4 
n 0.38 0.55 0.29 0.74 0.7 95 -9 
n 0.43 0.86 0.24 0.32 0.29 -3 17 
n 0.26 0.86 0.49 0.76 0.41 53 -90 
n 0.37 0.9 0.73 0.86 0.45 58 -19 
n 0.81 0.59 0.29 0.69 0.79 -83 84 
n 0.36 0.33 0.41 0.16 0.32 -1 49 
n 0.55 0.28 0.67 0.36 0.63 -4 17 
n 0.2 0.36 0.51 0.21 0.45 -82 -3 
n 0.44 0.42 0.43 0.66 0.89 -43 47 
n 0.52 0.76 0.67 0.86 0.33 6 -6 
n 0.68 0.19 0.57 0.59 0.38 70 99 
n 0.62 0.31 0.88 0.21 0.45 68 -29 
n 0.49 0.23 0.15 0.73 0.38 -94 -30 
n 0.2 0.22 0.19 0.3 0.7 -94 -20 
n 0.84 0.74 0.12 0.12 0.73 -21 77 
n 0.82 0.49 0.54 0.24 0.14 64 37 
n 0.36 0.72 0.44 0.28 0.42 -70 -19 
n 0.63 0.76 0.79 0.12 0.77 88 65 
n 0.49 0.28 0.66 0.78 0.27 2 29 
n 0.47 0.4 0.19 0.15 0.69 33 57 
n 0.49 0.85 0.85 0.53 0.52 -70 6 
n 0.55 0.38 0.76 0.41 0.82 -38 -56 
n 0.54 0.87 0.81 0.84 0.16 -80 -95 
n 0.87 0.18 0.87 0.22 0.59 -5 -39 
n 0.37 0.22 0.66 0.81 0.49 8 -22 
n 0.15 0.55 0.84 0.61 0.74 -61 -76 
n 0.13 0.83 0.69 0.87 0.8 76 -22 
n 0.38 0.15 0.35 0.82 0.64 49 -71 
n 0.37 0.16 0.57 0.72 0.7 -30 -68 
n 0.28 0.63 0.26 0.43 0.26 1 34 
n 0.84 0.34 0.53 0.11 0.46 77 79 
n 0.55 0.86 0.85 0.8 0.36 -58 64 
n 0.14 0.48 0.17 0.41 0.86 82 -97 
n 0.34 0.49 0.69 0.39 0.16 -80 55 
n 0.8 0.27 0.32 0.25 0.28 81 -86 
n 0.5 0.71 0.8 0.29 0.85 39 -49 
n 0.87 0.23 0.71 0.59 0.73 -67 72 
n 0.89 0.88 0.28 0.61 0.59 -25 -89 
n 0.9 0.71 0.59 0.57 0.89 -44 -95 
n 0.44 0.69 0.2 0.83 0.51 32 -68 
n 0.41 0.43 0.68 0.31 0.67 -17 49 
n 0.53 0.53 0.58 0.89 0.86 93 49 
n 0.55 0.83 0.29 0.33 0.27 99 81 
n 0.88 0.11 0.69 0.87 0.82 10 -49 
n 0.29 0.63 0.8 0.53 0.38 63 -41 
n 0.61 0.42 0.39 0.66 0.73 38 39 
n 0.65 0.56 0.76 0.12 0.63 -28 39 
n 0.27 0.52 0.62 0.62 0.15 -2 -47 
n 0.72 0.13 0.84 0.14 0.12 38 8 
n 0.77 0.29 0.27 0.83 0.42 -42 -6 
n 0.43 0.83 0.76 0.61 0.21 -67 88 
n 0.51 0.59 0.29 0.39 0.4 19 93 
n 0.32 0.35 0.73 0.56 0.85 40 27 
n 0.82 0.12 0.44 0.67 0.56 -61 56 
n 0.49 0.41 0.58 0.22 0.47 43 33 
n 0.68 0.87 0.73 0.17 0.12 -18 -39 
n 0.53 0.28 0.31 0.44 0.71 -69 19 
n 0.51 0.48 0.79 0.59 0.61 75 -18 
n 0.63 0.5 0.73 0.71 0.41 31 85 
n 0.27 0.44 0.64 0.71 0.17 25 58 
n 0.43 0.55 0.34 0.59 0.1 -16 36 
n 0.22 0.55 0.38 0.12 0.79 91 15 
n 0.46 0.64 0.49 0.62 0.84 60 -39 
n 0.18 0.34 0.49 0.7 0.58 49 -47 
n 0.5 0.28 0.38 0.48 0.81 42 33 
n 0.74 0.85 0.1 0.2 0.82 16 -81 
n 0.71 0.43 0.29 0.85 0.89 -78 53 
n 0.12 0.89 0.69 0.86 0.78 53 -80 
n 0.16 0.51 0.36 0.25 0.81 -46 -26 
n 0.87 0.39 0.47 0.22 0.81 -25 -54 
n 0.38 0.71 0.81 0.17 0.71 69 -46 
n 0.51 0.56 0.36 0.18 0.54 0 -78 
n 0.44 0.23 0.77 0.41 0.14 -84 74 
n 0.86 0.55 0.43 0.57 0.27 -16 16 
n 0.28 0.8 0.89 0.66 0.25 -63 -14 
n 0.59 0.77 0.84 0.21 0.55 51 -77 
n 0.24 0.5 0.58 0.34 0.8 -39 61 
n 0.67 0.71 0.18 0.73 0.64 5 97 
n 0.9 0.57 0.37 0.36 0.17 -55 39 
n 0.79 0.46 0.72 0.17 0.22 70 -14 
n 0.34 0.77 0.57 0.18 0.32 0 95 
n 0.12 0.14 0.48 0.87 0.47 -45 7 
n 0.23 0.63 0.53 0.18 0.82 38 -24 
n 0.43 0.72 0.37 0.53 0.34 50 -37 
n 0.13 0.18 0.54 0.59 0.7 59 71 
n 0.65 0.84 0.24 0.42 0.64 -73 -96 
n 0.76 0.49 0.29 0.2 0.85 -29 72 
n 0.31 0.73 0.27 0.9 0.48 -47 12 
n 0.42 0.83 0.26 0.59 0.45 -88 -61 
n 0.54 0.37 0.54 0.52 0.79 -88 36 
n 0.21 0.15 0.83 0.65 0.29 -46 -3 
n 0.48 0.18 0.9 0.43 0.26 26 -37 
n 0.77 0.44 0.16 0.85 0.1 -39 -67 
n 0.78 0.74 0.55 0.46 0.41 92 27 
n 0.12 0.33 0.88 0.86 0.78 -80 -31 
n 0.19 0.69 0.66 0.7 0.5 93 -50 
n 0.42 0.81 0.75 0.38 0.5 -20 -5 
n 0.83 0.12 0.24 0.33 0.11 -22 73 
n 0.73 0.41 0.26 0.87 0.15 -4 -7 
n 0.2 0.83 0.56 0.14 0.3 54 -48 
n 0.75 0.7 0.67 0.66 0.12 -70 39 
n 0.73 0.35 0.28 0.33 0.61 54 -82 
n 0.82 0.14 0.62 0.83 0.64 29 41 
n 0.55 0.16 0.66 0.83 0.78 -87 51 
n 0.32 0.77 0.83 0.11 0.76 -96 -36 
n 0.74 0.51 0.46 0.78 0.77 49 8 
n 0.25 0.2 0.13 0.19 0.11 -5 54 
n 0.33 0.42 0.5 0.46 0.71 -26 43 
n 0.82 0.65 0.89 0.45 0.52 -11 60 
n 0.28 0.46 0.81 0.86 0.11 40 61 
n 0.56 0.32 0.29 0.56 0.57 82 35 
n 0.75 0.59 0.14 0.71 0.32 -92 12 
n 0.4 0.65 0.18 0.57 0.27 -93 -86 
n 0.71 0.45 0.29 0.8 0.8 -66 63 
n 0.48 0.42 0.82 0.24 0.84 -72 -87 
n 0.84 0.23 0.84 0.3 0.17 -57 -84 
n 0.11 0.27 0.59 0.69 0.58 23 52 
n 0.64 0.5 0.78 0.51 0.87 -56 -62 
n 0.12 0.53 0.67 0.18 0.75 -19 59 
n 0.54 0.55 0.47 0.5 0.47 63 -14 
n 0.36 0.88 0.32 0.26 0.31 -13 38 
n 0.77 0.64 0.74 0.3 0.14 -19 87 
n 0.23 0.85 0.66 0.77 0.47 44 -84 
n 0.79 0.36 0.69 0.66 0.64 98 -17 
n 0.81 0.76 0.81 0.88 0.59 -16 62 
n 0.7 0.57 0.42 0.46 0.15 3 66 
n 0.66 0.65 0.35 0.77 0.22 26 22 
n 0.77 0.38 0.42 0.56 0.14 -38 -81 
n 0.34 0.54 0.69 0.67 0.22 70 80 
n 0.86 0.27 0.38 0.88 0.41 17 -35 
n 0.59 0.34 0.62 0.62 0.81 96 -83 
n 0.83 0.29 0.51 0.17 0.26 -77 80 
n 0.7 0.61 0.68 0.62 0.88 -14 44 
n 0.82 0.72 0.13 0.81 0.84 -33 33 
n 0.55 0.54 0.31 0.22 0.61 33 -33 
n 0.3 0.73 0.23 0.38 0.37 70 0 
n 0.47 0.82 0.54 0.25 0.45 -50 60 
n 0.47 0.13 0.75 0.54 0.5 -50 -60 
n 0.63 0.53 0.27 0.57 0.72 75 0 
n 0.3 0.35 0.62 0.8 0.25 0 75 
n 0.1 0.29 0.45 0.47 0.55 -75 0 
n 0.5 0.85 0.14 0.36 0.33 0 -75 
n 0.65 0.53 0.33 0.36 0.17 40 80 
n 0.15 0.66 0.23 0.31 0.46 40 -80 
n 0.45 0.74 0.44 0.29 0.5 -60 20 
n 0.49 0.73 0.67 0.77 0.59 -60 -20 
