t 120 10 5
n 0.76 0.44 0.21 0.21 0.19 8 124 
n 0.66 0.7 0.42 0.67 0.22 125 80 
n 0.78 0.5 0.87 0.22 0.57 97 74 
n 0.62 0.4 0.51 0.59 0.11 69 96 
n 0.8 0.87 0.49 0.69 0.76 106 46 
n 0.28 0.28 0.61 0.39 0.64 49 57 
n 0.56 0.89 0.4 0.62 0.13 80 125 
n 0.29 0.52 0.59 0.65 0.26 42 93 
n 0.52 0.63 0.42 0.87 0.36 104 94 
n 0.64 0.39 0.11 0.54 0.55 35 17 
n 0.66 0.52 0.33 0.72 0.29 118 96 
n 0.8 0.64 0.42 0.45 0.46 151 22 
n 0.16 0.31 0.86 0.36 0.52 154 182 
n 0.4 0.15 0.87 0.58 0.31 57 165 
n 0.13 0.52 0.72 0.25 0.78 18 159 
n 0.85 0.84 0.72 0.58 0.14 27 123 
n 0.59 0.41 0.46 0.66 0.42 96 170 
n 0.61 0.24 0.87 0.74 0.77 63 198 
n 0.71 0.68 0.86 0.74 0.25 59 211 
n 0.6 0.84 0.39 0.31 0.78 88 182 
n 0.16 0.16 0.24 0.58 0.34 142 72 
n 0.23 0.71 0.27 0.1 0.39 48 190 
n 0.81 0.28 0.29 0.64 0.33 106 106 
n 0.39 0.86 0.59 0.86 0.65 28 102 
n 0.84 0.69 0.33 0.88 0.14 63 224 
n 0.59 0.47 0.78 0.75 0.68 58 93 
n 0.42 0.21 0.43 0.69 0.51 103 56 
n 0.75 0.22 0.15 0.43 0.32 38 149 
n 0.76 0.44 0.72 0.73 0.29 23 138 
n 0.21 0.81 0.32 0.47 0.83 22 146 
n 0.14 0.68 0.9 0.21 0.2 32 208 
n 0.69 0.2 0.85 0.78 0.62 27 144 
n 0.59 0.55 0.14 0.37 0.55 75 258 
n 0.56 0.58 0.65 0.4 0.43 59 101 
n 0.73 0.62 0.13 0.8 0.58 41 32 
n 0.76 0.58 0.58 0.73 0.57 53 46 
n 0.73 0.25 0.74 0.17 0.47 76 19 
n 0.42 0.55 0.53 0.84 0.42 79 115 
n 0.59 0.84 0.32 0.72 0.9 109 13 
n 0.39 0.54 0.17 0.2 0.31 59 118 
n 0.56 0.7 0.77 0.59 0.21 84 147 
n 0.78 0.76 0.21 0.19 0.77 95 160 
n 0.71 0.39 0.78 0.53 0.53 87 213 
n 0.3 0.13 0.37 0.17 0.4 73 166 
n 0.62 0.71 0.33 0.74 0.3 43 153 
n 0.12 0.15 0.72 0.44 0.56 81 175 
n 0.76 0.7 0.68 0.52 0.37 59 77 
n 0.6 0.61 0.17 0.36 0.26 70 68 
n 0.4 0.57 0.74 0.62 0.85 106 169 
n 0.42 0.33 0.65 0.28 0.44 86 168 
n 0.1 0.26 0.59 0.28 0.26 127 109 
n 0.26 0.26 0.45 0.8 0.63 68 243 
n 0.84 0.75 0.44 0.3 0.89 116 57 
n 0.43 0.36 0.13 0.88 0.8 39 78 
n 0.31 0.76 0.66 0.38 0.71 54 65 
n 0.35 0.2 0.41 0.26 0.56 77 141 
n 0.83 0.72 0.69 0.55 0.79 95 24 
n 0.59 0.51 0.23 0.45 0.81 89 238 
n 0.86 0.42 0.72 0.87 0.41 9 158 
n 0.69 0.51 0.23 0.41 0.17 39 109 
n 0.71 0.37 0.24 0.54 0.58 25 129 
n 0.36 0.12 0.27 0.17 0.76 69 20 
n 0.12 0.3 0.68 0.11 0.5 104 34 
n 0.72 0.53 0.33 0.8 0.83 132 51 
n 0.46 0.66 0.32 0.75 0.45 98 207 
n 0.67 0.81 0.13 0.41 0.5 37 203 
n 0.38 0.16 0.65 0.58 0.24 80 16 
n 0.38 0.79 0.16 0.4 0.83 103 224 
n 0.84 0.43 0.72 0.18 0.26 94 202 
n 0.54 0.75 0.24 0.37 0.14 49 96 
n 0.27 0.7 0.19 0.79 0.82 55 80 
n 0.18 0.89 0.34 0.8 0.84 62 123 
n 0.31 0.69 0.85 0.6 0.63 91 31 
n 0.84 0.87 0.23 0.44 0.56 51 142 
n 0.74 0.44 0.17 0.54 0.13 64 172 
n 0.32 0.11 0.3 0.15 0.65 14 138 
n 0.32 0.48 0.55 0.8 0.79 120 37 
n 0.78 0.6 0.77 0.62 0.39 38 160 
n 0.54 0.22 0.1 0.37 0.72 86 230 
n 0.87 0.61 0.55 0.33 0.46 96 59 
n 0.28 0.76 0.35 0.76 0.4 33 177 
n 0.62 0.38 0.83 0.61 0.21 108 78 
n 0.38 0.58 0.76 0.62 0.71 93 12 
n 0.88 0.39 0.78 0.33 0.71 43 47 
n 0.55 0.51 0.48 0.52 0.25 52 200 
n 0.88 0.62 0.75 0.71 0.84 48 171 
n 0.19 0.4 0.85 0.34 0.4 62 153 
n 0.24 0.89 0.22 0.88 0.43 159 53 
n 0.27 0.23 0.38 0.32 0.87 60 60 
n 0.82 0.35 0.62 0.18 0.52 36 73 
n 0.67 0.43 0.11 0.24 0.65 111 243 
n 0.15 0.21 0.16 0.56 0.33 31 150 
n 0.8 0.83 0.42 0.72 0.8 130 67 
n 0.16 0.74 0.32 0.47 0.29 36 172 
n 0.53 0.52 0.83 0.3 0.77 132 28 
n 0.66 0.36 0.14 0.79 0.6 29 73 
n 0.49 0.44 0.26 0.5 0.59 150 28 
n 0.86 0.34 0.45 0.79 0.65 89 166 
n 0.77 0.31 0.59 0.37 0.71 58 21 
n 0.25 0.21 0.17 0.52 0.25 78 244 
n 0.15 0.19 0.1 0.57 0.87 82 58 
n 0.54 0.56 0.62 0.18 0.23 81 68 
n 0.83 0.17 0.73 0.41 0.88 92 98 
n 0.34 0.22 0.84 0.22 0.23 56 33 
n 0.15 0.64 0.24 0.74 0.79 47 126 
n 0.31 0.13 0.53 0.48 0.81 70 34 
n 0.23 0.3 0.23 0.74 0.52 78 195 
n 0.81 0.62 0.33 0.2 0.47 77 215 
n 0.69 0.6 0.22 0.45 0.4 140 62 
n 0.26 0.23 0.5 0.2 0.85 70 57 
n 0.67 0.72 0.84 0.81 0.44 16 89 
n 0.86 0.53 0.15 0.18 0.62 66 50 
n 0.61 0.32 0.25 0.55 0.57 98 194 
n 0.32 0.84 0.79 0.24 0.82 87 45 
n 0.23 0.1 0.19 0.9 0.55 132 87 
n 0.51 0.24 0.56 0.77 0.65 52 99 
n 0.2 0.67 0.56 0.53 0.76 50 212 
n 0.49 0.44 0.67 0.79 0.3 103 176 
n 0.19 0.72 0.31 0.58 0.73 84 91 
n 0.19 0.86 0.4 0.14 0.86 31 140 
