t 120 20 3
n 0.78 0.58 0.61 8 124 
n 0.76 0.44 0.21 125 80 
n 0.66 0.34 0.49 97 74 
n 0.77 0.65 0.15 69 96 
n 0.8 0.6 0.1 106 46 
n 0.28 0.11 0.52 49 57 
n 0.46 0.56 0.44 80 125 
n 0.62 0.43 0.22 42 93 
n 0.84 0.82 0.25 104 94 
n 0.48 0.79 0.46 35 17 
n 0.77 0.83 0.75 118 96 
n 0.16 0.67 0.58 151 22 
n 0.88 0.41 0.57 154 182 
n 0.17 0.74 0.17 57 165 
n 0.6 0.31 0.51 18 159 
n 0.14 0.27 0.52 27 123 
n 0.37 0.73 0.17 96 170 
n 0.57 0.8 0.82 63 198 
n 0.84 0.15 0.39 59 211 
n 0.18 0.54 0.36 88 182 
n 0.46 0.6 0.2 142 72 
n 0.62 0.25 0.38 48 190 
n 0.68 0.17 0.24 106 106 
n 0.34 0.84 0.39 28 102 
n 0.39 0.89 0.44 63 224 
n 0.31 0.12 0.78 58 93 
n 0.76 0.26 0.74 103 56 
n 0.65 0.25 0.18 38 149 
n 0.66 0.74 0.51 23 138 
n 0.7 0.53 0.39 22 146 
n 0.27 0.55 0.59 32 208 
n 0.61 0.25 0.7 27 144 
n 0.41 0.71 0.78 75 258 
n 0.6 0.12 0.87 59 101 
n 0.26 0.69 0.38 41 32 
n 0.48 0.75 0.28 53 46 
n 0.36 0.48 0.41 76 19 
n 0.35 0.81 0.49 79 115 
n 0.22 0.78 0.74 109 13 
n 0.62 0.18 0.87 59 118 
n 0.55 0.73 0.54 84 147 
n 0.42 0.66 0.75 95 160 
n 0.72 0.32 0.47 87 213 
n 0.35 0.54 0.9 73 166 
n 0.17 0.55 0.1 43 153 
n 0.3 0.6 0.56 81 175 
n 0.39 0.36 0.5 59 77 
n 0.74 0.8 0.15 70 68 
n 0.73 0.83 0.53 106 169 
n 0.54 0.2 0.78 86 168 
n 0.84 0.58 0.41 127 109 
n 0.56 0.5 0.41 68 243 
n 0.88 0.56 0.21 116 57 
n 0.5 0.48 0.39 39 78 
n 0.69 0.67 0.2 54 65 
n 0.84 0.63 0.86 77 141 
n 0.69 0.8 0.64 95 24 
n 0.8 0.77 0.21 89 238 
n 0.87 0.72 0.12 9 158 
n 0.64 0.82 0.18 39 109 
n 0.58 0.57 0.11 25 129 
n 0.33 0.59 0.23 69 20 
n 0.8 0.21 0.69 104 34 
n 0.82 0.31 0.79 132 51 
n 0.75 0.5 0.4 98 207 
n 0.19 0.88 0.26 37 203 
n 0.41 0.53 0.15 80 16 
n 0.53 0.27 0.48 103 224 
n 0.63 0.38 0.63 94 202 
n 0.19 0.68 0.57 49 96 
n 0.41 0.36 0.8 55 80 
n 0.49 0.52 0.4 62 123 
n 0.62 0.73 0.81 91 31 
n 0.61 0.33 0.26 51 142 
n 0.19 0.8 0.61 64 172 
n 0.29 0.68 0.85 14 138 
n 0.34 0.59 0.83 120 37 
n 0.14 0.46 0.82 38 160 
n 0.59 0.46 0.35 86 230 
n 0.41 0.74 0.56 96 59 
n 0.42 0.32 0.48 33 177 
n 0.85 0.8 0.89 108 78 
n 0.61 0.89 0.62 93 12 
n 0.54 0.78 0.32 43 47 
n 0.82 0.3 0.83 52 200 
n 0.87 0.34 0.76 48 171 
n 0.48 0.6 0.23 62 153 
n 0.31 0.17 0.73 159 53 
n 0.34 0.83 0.18 60 60 
n 0.19 0.3 0.41 36 73 
n 0.47 0.26 0.72 111 243 
n 0.86 0.3 0.49 31 150 
n 0.3 0.37 0.55 130 67 
n 0.67 0.36 0.83 36 172 
n 0.11 0.19 0.31 132 28 
n 0.67 0.72 0.14 29 73 
n 0.27 0.17 0.2 150 28 
n 0.17 0.38 0.37 89 166 
n 0.42 0.27 0.67 58 21 
n 0.57 0.53 0.85 78 244 
n 0.89 0.72 0.74 82 58 
n 0.85 0.32 0.84 81 68 
n 0.51 0.9 0.3 92 98 
n 0.73 0.76 0.17 56 33 
n 0.87 0.36 0.59 47 126 
n 0.89 0.7 0.76 70 34 
n 0.32 0.29 0.58 78 195 
n 0.82 0.47 0.74 77 215 
n 0.17 0.75 0.88 140 62 
n 0.73 0.9 0.64 70 57 
n 0.49 0.89 0.27 16 89 
n 0.34 0.44 0.41 66 50 
n 0.75 0.82 0.34 98 194 
n 0.38 0.31 0.2 87 45 
n 0.52 0.35 0.4 132 87 
n 0.28 0.66 0.19 52 99 
n 0.76 0.56 0.77 50 212 
n 0.63 0.86 0.12 103 176 
n 0.58 0.86 0.27 84 91 
n 0.22 0.8 0.25 31 140 
