t 137 20 3
n 0.67 0.58 0.88 71 -156 
n 0.41 0.57 0.17 65 -147 
n 0.74 0.17 0.6 61 -150 
n 0.31 0.51 0.14 58 -134 
n 0.27 0.52 0.37 49 -123 
n 0.73 0.17 0.57 53 -113 
n 0.8 0.82 0.84 51 -114 
n 0.15 0.39 0.18 50 -104 
n 0.54 0.36 0.46 52 -106 
n 0.6 0.2 0.62 50 -97 
n 0.25 0.38 0.68 58 -94 
n 0.17 0.24 0.34 43 -79 
n 0.84 0.39 0.39 45 -75 
n 0.89 0.44 0.31 45 -73 
n 0.12 0.78 0.76 46 -71 
n 0.26 0.74 0.65 44 -63 
n 0.25 0.18 0.66 47 -52 
n 0.74 0.51 0.7 47 -122 
n 0.53 0.39 0.27 47 -117 
n 0.55 0.59 0.61 38 -121 
n 0.25 0.7 0.41 37 -122 
n 0.71 0.78 0.6 34 -118 
n 0.12 0.87 0.26 32 -117 
n 0.69 0.38 0.48 40 -112 
n 0.75 0.28 0.36 33 -112 
n 0.48 0.41 0.35 39 -105 
n 0.81 0.49 0.22 35 -106 
n 0.78 0.74 0.62 31 -106 
n 0.18 0.87 0.55 46 -92 
n 0.73 0.54 0.42 45 -93 
n 0.66 0.75 0.72 41 -96 
n 0.32 0.47 0.35 39 -94 
n 0.54 0.9 0.17 35 -97 
n 0.55 0.1 0.3 32 -96 
n 0.6 0.56 0.39 29 -95 
n 0.36 0.5 0.74 43 -88 
n 0.8 0.15 0.73 42 -87 
n 0.83 0.53 0.54 38 -90 
n 0.2 0.78 0.84 35 -90 
n 0.58 0.41 0.56 30 -90 
n 0.5 0.41 0.88 42 -83 
n 0.56 0.21 0.5 40 -80 
n 0.48 0.39 0.69 39 -84 
n 0.67 0.2 0.84 33 -84 
n 0.63 0.86 0.69 42 -71 
n 0.8 0.64 0.8 40 -74 
n 0.77 0.21 0.87 40 -75 
n 0.72 0.12 0.64 39 -77 
n 0.82 0.18 0.58 30 -81 
n 0.57 0.11 0.33 25 -80 
n 0.59 0.23 0.8 25 -77 
n 0.21 0.69 0.82 28 -106 
n 0.31 0.79 0.75 25 -103 
n 0.5 0.4 0.19 25 -100 
n 0.88 0.26 0.41 22 -98 
n 0.53 0.15 0.53 22 -101 
n 0.27 0.48 0.63 20 -103 
n 0.38 0.63 0.19 19 -99 
n 0.68 0.57 0.41 19 -98 
n 0.36 0.8 0.49 19 -96 
n 0.52 0.4 0.62 17 -100 
n 0.73 0.81 0.61 17 -96 
n 0.33 0.26 0.19 18 -93 
n 0.8 0.61 0.29 21 -89 
n 0.68 0.85 0.34 17 -88 
n 0.59 0.83 0.14 14 -90 
n 0.46 0.82 0.59 13 -89 
n 0.46 0.35 0.41 14 -87 
n 0.74 0.56 0.42 12 -86 
n 0.32 0.48 0.85 10 -84 
n 0.8 0.89 0.61 9 -79 
n 0.89 0.62 0.54 23 -82 
n 0.78 0.32 0.82 22 -80 
n 0.3 0.83 0.87 20 -75 
n 0.34 0.76 0.48 18 -76 
n 0.6 0.23 0.31 18 -72 
n 0.17 0.73 0.34 18 -70 
n 0.83 0.18 0.19 18 -66 
n 0.3 0.41 0.47 14 -61 
n 0.26 0.72 0.86 13 -59 
n 0.3 0.49 0.3 10 -61 
n 0.37 0.55 0.67 12 -69 
n 0.36 0.83 0.11 5 -52 
n 0.19 0.31 0.67 6 -55 
n 0.72 0.14 0.27 6 -58 
n 0.17 0.2 0.17 10 -67 
n 0.38 0.37 0.42 10 -71 
n 0.27 0.67 0.57 11 -74 
n 0.53 0.85 0.89 6 -75 
n 0.72 0.74 0.85 4 -74 
n 0.32 0.84 0.51 3 -76 
n 0.9 0.3 0.73 -1 -91 
n 0.76 0.17 0.87 -0 -78 
n 0.36 0.59 0.89 -1 -78 
n 0.7 0.76 0.32 -2 -80 
n 0.29 0.58 0.82 -3 -73 
n 0.47 0.74 0.17 -8 -79 
n 0.75 0.88 0.73 -12 -77 
n 0.9 0.64 0.49 -13 -72 
n 0.89 0.27 0.34 -16 -71 
n 0.44 0.41 0.75 -16 -68 
n 0.82 0.34 0.38 -17 -63 
n 0.31 0.2 0.52 -19 -65 
n 0.35 0.4 0.28 -23 -70 
n 0.66 0.19 0.76 -33 -70 
n 0.56 0.77 0.63 -36 -73 
n 0.86 0.12 0.58 -53 -71 
n 0.86 0.27 0.22 -51 -58 
n 0.8 0.25 0.3 -38 -62 
n 0.14 0.26 0.57 -38 -57 
n 0.48 0.69 0.19 -34 -56 
n 0.62 0.17 0.26 -34 -58 
n 0.39 0.56 0.52 -33 -60 
n 0.85 0.42 0.16 -31 -64 
n 0.77 0.53 0.62 -33 -68 
n 0.58 0.79 0.56 -26 -65 
n 0.18 0.56 0.62 -25 -57 
n 0.22 0.85 0.25 -30 -51 
n 0.63 0.11 0.29 -27 -48 
n 0.31 0.45 0.34 -25 -49 
n 0.18 0.46 0.83 -23 -46 
n 0.31 0.23 0.42 -23 -43 
n 0.65 0.83 0.4 -20 -43 
n 0.24 0.71 0.14 -20 -44 
n 0.82 0.68 0.4 -20 -54 
n 0.53 0.44 0.75 -15 -56 
n 0.11 0.54 0.5 -16 -49 
n 0.36 0.88 0.55 -15 -48 
n 0.85 0.66 0.32 -13 -38 
n 0.78 0.15 0.28 -8 -35 
n 0.43 0.74 0.33 -5 -35 
n 0.86 0.43 0.71 -3 -38 
n 0.25 0.82 0.29 -5 -42 
n 0.79 0.29 0.12 -2 -44 
n 0.84 0.29 0.87 -1 -48 
n 0.33 0.27 0.83 -3 -60 
n 0.84 0.11 0.42 -8 -64 
