t 137 10 4
n 0.66 0.66 0.86 0.64 71 -156 
n 0.71 0.31 0.69 0.28 65 -147 
n 0.65 0.27 0.78 0.7 61 -150 
n 0.7 0.35 0.7 0.6 58 -134 
n 0.11 0.41 0.12 0.1 49 -123 
n 0.29 0.77 0.8 0.65 53 -113 
n 0.66 0.54 0.34 0.71 51 -114 
n 0.52 0.72 0.15 0.54 50 -104 
n 0.27 0.13 0.43 0.11 52 -106 
n 0.16 0.5 0.76 0.1 50 -97 
n 0.89 0.23 0.17 0.3 58 -94 
n 0.11 0.79 0.47 0.27 43 -79 
n 0.5 0.59 0.72 0.17 45 -75 
n 0.48 0.87 0.43 0.18 45 -73 
n 0.63 0.48 0.89 0.41 46 -71 
n 0.42 0.82 0.89 0.73 44 -63 
n 0.81 0.26 0.74 0.67 47 -52 
n 0.75 0.59 0.56 0.78 47 -122 
n 0.13 0.45 0.88 0.82 47 -117 
n 0.6 0.87 0.15 0.41 38 -121 
n 0.69 0.76 0.68 0.33 37 -122 
n 0.63 0.72 0.54 0.14 34 -118 
n 0.61 0.9 0.11 0.25 32 -117 
n 0.58 0.1 0.6 0.28 40 -112 
n 0.55 0.37 0.52 0.42 33 -112 
n 0.67 0.16 0.21 0.41 39 -105 
n 0.86 0.75 0.27 0.73 35 -106 
n 0.56 0.81 0.24 0.57 31 -106 
n 0.41 0.53 0.49 0.34 46 -92 
n 0.69 0.55 0.53 0.35 45 -93 
n 0.5 0.11 0.81 0.54 41 -96 
n 0.62 0.5 0.25 0.25 39 -94 
n 0.87 0.21 0.7 0.32 35 -97 
n 0.41 0.12 0.71 0.82 32 -96 
n 0.7 0.55 0.18 0.49 29 -95 
n 0.39 0.57 0.87 0.1 43 -88 
n 0.73 0.51 0.9 0.6 42 -87 
n 0.22 0.83 0.56 0.31 38 -90 
n 0.59 0.55 0.84 0.7 35 -90 
n 0.46 0.16 0.12 0.24 30 -90 
n 0.73 0.85 0.85 0.44 42 -83 
n 0.45 0.18 0.73 0.2 40 -80 
n 0.76 0.47 0.7 0.8 39 -84 
n 0.83 0.35 0.5 0.78 33 -84 
n 0.5 0.6 0.39 0.26 42 -71 
n 0.38 0.66 0.44 0.55 40 -74 
n 0.38 0.81 0.85 0.77 40 -75 
n 0.74 0.18 0.82 0.88 39 -77 
n 0.87 0.87 0.51 0.48 30 -81 
n 0.54 0.29 0.47 0.87 25 -80 
n 0.19 0.71 0.23 0.15 25 -77 
n 0.61 0.62 0.68 0.79 28 -106 
n 0.35 0.82 0.72 0.71 25 -103 
n 0.42 0.46 0.33 0.61 25 -100 
n 0.21 0.64 0.66 0.52 22 -98 
n 0.77 0.31 0.48 0.43 22 -101 
n 0.51 0.72 0.32 0.84 20 -103 
n 0.85 0.88 0.38 0.29 19 -99 
n 0.27 0.73 0.61 0.41 19 -98 
n 0.62 0.59 0.77 0.41 19 -96 
n 0.54 0.24 0.71 0.19 17 -100 
n 0.84 0.27 0.18 0.77 17 -96 
n 0.19 0.52 0.4 0.46 18 -93 
n 0.3 0.56 0.14 0.58 21 -89 
n 0.11 0.51 0.8 0.19 17 -88 
n 0.39 0.57 0.7 0.62 14 -90 
n 0.45 0.45 0.44 0.66 13 -89 
n 0.68 0.7 0.37 0.53 14 -87 
n 0.49 0.48 0.34 0.49 12 -86 
n 0.86 0.38 0.11 0.8 10 -84 
n 0.41 0.86 0.76 0.49 9 -79 
n 0.21 0.24 0.6 0.16 23 -82 
n 0.33 0.16 0.23 0.68 22 -80 
n 0.72 0.89 0.5 0.34 20 -75 
n 0.73 0.32 0.12 0.72 18 -76 
n 0.83 0.3 0.9 0.14 18 -72 
n 0.16 0.76 0.86 0.46 18 -70 
n 0.28 0.21 0.88 0.71 18 -66 
n 0.72 0.62 0.65 0.52 14 -61 
n 0.21 0.16 0.27 0.69 13 -59 
n 0.2 0.7 0.85 0.58 10 -61 
n 0.18 0.15 0.27 0.64 12 -69 
n 0.31 0.16 0.65 0.23 5 -52 
n 0.82 0.42 0.13 0.83 6 -55 
n 0.13 0.37 0.36 0.47 6 -58 
n 0.5 0.3 0.39 0.45 10 -67 
n 0.5 0.3 0.71 0.13 10 -71 
n 0.83 0.41 0.65 0.72 11 -74 
n 0.78 0.29 0.63 0.85 6 -75 
n 0.52 0.51 0.74 0.24 4 -74 
n 0.49 0.4 0.73 0.16 3 -76 
n 0.76 0.1 0.86 0.47 -1 -91 
n 0.34 0.49 0.49 0.53 -0 -78 
n 0.33 0.55 0.23 0.42 -1 -78 
n 0.11 0.67 0.41 0.35 -2 -80 
n 0.58 0.12 0.22 0.5 -3 -73 
n 0.14 0.26 0.31 0.25 -8 -79 
n 0.68 0.2 0.64 0.44 -12 -77 
n 0.44 0.11 0.44 0.76 -13 -72 
n 0.44 0.21 0.21 0.19 -16 -71 
n 0.66 0.7 0.42 0.67 -16 -68 
n 0.22 0.78 0.5 0.87 -17 -63 
n 0.22 0.57 0.62 0.4 -19 -65 
n 0.51 0.59 0.11 0.8 -23 -70 
n 0.87 0.49 0.69 0.76 -33 -70 
n 0.28 0.28 0.61 0.39 -36 -73 
n 0.64 0.56 0.89 0.4 -53 -71 
n 0.62 0.13 0.29 0.52 -51 -58 
n 0.59 0.65 0.26 0.52 -38 -62 
n 0.63 0.42 0.87 0.36 -38 -57 
n 0.64 0.39 0.11 0.54 -34 -56 
n 0.55 0.66 0.52 0.33 -34 -58 
n 0.72 0.29 0.8 0.64 -33 -60 
n 0.42 0.45 0.46 0.16 -31 -64 
n 0.31 0.86 0.36 0.52 -33 -68 
n 0.4 0.15 0.87 0.58 -26 -65 
n 0.31 0.13 0.52 0.72 -25 -57 
n 0.25 0.78 0.85 0.84 -30 -51 
n 0.72 0.58 0.14 0.59 -27 -48 
n 0.41 0.46 0.66 0.42 -25 -49 
n 0.61 0.24 0.87 0.74 -23 -46 
n 0.77 0.71 0.68 0.86 -23 -43 
n 0.74 0.25 0.6 0.84 -20 -43 
n 0.39 0.31 0.78 0.16 -20 -44 
n 0.16 0.24 0.58 0.34 -20 -54 
n 0.23 0.71 0.27 0.1 -15 -56 
n 0.39 0.81 0.28 0.29 -16 -49 
n 0.64 0.33 0.39 0.86 -15 -48 
n 0.59 0.86 0.65 0.84 -13 -38 
n 0.69 0.33 0.88 0.14 -8 -35 
n 0.59 0.47 0.78 0.75 -5 -35 
n 0.68 0.42 0.21 0.43 -3 -38 
n 0.69 0.51 0.75 0.22 -5 -42 
n 0.15 0.43 0.32 0.76 -2 -44 
n 0.44 0.72 0.73 0.29 -1 -48 
n 0.21 0.81 0.32 0.47 -3 -60 
n 0.83 0.14 0.68 0.9 -8 -64 
