t 137 15 5
n 0.21 0.2 0.69 0.2 0.85 71 -156 
n 0.78 0.62 0.59 0.55 0.14 65 -147 
n 0.37 0.55 0.56 0.58 0.65 61 -150 
n 0.4 0.43 0.73 0.62 0.13 58 -134 
n 0.8 0.58 0.76 0.58 0.58 49 -123 
n 0.73 0.57 0.73 0.25 0.74 53 -113 
n 0.17 0.47 0.42 0.55 0.53 51 -114 
n 0.84 0.42 0.59 0.84 0.32 50 -104 
n 0.72 0.9 0.39 0.54 0.17 52 -106 
n 0.2 0.31 0.56 0.7 0.77 50 -97 
n 0.59 0.21 0.78 0.76 0.21 58 -94 
n 0.19 0.77 0.71 0.39 0.78 43 -79 
n 0.53 0.53 0.3 0.13 0.37 45 -75 
n 0.17 0.4 0.62 0.71 0.33 45 -73 
n 0.74 0.3 0.12 0.15 0.72 46 -71 
n 0.44 0.56 0.76 0.7 0.68 44 -63 
n 0.52 0.37 0.6 0.61 0.17 47 -52 
n 0.36 0.26 0.4 0.57 0.74 47 -122 
n 0.62 0.85 0.42 0.33 0.65 47 -117 
n 0.28 0.44 0.1 0.26 0.59 38 -121 
n 0.28 0.26 0.26 0.26 0.45 37 -122 
n 0.8 0.63 0.84 0.75 0.44 34 -118 
n 0.3 0.89 0.43 0.36 0.13 32 -117 
n 0.88 0.8 0.31 0.76 0.66 40 -112 
n 0.38 0.71 0.35 0.2 0.41 33 -112 
n 0.26 0.56 0.83 0.72 0.69 39 -105 
n 0.55 0.79 0.59 0.51 0.23 35 -106 
n 0.45 0.81 0.86 0.42 0.72 31 -106 
n 0.87 0.41 0.69 0.51 0.23 46 -92 
n 0.41 0.17 0.71 0.37 0.24 45 -93 
n 0.54 0.58 0.36 0.12 0.27 41 -96 
n 0.17 0.76 0.12 0.3 0.68 39 -94 
n 0.11 0.5 0.72 0.53 0.33 35 -97 
n 0.8 0.83 0.46 0.66 0.32 32 -96 
n 0.75 0.45 0.67 0.81 0.13 29 -95 
n 0.41 0.5 0.38 0.16 0.65 43 -88 
n 0.58 0.24 0.38 0.79 0.16 42 -87 
n 0.4 0.83 0.84 0.43 0.72 38 -90 
n 0.18 0.26 0.54 0.75 0.24 35 -90 
n 0.37 0.14 0.27 0.7 0.19 30 -90 
n 0.79 0.82 0.18 0.89 0.34 42 -83 
n 0.8 0.84 0.31 0.69 0.85 40 -80 
n 0.6 0.63 0.84 0.87 0.23 39 -84 
n 0.44 0.56 0.74 0.44 0.17 33 -84 
n 0.54 0.13 0.32 0.11 0.3 42 -71 
n 0.15 0.65 0.32 0.48 0.55 40 -74 
n 0.8 0.79 0.78 0.6 0.77 40 -75 
n 0.62 0.39 0.54 0.22 0.1 39 -77 
n 0.37 0.72 0.87 0.61 0.55 30 -81 
n 0.33 0.46 0.28 0.76 0.35 25 -80 
n 0.76 0.4 0.62 0.38 0.83 25 -77 
n 0.61 0.21 0.38 0.58 0.76 28 -106 
n 0.62 0.71 0.88 0.39 0.78 25 -103 
n 0.33 0.71 0.55 0.51 0.48 25 -100 
n 0.52 0.25 0.88 0.62 0.75 22 -98 
n 0.71 0.84 0.19 0.4 0.85 22 -101 
n 0.34 0.4 0.24 0.89 0.22 20 -103 
n 0.88 0.43 0.27 0.23 0.38 19 -99 
n 0.32 0.87 0.82 0.35 0.62 19 -98 
n 0.18 0.52 0.67 0.43 0.11 19 -96 
n 0.24 0.65 0.15 0.21 0.16 17 -100 
n 0.56 0.33 0.8 0.83 0.42 17 -96 
n 0.72 0.8 0.16 0.74 0.32 18 -93 
n 0.47 0.29 0.53 0.52 0.83 21 -89 
n 0.3 0.77 0.66 0.36 0.14 17 -88 
n 0.79 0.6 0.49 0.44 0.26 14 -90 
n 0.5 0.59 0.86 0.34 0.45 13 -89 
n 0.79 0.65 0.77 0.31 0.59 14 -87 
n 0.37 0.71 0.25 0.21 0.17 12 -86 
n 0.52 0.25 0.15 0.19 0.1 10 -84 
n 0.57 0.87 0.54 0.56 0.62 9 -79 
n 0.18 0.23 0.83 0.17 0.73 23 -82 
n 0.41 0.88 0.34 0.22 0.84 22 -80 
n 0.22 0.23 0.15 0.64 0.24 20 -75 
n 0.74 0.79 0.31 0.13 0.53 18 -76 
n 0.48 0.81 0.23 0.3 0.23 18 -72 
n 0.74 0.52 0.81 0.62 0.33 18 -70 
n 0.2 0.47 0.69 0.6 0.22 18 -66 
n 0.45 0.4 0.26 0.23 0.5 14 -61 
n 0.2 0.85 0.67 0.72 0.84 13 -59 
n 0.81 0.44 0.86 0.53 0.15 10 -61 
n 0.18 0.62 0.61 0.32 0.25 12 -69 
n 0.55 0.57 0.32 0.84 0.79 5 -52 
n 0.24 0.82 0.23 0.1 0.19 6 -55 
n 0.9 0.55 0.51 0.24 0.56 6 -58 
n 0.77 0.65 0.2 0.67 0.56 10 -67 
n 0.53 0.76 0.49 0.44 0.67 10 -71 
n 0.79 0.3 0.19 0.72 0.31 11 -74 
n 0.58 0.73 0.19 0.86 0.4 6 -75 
n 0.14 0.86 0.26 0.13 0.25 4 -74 
n 0.69 0.49 0.49 0.67 0.24 3 -76 
n 0.34 0.63 0.77 0.57 0.4 -1 -91 
n 0.72 0.42 0.89 0.85 0.4 -0 -78 
n 0.11 0.58 0.8 0.77 0.18 -1 -78 
n 0.19 0.39 0.68 0.26 0.13 -2 -80 
n 0.48 0.59 0.42 0.4 0.7 -3 -73 
n 0.79 0.52 0.32 0.74 0.65 -8 -79 
n 0.26 0.64 0.22 0.41 0.3 -12 -77 
n 0.13 0.27 0.65 0.64 0.61 -13 -72 
n 0.42 0.33 0.17 0.38 0.27 -16 -71 
n 0.57 0.36 0.51 0.43 0.26 -16 -68 
n 0.24 0.76 0.78 0.63 0.11 -17 -63 
n 0.28 0.15 0.29 0.48 0.46 -19 -65 
n 0.78 0.79 0.72 0.11 0.23 -23 -70 
n 0.43 0.88 0.38 0.39 0.89 -33 -70 
n 0.32 0.4 0.19 0.28 0.86 -36 -73 
n 0.18 0.2 0.8 0.64 0.81 -53 -71 
n 0.73 0.27 0.21 0.84 0.45 -51 -58 
n 0.64 0.88 0.61 0.73 0.55 -38 -62 
n 0.23 0.23 0.41 0.19 0.86 -38 -57 
n 0.26 0.43 0.18 0.6 0.16 -34 -56 
n 0.61 0.14 0.77 0.57 0.63 -34 -58 
n 0.37 0.17 0.46 0.19 0.23 -33 -60 
n 0.83 0.67 0.85 0.71 0.46 -31 -64 
n 0.39 0.67 0.79 0.67 0.18 -33 -68 
n 0.42 0.66 0.57 0.76 0.14 -26 -65 
n 0.36 0.32 0.85 0.75 0.35 -25 -57 
n 0.33 0.89 0.46 0.62 0.81 -30 -51 
n 0.89 0.72 0.11 0.89 0.22 -27 -48 
n 0.34 0.73 0.19 0.79 0.11 -25 -49 
n 0.76 0.6 0.52 0.56 0.51 -23 -46 
n 0.8 0.13 0.56 0.19 0.62 -23 -43 
n 0.81 0.74 0.35 0.29 0.62 -20 -43 
n 0.75 0.71 0.88 0.86 0.69 -20 -44 
n 0.75 0.4 0.65 0.58 0.79 -20 -54 
n 0.62 0.71 0.45 0.87 0.21 -15 -56 
n 0.42 0.28 0.45 0.54 0.26 -16 -49 
n 0.37 0.52 0.2 0.71 0.72 -15 -48 
n 0.5 0.32 0.76 0.7 0.55 -13 -38 
n 0.77 0.62 0.34 0.63 0.5 -8 -35 
n 0.11 0.31 0.44 0.14 0.41 -5 -35 
n 0.41 0.35 0.84 0.28 0.61 -3 -38 
n 0.34 0.55 0.65 0.7 0.9 -5 -42 
n 0.55 0.42 0.22 0.6 0.64 -2 -44 
n 0.68 0.41 0.66 0.27 0.22 -1 -48 
n 0.74 0.34 0.32 0.22 0.38 -3 -60 
n 0.56 0.82 0.41 0.72 0.87 -8 -64 
