t 202 5 4
n 0.15 0.27 0.64 0.31 37 -25 
n 0.16 0.65 0.23 0.82 38 -9 
n 0.42 0.13 0.83 0.13 41 -8 
n 0.37 0.36 0.47 0.5 37 -6 
n 0.3 0.39 0.45 0.5 36 -6 
n 0.3 0.71 0.13 0.83 36 -4 
n 0.41 0.65 0.72 0.78 37 -3 
n 0.29 0.63 0.85 0.52 38 -4 
n 0.51 0.74 0.24 0.49 38 -0 
n 0.4 0.73 0.16 0.76 39 -0 
n 0.1 0.86 0.47 0.34 41 2 
n 0.49 0.49 0.53 0.33 41 -1 
n 0.55 0.23 0.42 0.11 40 -3 
n 0.67 0.41 0.35 0.58 41 -4 
n 0.12 0.22 0.5 0.14 43 -3 
n 0.26 0.31 0.25 0.68 43 -8 
n 0.2 0.64 0.44 0.44 39 1 
n 0.11 0.44 0.76 0.44 39 2 
n 0.21 0.21 0.19 0.66 42 1 
n 0.7 0.42 0.67 0.22 44 -0 
n 0.78 0.5 0.87 0.22 43 1 
n 0.57 0.62 0.4 0.51 43 5 
n 0.59 0.11 0.8 0.87 43 7 
n 0.49 0.69 0.76 0.28 43 7 
n 0.28 0.61 0.39 0.64 42 9 
n 0.56 0.89 0.4 0.62 46 1 
n 0.13 0.29 0.52 0.59 45 4 
n 0.65 0.26 0.52 0.63 45 5 
n 0.42 0.87 0.36 0.64 45 5 
n 0.39 0.11 0.54 0.55 48 -4 
n 0.66 0.52 0.33 0.72 48 -1 
n 0.29 0.8 0.64 0.42 47 -1 
n 0.45 0.46 0.16 0.31 47 0 
n 0.86 0.36 0.52 0.4 49 0 
n 0.15 0.87 0.58 0.31 49 2 
n 0.13 0.52 0.72 0.25 49 4 
n 0.78 0.85 0.84 0.72 47 5 
n 0.58 0.14 0.59 0.41 48 6 
n 0.46 0.66 0.42 0.61 48 7 
n 0.24 0.87 0.74 0.77 49 6 
n 0.71 0.68 0.86 0.74 50 5 
n 0.25 0.6 0.84 0.39 50 4 
n 0.31 0.78 0.16 0.16 50 3 
n 0.24 0.58 0.34 0.23 51 3 
n 0.71 0.27 0.1 0.39 51 4 
n 0.81 0.28 0.29 0.64 51 5 
n 0.33 0.39 0.86 0.59 52 4 
n 0.86 0.65 0.84 0.69 52 5 
n 0.33 0.88 0.14 0.59 52 5 
n 0.47 0.78 0.75 0.68 53 6 
n 0.42 0.21 0.43 0.69 50 -4 
n 0.51 0.75 0.22 0.15 50 -2 
n 0.43 0.32 0.76 0.44 50 -0 
n 0.72 0.73 0.29 0.21 51 -3 
n 0.81 0.32 0.47 0.83 51 -2 
n 0.14 0.68 0.9 0.21 51 -0 
n 0.2 0.69 0.2 0.85 52 -2 
n 0.78 0.62 0.59 0.55 53 -3 
n 0.14 0.37 0.55 0.56 53 -2 
n 0.58 0.65 0.4 0.43 53 -1 
n 0.73 0.62 0.13 0.8 54 -1 
n 0.58 0.76 0.58 0.58 55 -1 
n 0.73 0.57 0.73 0.25 56 -3 
n 0.74 0.17 0.47 0.42 56 -4 
n 0.55 0.53 0.84 0.42 56 -3 
n 0.59 0.84 0.32 0.72 57 -2 
n 0.9 0.39 0.54 0.17 60 -1 
n 0.2 0.31 0.56 0.7 62 -6 
n 0.77 0.59 0.21 0.78 52 -8 
n 0.76 0.21 0.19 0.77 52 -8 
n 0.71 0.39 0.78 0.53 53 -6 
n 0.53 0.3 0.13 0.37 54 -6 
n 0.17 0.4 0.62 0.71 55 -7 
n 0.33 0.74 0.3 0.12 64 -22 
n 0.15 0.72 0.44 0.56 64 -51 
n 0.76 0.7 0.68 0.52 76 -68 
n 0.37 0.6 0.61 0.17 70 23 
n 0.36 0.26 0.4 0.57 68 17 
n 0.74 0.62 0.85 0.42 65 25 
n 0.33 0.65 0.28 0.44 61 23 
n 0.1 0.26 0.59 0.28 60 22 
n 0.26 0.26 0.26 0.45 60 25 
n 0.8 0.63 0.84 0.75 63 10 
n 0.44 0.3 0.89 0.43 60 5 
n 0.36 0.13 0.88 0.8 59 5 
n 0.31 0.76 0.66 0.38 60 10 
n 0.71 0.35 0.2 0.41 57 12 
n 0.26 0.56 0.83 0.72 55 13 
n 0.69 0.55 0.79 0.59 58 15 
n 0.51 0.23 0.45 0.81 59 18 
n 0.86 0.42 0.72 0.87 57 18 
n 0.41 0.69 0.51 0.23 56 10 
n 0.41 0.17 0.71 0.37 55 10 
n 0.24 0.54 0.58 0.36 55 12 
n 0.12 0.27 0.17 0.76 53 8 
n 0.12 0.3 0.68 0.11 53 10 
n 0.5 0.72 0.53 0.33 54 10 
n 0.8 0.83 0.46 0.66 54 12 
n 0.32 0.75 0.45 0.67 52 7 
n 0.81 0.13 0.41 0.5 52 9 
n 0.38 0.16 0.65 0.58 52 11 
n 0.24 0.38 0.79 0.16 52 13 
n 0.4 0.83 0.84 0.43 50 6 
n 0.72 0.18 0.26 0.54 50 7 
n 0.75 0.24 0.37 0.14 51 7 
n 0.27 0.7 0.19 0.79 51 6 
n 0.82 0.18 0.89 0.34 51 7 
n 0.8 0.84 0.31 0.69 51 7 
n 0.85 0.6 0.63 0.84 51 7 
n 0.87 0.23 0.44 0.56 51 7 
n 0.74 0.44 0.17 0.54 51 7 
n 0.13 0.32 0.11 0.3 51 9 
n 0.15 0.65 0.32 0.48 51 11 
n 0.55 0.8 0.79 0.78 51 12 
n 0.6 0.77 0.62 0.39 51 12 
n 0.54 0.22 0.1 0.37 50 13 
n 0.72 0.87 0.61 0.55 51 13 
n 0.33 0.46 0.28 0.76 49 7 
n 0.35 0.76 0.4 0.62 50 8 
n 0.38 0.83 0.61 0.21 49 8 
n 0.38 0.58 0.76 0.62 49 10 
n 0.71 0.88 0.39 0.78 49 11 
n 0.33 0.71 0.55 0.51 49 8 
n 0.48 0.52 0.25 0.88 48 9 
n 0.62 0.75 0.71 0.84 49 12 
n 0.19 0.4 0.85 0.34 48 11 
n 0.4 0.24 0.89 0.22 46 6 
n 0.88 0.43 0.27 0.23 46 6 
n 0.38 0.32 0.87 0.82 47 7 
n 0.35 0.62 0.18 0.52 47 7 
n 0.67 0.43 0.11 0.24 47 8 
n 0.65 0.15 0.21 0.16 47 11 
n 0.56 0.33 0.8 0.83 47 13 
n 0.42 0.72 0.8 0.16 48 14 
n 0.74 0.32 0.47 0.29 48 16 
n 0.53 0.52 0.83 0.3 47 15 
n 0.77 0.66 0.36 0.14 45 7 
n 0.79 0.6 0.49 0.44 45 9 
n 0.26 0.5 0.59 0.86 45 11 
n 0.34 0.45 0.79 0.65 45 12 
n 0.77 0.31 0.59 0.37 45 13 
n 0.71 0.25 0.21 0.17 44 9 
n 0.52 0.25 0.15 0.19 44 11 
n 0.1 0.57 0.87 0.54 43 11 
n 0.56 0.62 0.18 0.23 44 12 
n 0.83 0.17 0.73 0.41 39 9 
n 0.88 0.34 0.22 0.84 42 12 
n 0.22 0.23 0.15 0.64 41 14 
n 0.24 0.74 0.79 0.31 41 15 
n 0.13 0.53 0.48 0.81 41 17 
n 0.23 0.3 0.23 0.74 40 17 
n 0.52 0.81 0.62 0.33 38 15 
n 0.2 0.47 0.69 0.6 37 15 
n 0.22 0.45 0.4 0.26 38 13 
n 0.23 0.5 0.2 0.85 36 14 
n 0.67 0.72 0.84 0.81 53 14 
n 0.44 0.86 0.53 0.15 54 18 
n 0.18 0.62 0.61 0.32 53 18 
n 0.25 0.55 0.57 0.32 52 17 
n 0.84 0.79 0.24 0.82 51 19 
n 0.23 0.1 0.19 0.9 52 21 
n 0.55 0.51 0.24 0.56 53 23 
n 0.77 0.65 0.2 0.67 51 17 
n 0.56 0.53 0.76 0.49 50 19 
n 0.44 0.67 0.79 0.3 50 20 
n 0.19 0.72 0.31 0.58 51 22 
n 0.73 0.19 0.86 0.4 49 13 
n 0.14 0.86 0.26 0.13 50 14 
n 0.25 0.69 0.49 0.49 50 18 
n 0.67 0.24 0.34 0.63 49 16 
n 0.77 0.57 0.4 0.72 48 17 
n 0.42 0.89 0.85 0.4 48 21 
n 0.11 0.58 0.8 0.77 47 19 
n 0.18 0.19 0.39 0.68 47 21 
n 0.26 0.13 0.48 0.59 46 18 
n 0.42 0.4 0.7 0.79 46 20 
n 0.52 0.32 0.74 0.65 45 21 
n 0.26 0.64 0.22 0.41 46 23 
n 0.3 0.13 0.27 0.65 47 27 
n 0.64 0.61 0.42 0.33 45 24 
n 0.17 0.38 0.27 0.57 45 25 
n 0.36 0.51 0.43 0.26 44 26 
n 0.24 0.76 0.78 0.63 44 28 
n 0.11 0.28 0.15 0.29 46 14 
n 0.48 0.46 0.78 0.79 45 14 
n 0.72 0.11 0.23 0.43 45 16 
n 0.88 0.38 0.39 0.89 43 16 
n 0.32 0.4 0.19 0.28 44 18 
n 0.86 0.18 0.2 0.8 44 20 
n 0.64 0.81 0.73 0.27 42 18 
n 0.21 0.84 0.45 0.64 42 21 
n 0.88 0.61 0.73 0.55 41 20 
n 0.23 0.23 0.41 0.19 42 23 
n 0.86 0.26 0.43 0.18 42 24 
n 0.6 0.16 0.61 0.14 43 28 
n 0.77 0.57 0.63 0.37 42 27 
n 0.17 0.46 0.19 0.23 39 20 
n 0.83 0.67 0.85 0.71 40 23 
n 0.46 0.39 0.67 0.79 38 21 
n 0.67 0.18 0.42 0.66 38 23 
n 0.57 0.76 0.14 0.36 35 25 
n 0.32 0.85 0.75 0.35 35 33 
