t 202 5 3
n 0.2 0.84 0.63 37 -25 
n 0.86 0.69 0.8 38 -9 
n 0.64 0.8 0.77 41 -8 
n 0.21 0.87 0.72 37 -6 
n 0.12 0.64 0.82 36 -6 
n 0.18 0.58 0.57 36 -4 
n 0.11 0.33 0.59 37 -3 
n 0.23 0.8 0.21 38 -4 
n 0.69 0.82 0.31 38 -0 
n 0.79 0.75 0.5 39 -0 
n 0.4 0.19 0.88 41 2 
n 0.26 0.41 0.53 41 -1 
n 0.15 0.53 0.27 40 -3 
n 0.48 0.63 0.38 41 -4 
n 0.63 0.19 0.68 43 -3 
n 0.57 0.41 0.36 43 -8 
n 0.8 0.49 0.52 39 1 
n 0.4 0.62 0.73 39 2 
n 0.81 0.61 0.33 42 1 
n 0.26 0.19 0.8 44 -0 
n 0.61 0.29 0.68 43 1 
n 0.85 0.34 0.59 43 5 
n 0.83 0.14 0.46 43 7 
n 0.82 0.59 0.46 43 7 
n 0.35 0.41 0.74 42 9 
n 0.56 0.42 0.32 46 1 
n 0.48 0.85 0.8 45 4 
n 0.89 0.61 0.89 45 5 
n 0.62 0.54 0.78 45 5 
n 0.32 0.82 0.3 48 -4 
n 0.83 0.87 0.34 48 -1 
n 0.76 0.48 0.6 47 -1 
n 0.23 0.31 0.17 47 0 
n 0.73 0.34 0.83 49 0 
n 0.18 0.19 0.3 49 2 
n 0.41 0.47 0.26 49 4 
n 0.72 0.86 0.3 47 5 
n 0.49 0.3 0.37 48 6 
n 0.55 0.67 0.36 48 7 
n 0.83 0.11 0.19 49 6 
n 0.31 0.67 0.72 50 5 
n 0.14 0.27 0.17 50 4 
n 0.2 0.17 0.38 50 3 
n 0.37 0.42 0.27 51 3 
n 0.67 0.57 0.53 51 4 
n 0.85 0.89 0.72 51 5 
n 0.74 0.85 0.32 52 4 
n 0.84 0.51 0.9 52 5 
n 0.3 0.73 0.76 52 5 
n 0.17 0.87 0.36 53 6 
n 0.59 0.89 0.7 50 -4 
n 0.76 0.32 0.29 50 -2 
n 0.58 0.82 0.47 50 -0 
n 0.74 0.17 0.75 51 -3 
n 0.88 0.73 0.9 51 -2 
n 0.64 0.49 0.89 51 -0 
n 0.27 0.34 0.44 52 -2 
n 0.41 0.75 0.82 53 -3 
n 0.34 0.38 0.31 53 -2 
n 0.2 0.52 0.35 53 -1 
n 0.4 0.28 0.66 54 -1 
n 0.19 0.76 0.56 55 -1 
n 0.77 0.63 0.86 56 -3 
n 0.12 0.58 0.86 56 -4 
n 0.27 0.22 0.8 56 -3 
n 0.25 0.3 0.14 57 -2 
n 0.26 0.57 0.48 60 -1 
n 0.69 0.19 0.62 62 -6 
n 0.17 0.26 0.39 52 -8 
n 0.56 0.52 0.85 52 -8 
n 0.42 0.16 0.77 53 -6 
n 0.53 0.62 0.58 54 -6 
n 0.79 0.56 0.18 55 -7 
n 0.56 0.62 0.22 64 -22 
n 0.85 0.25 0.63 64 -51 
n 0.11 0.29 0.31 76 -68 
n 0.45 0.34 0.18 70 23 
n 0.46 0.83 0.31 68 17 
n 0.23 0.42 0.65 65 25 
n 0.83 0.4 0.24 61 23 
n 0.71 0.14 0.82 60 22 
n 0.68 0.4 0.53 60 25 
n 0.44 0.75 0.11 63 10 
n 0.54 0.5 0.36 60 5 
n 0.88 0.55 0.85 59 5 
n 0.66 0.32 0.78 60 10 
n 0.15 0.28 0.43 57 12 
n 0.74 0.33 0.86 55 13 
n 0.43 0.71 0.25 58 15 
n 0.82 0.29 0.79 59 18 
n 0.29 0.12 0.84 57 18 
n 0.29 0.87 0.33 56 10 
n 0.27 0.83 0.84 55 10 
n 0.11 0.42 0.66 55 12 
n 0.66 0.86 0.64 53 8 
n 0.71 0.31 0.69 53 10 
n 0.28 0.65 0.27 54 10 
n 0.78 0.7 0.7 54 12 
n 0.35 0.7 0.6 52 7 
n 0.11 0.41 0.12 52 9 
n 0.1 0.29 0.77 52 11 
n 0.8 0.65 0.66 52 13 
n 0.54 0.34 0.71 50 6 
n 0.52 0.72 0.15 50 7 
n 0.54 0.27 0.13 51 7 
n 0.43 0.11 0.16 51 6 
n 0.5 0.76 0.1 51 7 
n 0.89 0.23 0.17 51 7 
n 0.3 0.11 0.79 51 7 
n 0.47 0.27 0.5 51 7 
n 0.59 0.72 0.17 51 7 
n 0.48 0.87 0.43 51 9 
n 0.18 0.63 0.48 51 11 
n 0.89 0.41 0.42 51 12 
n 0.82 0.89 0.73 51 12 
n 0.81 0.26 0.74 50 13 
n 0.67 0.75 0.59 51 13 
n 0.56 0.78 0.13 49 7 
n 0.45 0.88 0.82 50 8 
n 0.6 0.87 0.15 49 8 
n 0.41 0.69 0.76 49 10 
n 0.68 0.33 0.63 49 11 
n 0.72 0.54 0.14 49 8 
n 0.61 0.9 0.11 48 9 
n 0.25 0.58 0.1 49 12 
n 0.6 0.28 0.55 48 11 
n 0.37 0.52 0.42 46 6 
n 0.67 0.16 0.21 46 6 
n 0.41 0.86 0.75 47 7 
n 0.27 0.73 0.56 47 7 
n 0.81 0.24 0.57 47 8 
n 0.41 0.53 0.49 47 11 
n 0.34 0.69 0.55 47 13 
n 0.53 0.35 0.5 48 14 
n 0.11 0.81 0.54 48 16 
n 0.62 0.5 0.25 47 15 
n 0.25 0.87 0.21 45 7 
n 0.7 0.32 0.41 45 9 
n 0.12 0.71 0.82 45 11 
n 0.7 0.55 0.18 45 12 
n 0.49 0.39 0.57 45 13 
n 0.87 0.1 0.73 44 9 
n 0.51 0.9 0.6 44 11 
n 0.22 0.83 0.56 43 11 
n 0.31 0.59 0.55 44 12 
n 0.84 0.7 0.46 39 9 
n 0.16 0.12 0.24 42 12 
n 0.73 0.85 0.85 41 14 
n 0.44 0.45 0.18 41 15 
n 0.73 0.2 0.76 41 17 
n 0.47 0.7 0.8 40 17 
n 0.83 0.35 0.5 38 15 
n 0.78 0.5 0.6 37 15 
n 0.39 0.26 0.38 38 13 
n 0.66 0.44 0.55 36 14 
n 0.38 0.81 0.85 53 14 
n 0.77 0.74 0.18 54 18 
n 0.82 0.88 0.87 53 18 
n 0.87 0.51 0.48 52 17 
n 0.54 0.29 0.47 51 19 
n 0.87 0.19 0.71 52 21 
n 0.23 0.15 0.61 53 23 
n 0.62 0.68 0.79 51 17 
n 0.35 0.82 0.72 50 19 
n 0.71 0.42 0.46 50 20 
n 0.33 0.61 0.21 51 22 
n 0.64 0.66 0.52 49 13 
n 0.77 0.31 0.48 50 14 
n 0.43 0.51 0.72 50 18 
n 0.32 0.84 0.85 49 16 
n 0.88 0.38 0.29 48 17 
n 0.27 0.73 0.61 48 21 
n 0.41 0.62 0.59 47 19 
n 0.77 0.41 0.54 47 21 
n 0.24 0.71 0.19 46 18 
n 0.84 0.27 0.18 46 20 
n 0.77 0.19 0.52 45 21 
n 0.4 0.46 0.3 46 23 
n 0.56 0.14 0.58 47 27 
n 0.11 0.51 0.8 45 24 
n 0.19 0.39 0.57 45 25 
n 0.7 0.62 0.45 44 26 
n 0.45 0.44 0.66 44 28 
n 0.68 0.7 0.37 46 14 
n 0.53 0.49 0.48 45 14 
n 0.34 0.49 0.86 45 16 
n 0.38 0.11 0.8 43 16 
n 0.41 0.86 0.76 44 18 
n 0.49 0.21 0.24 44 20 
n 0.6 0.16 0.33 42 18 
n 0.16 0.23 0.68 42 21 
n 0.72 0.89 0.5 41 20 
n 0.34 0.73 0.32 42 23 
n 0.12 0.72 0.83 42 24 
n 0.3 0.9 0.14 43 28 
n 0.16 0.76 0.86 42 27 
n 0.46 0.28 0.21 39 20 
n 0.88 0.71 0.72 40 23 
n 0.62 0.65 0.52 38 21 
n 0.21 0.16 0.27 38 23 
n 0.69 0.2 0.7 35 25 
n 0.85 0.58 0.18 35 33 
