t 202 20 5
n 0.33 0.89 0.46 0.62 0.81 37 -25 
n 0.89 0.72 0.11 0.89 0.22 38 -9 
n 0.34 0.73 0.19 0.79 0.11 41 -8 
n 0.76 0.6 0.52 0.56 0.51 37 -6 
n 0.8 0.13 0.56 0.19 0.62 36 -6 
n 0.81 0.74 0.35 0.29 0.62 36 -4 
n 0.75 0.71 0.88 0.86 0.69 37 -3 
n 0.75 0.4 0.65 0.58 0.79 38 -4 
n 0.62 0.71 0.45 0.87 0.21 38 -0 
n 0.42 0.28 0.45 0.54 0.26 39 -0 
n 0.37 0.52 0.2 0.71 0.72 41 2 
n 0.5 0.32 0.76 0.7 0.55 41 -1 
n 0.77 0.62 0.34 0.63 0.5 40 -3 
n 0.11 0.31 0.44 0.14 0.41 41 -4 
n 0.41 0.35 0.84 0.28 0.61 43 -3 
n 0.34 0.55 0.65 0.7 0.9 43 -8 
n 0.55 0.42 0.22 0.6 0.64 39 1 
n 0.68 0.41 0.66 0.27 0.22 39 2 
n 0.74 0.34 0.32 0.22 0.38 42 1 
n 0.56 0.82 0.41 0.72 0.87 44 -0 
n 0.1 0.21 0.87 0.33 0.28 43 1 
n 0.29 0.39 0.25 0.53 0.16 43 5 
n 0.83 0.16 0.53 0.68 0.28 43 7 
n 0.63 0.26 0.34 0.56 0.47 43 7 
n 0.15 0.56 0.6 0.6 0.73 42 9 
n 0.74 0.71 0.76 0.69 0.26 46 1 
n 0.18 0.63 0.41 0.7 0.19 45 4 
n 0.83 0.76 0.39 0.7 0.21 45 5 
n 0.73 0.47 0.1 0.87 0.5 45 5 
n 0.85 0.83 0.37 0.54 0.78 48 -4 
n 0.78 0.37 0.69 0.85 0.11 48 -1 
n 0.44 0.6 0.74 0.56 0.2 47 -1 
n 0.51 0.42 0.6 0.71 0.34 47 0 
n 0.5 0.82 0.51 0.29 0.17 49 0 
n 0.58 0.86 0.83 0.87 0.51 49 2 
n 0.19 0.3 0.42 0.14 0.18 49 4 
n 0.84 0.76 0.29 0.75 0.68 47 5 
n 0.61 0.41 0.72 0.66 0.21 48 6 
n 0.46 0.3 0.31 0.2 0.22 48 7 
n 0.27 0.4 0.41 0.25 0.42 49 6 
n 0.53 0.23 0.81 0.66 0.44 50 5 
n 0.79 0.82 0.11 0.42 0.23 50 4 
n 0.7 0.51 0.19 0.52 0.41 50 3 
n 0.14 0.43 0.48 0.19 0.76 51 3 
n 0.31 0.51 0.6 0.47 0.47 51 4 
n 0.11 0.11 0.14 0.23 0.73 51 5 
n 0.61 0.18 0.72 0.17 0.32 52 4 
n 0.16 0.34 0.85 0.88 0.31 52 5 
n 0.62 0.55 0.46 0.82 0.23 52 5 
n 0.18 0.41 0.88 0.32 0.52 53 6 
n 0.41 0.59 0.61 0.7 0.65 50 -4 
n 0.37 0.11 0.28 0.57 0.76 50 -2 
n 0.87 0.23 0.72 0.69 0.51 50 -0 
n 0.78 0.57 0.83 0.16 0.81 51 -3 
n 0.54 0.51 0.87 0.86 0.78 51 -2 
n 0.59 0.15 0.4 0.26 0.38 51 -0 
n 0.74 0.68 0.56 0.78 0.61 52 -2 
n 0.5 0.68 0.64 0.72 0.86 53 -3 
n 0.26 0.14 0.73 0.25 0.12 53 -2 
n 0.54 0.15 0.13 0.42 0.15 53 -1 
n 0.89 0.59 0.37 0.59 0.78 54 -1 
n 0.14 0.42 0.38 0.12 0.3 55 -1 
n 0.72 0.74 0.65 0.12 0.21 56 -3 
n 0.12 0.88 0.32 0.73 0.17 56 -4 
n 0.7 0.84 0.34 0.69 0.22 56 -3 
n 0.64 0.63 0.55 0.22 0.56 57 -2 
n 0.85 0.76 0.29 0.71 0.47 60 -1 
n 0.19 0.9 0.43 0.13 0.21 62 -6 
n 0.64 0.51 0.69 0.58 0.83 52 -8 
n 0.86 0.15 0.63 0.53 0.57 52 -8 
n 0.5 0.37 0.9 0.74 0.1 53 -6 
n 0.74 0.77 0.68 0.23 0.34 54 -6 
n 0.63 0.79 0.71 0.32 0.18 55 -7 
n 0.39 0.35 0.31 0.78 0.19 64 -22 
n 0.81 0.12 0.86 0.37 0.73 64 -51 
n 0.81 0.55 0.25 0.4 0.65 76 -68 
n 0.75 0.79 0.67 0.48 0.18 70 23 
n 0.36 0.65 0.25 0.44 0.12 68 17 
n 0.85 0.8 0.89 0.87 0.78 65 25 
n 0.23 0.37 0.47 0.32 0.82 61 23 
n 0.59 0.88 0.43 0.57 0.12 60 22 
n 0.83 0.68 0.74 0.43 0.43 60 25 
n 0.38 0.36 0.31 0.31 0.39 63 10 
n 0.54 0.57 0.4 0.14 0.83 60 5 
n 0.73 0.43 0.3 0.71 0.14 59 5 
n 0.76 0.65 0.54 0.71 0.5 60 10 
n 0.82 0.75 0.82 0.32 0.58 57 12 
n 0.41 0.43 0.65 0.69 0.72 55 13 
n 0.45 0.7 0.16 0.15 0.46 58 15 
n 0.23 0.65 0.4 0.33 0.32 59 18 
n 0.65 0.63 0.64 0.1 0.19 57 18 
n 0.67 0.16 0.49 0.32 0.65 56 10 
n 0.51 0.27 0.23 0.2 0.14 55 10 
n 0.82 0.21 0.22 0.53 0.31 55 12 
n 0.52 0.55 0.87 0.29 0.77 53 8 
n 0.12 0.55 0.52 0.71 0.14 53 10 
n 0.68 0.6 0.37 0.66 0.13 54 10 
n 0.56 0.24 0.45 0.55 0.14 54 12 
n 0.5 0.38 0.11 0.32 0.38 52 7 
n 0.23 0.26 0.2 0.32 0.59 52 9 
n 0.84 0.6 0.63 0.38 0.55 52 11 
n 0.48 0.83 0.78 0.19 0.71 52 13 
n 0.7 0.43 0.55 0.31 0.71 50 6 
n 0.55 0.75 0.52 0.53 0.83 50 7 
n 0.49 0.38 0.55 0.29 0.17 51 7 
n 0.55 0.75 0.38 0.13 0.62 51 6 
n 0.13 0.83 0.79 0.42 0.78 51 7 
n 0.2 0.22 0.73 0.62 0.67 51 7 
n 0.8 0.37 0.23 0.83 0.8 51 7 
n 0.44 0.32 0.51 0.47 0.72 51 7 
n 0.28 0.76 0.17 0.31 0.68 51 7 
n 0.63 0.7 0.81 0.36 0.49 51 9 
n 0.62 0.77 0.3 0.1 0.64 51 11 
n 0.7 0.15 0.6 0.33 0.87 51 12 
n 0.44 0.35 0.23 0.74 0.51 51 12 
n 0.22 0.56 0.41 0.13 0.16 50 13 
n 0.75 0.17 0.37 0.14 0.63 51 13 
n 0.42 0.23 0.44 0.5 0.31 49 7 
n 0.27 0.24 0.23 0.55 0.73 50 8 
n 0.15 0.15 0.74 0.11 0.77 49 8 
n 0.53 0.29 0.69 0.82 0.72 49 10 
n 0.51 0.49 0.23 0.74 0.79 49 11 
n 0.46 0.86 0.33 0.33 0.56 49 8 
n 0.57 0.9 0.13 0.25 0.19 48 9 
n 0.54 0.31 0.31 0.89 0.3 49 12 
n 0.73 0.54 0.12 0.56 0.18 48 11 
n 0.12 0.67 0.22 0.32 0.27 46 6 
n 0.67 0.86 0.66 0.46 0.8 46 6 
n 0.68 0.68 0.43 0.72 0.69 47 7 
n 0.5 0.78 0.47 0.75 0.65 47 7 
n 0.43 0.67 0.33 0.12 0.63 47 8 
n 0.66 0.67 0.29 0.56 0.57 47 11 
n 0.16 0.81 0.58 0.44 0.16 47 13 
n 0.31 0.34 0.74 0.22 0.59 48 14 
n 0.16 0.35 0.76 0.53 0.61 48 16 
n 0.42 0.42 0.34 0.21 0.69 47 15 
n 0.83 0.31 0.62 0.48 0.84 45 7 
n 0.28 0.16 0.62 0.45 0.13 45 9 
n 0.83 0.53 0.21 0.18 0.3 45 11 
n 0.11 0.75 0.81 0.61 0.9 45 12 
n 0.27 0.87 0.33 0.7 0.88 45 13 
n 0.84 0.39 0.22 0.23 0.58 44 9 
n 0.83 0.85 0.84 0.46 0.51 44 11 
n 0.27 0.66 0.14 0.44 0.81 43 11 
n 0.79 0.57 0.39 0.72 0.38 44 12 
n 0.49 0.46 0.25 0.63 0.41 39 9 
n 0.76 0.8 0.4 0.56 0.79 42 12 
n 0.75 0.75 0.69 0.56 0.51 41 14 
n 0.56 0.77 0.31 0.32 0.67 41 15 
n 0.66 0.72 0.61 0.77 0.41 41 17 
n 0.25 0.47 0.42 0.8 0.75 40 17 
n 0.55 0.39 0.14 0.36 0.21 38 15 
n 0.35 0.46 0.53 0.14 0.51 37 15 
n 0.78 0.22 0.44 0.31 0.36 38 13 
n 0.42 0.57 0.86 0.14 0.6 36 14 
n 0.74 0.6 0.62 0.13 0.89 53 14 
n 0.74 0.5 0.32 0.16 0.49 54 18 
n 0.82 0.74 0.77 0.86 0.36 53 18 
n 0.67 0.28 0.61 0.25 0.58 52 17 
n 0.63 0.43 0.48 0.76 0.66 51 19 
n 0.34 0.59 0.47 0.4 0.22 52 21 
n 0.72 0.22 0.21 0.29 0.34 53 23 
n 0.57 0.59 0.19 0.41 0.26 51 17 
n 0.81 0.33 0.71 0.47 0.45 50 19 
n 0.72 0.85 0.63 0.83 0.84 50 20 
n 0.65 0.77 0.15 0.31 0.76 51 22 
n 0.85 0.14 0.36 0.22 0.77 49 13 
n 0.25 0.46 0.53 0.17 0.13 50 14 
n 0.16 0.29 0.86 0.32 0.25 50 18 
n 0.58 0.34 0.17 0.18 0.12 49 16 
n 0.62 0.68 0.22 0.83 0.13 48 17 
n 0.83 0.75 0.28 0.46 0.59 48 21 
n 0.6 0.75 0.52 0.38 0.56 47 19 
n 0.37 0.74 0.11 0.8 0.4 47 21 
n 0.76 0.26 0.17 0.49 0.89 46 18 
n 0.8 0.34 0.37 0.62 0.14 46 20 
n 0.25 0.34 0.13 0.24 0.12 45 21 
n 0.87 0.18 0.51 0.43 0.43 46 23 
n 0.29 0.48 0.31 0.83 0.87 47 27 
n 0.8 0.15 0.29 0.24 0.68 45 24 
n 0.23 0.86 0.28 0.59 0.85 45 25 
n 0.84 0.87 0.59 0.37 0.13 44 26 
n 0.47 0.55 0.11 0.31 0.39 44 28 
n 0.5 0.72 0.25 0.76 0.25 46 14 
n 0.45 0.25 0.51 0.63 0.3 45 14 
n 0.72 0.55 0.18 0.21 0.55 45 16 
n 0.2 0.14 0.11 0.66 0.62 43 16 
n 0.46 0.45 0.59 0.41 0.44 44 18 
n 0.47 0.27 0.78 0.84 0.88 44 20 
n 0.69 0.58 0.22 0.38 0.25 42 18 
n 0.13 0.5 0.76 0.86 0.52 42 21 
n 0.75 0.32 0.83 0.87 0.15 41 20 
n 0.8 0.27 0.29 0.59 0.47 42 23 
n 0.65 0.88 0.14 0.13 0.82 42 24 
n 0.2 0.63 0.84 0.25 0.3 43 28 
n 0.12 0.2 0.81 0.64 0.51 42 27 
n 0.48 0.3 0.44 0.55 0.18 39 20 
n 0.81 0.2 0.68 0.53 0.71 40 23 
n 0.14 0.18 0.72 0.52 0.39 38 21 
n 0.1 0.22 0.35 0.24 0.61 38 23 
n 0.37 0.1 0.63 0.88 0.41 35 25 
n 0.73 0.16 0.55 0.85 0.36 35 33 
