t 229 5 4
n 0.4 0.15 0.87 0.58 69 33 
n 0.31 0.13 0.52 0.72 64 40 
n 0.25 0.78 0.85 0.84 60 30 
n 0.72 0.58 0.14 0.59 59 24 
n 0.41 0.46 0.66 0.42 57 24 
n 0.61 0.24 0.87 0.74 54 20 
n 0.77 0.71 0.68 0.86 54 25 
n 0.74 0.25 0.6 0.84 54 27 
n 0.39 0.31 0.78 0.16 50 24 
n 0.16 0.24 0.58 0.34 50 30 
n 0.23 0.71 0.27 0.1 46 30 
n 0.39 0.81 0.28 0.29 55 37 
n 0.64 0.33 0.39 0.86 56 44 
n 0.59 0.86 0.65 0.84 55 49 
n 0.69 0.33 0.88 0.14 53 50 
n 0.59 0.47 0.78 0.75 51 39 
n 0.68 0.42 0.21 0.43 50 36 
n 0.69 0.51 0.75 0.22 48 35 
n 0.15 0.43 0.32 0.76 44 33 
n 0.44 0.72 0.73 0.29 47 39 
n 0.21 0.81 0.32 0.47 48 44 
n 0.83 0.14 0.68 0.9 46 48 
n 0.21 0.2 0.69 0.2 41 44 
n 0.85 0.78 0.62 0.59 40 44 
n 0.55 0.14 0.37 0.55 40 50 
n 0.56 0.58 0.65 0.4 58 56 
n 0.43 0.73 0.62 0.13 57 60 
n 0.8 0.58 0.76 0.58 67 64 
n 0.58 0.73 0.57 0.73 69 88 
n 0.25 0.74 0.17 0.47 55 73 
n 0.42 0.55 0.53 0.84 55 83 
n 0.42 0.59 0.84 0.32 56 92 
n 0.72 0.9 0.39 0.54 50 73 
n 0.17 0.2 0.31 0.56 43 77 
n 0.7 0.77 0.59 0.21 41 69 
n 0.78 0.76 0.21 0.19 39 66 
n 0.77 0.71 0.39 0.78 38 68 
n 0.53 0.53 0.3 0.13 43 87 
n 0.37 0.17 0.4 0.62 52 104 
n 0.71 0.33 0.74 0.3 48 107 
n 0.12 0.15 0.72 0.44 52 113 
n 0.56 0.76 0.7 0.68 62 129 
n 0.52 0.37 0.6 0.61 64 177 
n 0.17 0.36 0.26 0.4 53 158 
n 0.57 0.74 0.62 0.85 59 150 
n 0.42 0.33 0.65 0.28 50 127 
n 0.44 0.1 0.26 0.59 50 137 
n 0.28 0.26 0.26 0.26 48 135 
n 0.45 0.8 0.63 0.84 47 142 
n 0.75 0.44 0.3 0.89 43 132 
n 0.43 0.36 0.13 0.88 41 29 
n 0.8 0.31 0.76 0.66 38 27 
n 0.38 0.71 0.35 0.2 40 33 
n 0.41 0.26 0.56 0.83 38 35 
n 0.72 0.69 0.55 0.79 39 37 
n 0.59 0.51 0.23 0.45 40 41 
n 0.81 0.86 0.42 0.72 38 40 
n 0.87 0.41 0.69 0.51 37 35 
n 0.23 0.41 0.17 0.71 36 37 
n 0.37 0.24 0.54 0.58 34 36 
n 0.36 0.12 0.27 0.17 33 36 
n 0.76 0.12 0.3 0.68 34 35 
n 0.11 0.5 0.72 0.53 32 36 
n 0.33 0.8 0.83 0.46 32 35 
n 0.66 0.32 0.75 0.45 32 34 
n 0.67 0.81 0.13 0.41 31 35 
n 0.5 0.38 0.16 0.65 24 39 
n 0.58 0.24 0.38 0.79 21 39 
n 0.16 0.4 0.83 0.84 21 39 
n 0.43 0.72 0.18 0.26 15 44 
n 0.54 0.75 0.24 0.37 14 43 
n 0.14 0.27 0.7 0.19 12 45 
n 0.79 0.82 0.18 0.89 14 49 
n 0.34 0.8 0.84 0.31 23 58 
n 0.69 0.85 0.6 0.63 25 55 
n 0.84 0.87 0.23 0.44 25 51 
n 0.56 0.74 0.44 0.17 26 50 
n 0.54 0.13 0.32 0.11 24 46 
n 0.3 0.15 0.65 0.32 29 48 
n 0.48 0.55 0.8 0.79 30 47 
n 0.78 0.6 0.77 0.62 33 44 
n 0.39 0.54 0.22 0.1 35 44 
n 0.37 0.72 0.87 0.61 36 43 
n 0.55 0.33 0.46 0.28 38 46 
n 0.76 0.35 0.76 0.4 37 49 
n 0.62 0.38 0.83 0.61 35 51 
n 0.21 0.38 0.58 0.76 34 47 
n 0.62 0.71 0.88 0.39 30 48 
n 0.78 0.33 0.71 0.55 32 51 
n 0.51 0.48 0.52 0.25 29 52 
n 0.88 0.62 0.75 0.71 30 57 
n 0.84 0.19 0.4 0.85 36 59 
n 0.34 0.4 0.24 0.89 34 62 
n 0.22 0.88 0.43 0.27 31 65 
n 0.23 0.38 0.32 0.87 34 69 
n 0.82 0.35 0.62 0.18 33 73 
n 0.52 0.67 0.43 0.11 31 74 
n 0.24 0.65 0.15 0.21 31 73 
n 0.16 0.56 0.33 0.8 30 71 
n 0.83 0.42 0.72 0.8 30 67 
n 0.16 0.74 0.32 0.47 27 69 
n 0.29 0.53 0.52 0.83 25 68 
n 0.3 0.77 0.66 0.36 25 67 
n 0.14 0.79 0.6 0.49 30 78 
n 0.44 0.26 0.5 0.59 28 77 
n 0.86 0.34 0.45 0.79 26 73 
n 0.65 0.77 0.31 0.59 27 75 
n 0.37 0.71 0.25 0.21 26 80 
n 0.17 0.52 0.25 0.15 25 83 
n 0.19 0.1 0.57 0.87 25 85 
n 0.54 0.56 0.62 0.18 22 88 
n 0.23 0.83 0.17 0.73 23 72 
n 0.41 0.88 0.34 0.22 21 79 
n 0.84 0.22 0.23 0.15 20 86 
n 0.64 0.24 0.74 0.79 19 72 
n 0.31 0.13 0.53 0.48 17 78 
n 0.81 0.23 0.3 0.23 17 83 
n 0.74 0.52 0.81 0.62 15 75 
n 0.33 0.2 0.47 0.69 13 77 
n 0.6 0.22 0.45 0.4 13 80 
n 0.26 0.23 0.5 0.2 10 78 
n 0.85 0.67 0.72 0.84 10 78 
n 0.81 0.44 0.86 0.53 7 80 
n 0.15 0.18 0.62 0.61 27 85 
n 0.32 0.25 0.55 0.57 27 89 
n 0.32 0.84 0.79 0.24 23 90 
n 0.82 0.23 0.1 0.19 22 92 
n 0.9 0.55 0.51 0.24 22 96 
n 0.56 0.77 0.65 0.2 16 96 
n 0.67 0.56 0.53 0.76 18 99 
n 0.49 0.44 0.67 0.79 20 102 
n 0.3 0.19 0.72 0.31 18 102 
n 0.58 0.73 0.19 0.86 21 106 
n 0.4 0.14 0.86 0.26 16 107 
n 0.13 0.25 0.69 0.49 16 108 
n 0.49 0.67 0.24 0.34 10 106 
n 0.63 0.77 0.57 0.4 11 105 
n 0.72 0.42 0.89 0.85 13 100 
n 0.4 0.11 0.58 0.8 5 100 
n 0.77 0.18 0.19 0.39 3 101 
n 0.68 0.26 0.13 0.48 1 104 
n 0.59 0.42 0.4 0.7 3 98 
n 0.79 0.52 0.32 0.74 -1 100 
n 0.65 0.26 0.64 0.22 -3 104 
n 0.41 0.3 0.13 0.27 -6 106 
n 0.65 0.64 0.61 0.42 -7 107 
n 0.33 0.17 0.38 0.27 -7 110 
n 0.57 0.36 0.51 0.43 -7 112 
n 0.26 0.24 0.76 0.78 -8 115 
n 0.63 0.11 0.28 0.15 -10 123 
n 0.29 0.48 0.46 0.78 -3 114 
n 0.79 0.72 0.11 0.23 1 110 
n 0.43 0.88 0.38 0.39 5 115 
n 0.89 0.32 0.4 0.19 -0 117 
n 0.28 0.86 0.18 0.2 -5 119 
n 0.8 0.64 0.81 0.73 1 125 
n 0.27 0.21 0.84 0.45 -3 128 
n 0.64 0.88 0.61 0.73 -5 132 
n 0.55 0.23 0.23 0.41 7 125 
n 0.19 0.86 0.26 0.43 10 124 
n 0.18 0.6 0.16 0.61 10 122 
n 0.14 0.77 0.57 0.63 14 121 
n 0.37 0.17 0.46 0.19 22 114 
n 0.23 0.83 0.67 0.85 22 120 
n 0.71 0.46 0.39 0.67 25 121 
n 0.79 0.67 0.18 0.42 29 91 
n 0.66 0.57 0.76 0.14 36 103 
n 0.36 0.32 0.85 0.75 34 109 
n 0.35 0.33 0.89 0.46 30 104 
n 0.62 0.81 0.89 0.72 29 106 
n 0.11 0.89 0.22 0.34 25 102 
n 0.73 0.19 0.79 0.11 23 113 
n 0.76 0.6 0.52 0.56 26 119 
n 0.51 0.8 0.13 0.56 30 114 
n 0.19 0.62 0.81 0.74 32 118 
n 0.35 0.29 0.62 0.75 31 121 
n 0.71 0.88 0.86 0.69 34 113 
n 0.75 0.4 0.65 0.58 36 120 
n 0.79 0.62 0.71 0.45 38 112 
n 0.87 0.21 0.42 0.28 39 117 
n 0.45 0.54 0.26 0.37 40 116 
n 0.52 0.2 0.71 0.72 39 121 
n 0.5 0.32 0.76 0.7 41 123 
n 0.55 0.77 0.62 0.34 45 126 
n 0.63 0.5 0.11 0.31 39 125 
n 0.44 0.14 0.41 0.41 37 127 
n 0.35 0.84 0.28 0.61 35 129 
n 0.34 0.55 0.65 0.7 43 141 
n 0.9 0.55 0.42 0.22 39 140 
n 0.6 0.64 0.68 0.41 38 141 
n 0.66 0.27 0.22 0.74 35 139 
n 0.34 0.32 0.22 0.38 35 137 
n 0.56 0.82 0.41 0.72 36 136 
n 0.87 0.1 0.21 0.87 35 135 
n 0.33 0.28 0.29 0.39 34 135 
n 0.25 0.53 0.16 0.83 34 132 
n 0.16 0.53 0.68 0.28 32 130 
n 0.63 0.26 0.34 0.56 31 130 
n 0.47 0.15 0.56 0.6 26 127 
n 0.6 0.73 0.74 0.71 13 144 
n 0.76 0.69 0.26 0.18 -2 140 
n 0.63 0.41 0.7 0.19 -4 152 
n 0.83 0.76 0.39 0.7 -9 147 
n 0.21 0.73 0.47 0.1 -12 130 
n 0.87 0.5 0.85 0.83 -32 116 
n 0.37 0.54 0.78 0.78 -35 138 
n 0.37 0.69 0.85 0.11 -37 145 
n 0.44 0.6 0.74 0.56 -43 147 
n 0.2 0.51 0.42 0.6 -34 151 
n 0.71 0.34 0.5 0.82 -27 153 
n 0.51 0.29 0.17 0.58 -19 146 
n 0.86 0.83 0.87 0.51 -23 134 
n 0.19 0.3 0.42 0.14 -46 170 
n 0.18 0.84 0.76 0.29 -43 172 
n 0.75 0.68 0.61 0.41 -41 174 
n 0.72 0.66 0.21 0.46 -37 174 
n 0.3 0.31 0.2 0.22 -21 -175 
n 0.27 0.4 0.41 0.25 -14 -170 
n 0.42 0.53 0.23 0.81 -18 178 
n 0.66 0.44 0.79 0.82 -22 166 
n 0.11 0.42 0.23 0.7 -9 160 
n 0.51 0.19 0.52 0.41 -0 167 
n 0.14 0.43 0.48 0.19 11 165 
n 0.76 0.31 0.51 0.6 21 -158 
n 0.47 0.47 0.11 0.11 2 -157 
n 0.14 0.23 0.73 0.61 -9 -139 
n 0.18 0.72 0.17 0.32 -17 -149 
n 0.16 0.34 0.85 0.88 -25 -130 
n 0.31 0.62 0.55 0.46 -27 -109 
