t 229 10 3
n 0.81 0.61 0.33 69 33 
n 0.26 0.19 0.8 64 40 
n 0.61 0.29 0.68 60 30 
n 0.85 0.34 0.59 59 24 
n 0.83 0.14 0.46 57 24 
n 0.82 0.59 0.46 54 20 
n 0.35 0.41 0.74 54 25 
n 0.56 0.42 0.32 54 27 
n 0.48 0.85 0.8 50 24 
n 0.89 0.61 0.89 50 30 
n 0.62 0.54 0.78 46 30 
n 0.32 0.82 0.3 55 37 
n 0.83 0.87 0.34 56 44 
n 0.76 0.48 0.6 55 49 
n 0.23 0.31 0.17 53 50 
n 0.73 0.34 0.83 51 39 
n 0.18 0.19 0.3 50 36 
n 0.41 0.47 0.26 48 35 
n 0.72 0.86 0.3 44 33 
n 0.49 0.3 0.37 47 39 
n 0.55 0.67 0.36 48 44 
n 0.83 0.11 0.19 46 48 
n 0.31 0.67 0.72 41 44 
n 0.14 0.27 0.17 40 44 
n 0.2 0.17 0.38 40 50 
n 0.37 0.42 0.27 58 56 
n 0.67 0.57 0.53 57 60 
n 0.85 0.89 0.72 67 64 
n 0.74 0.85 0.32 69 88 
n 0.84 0.51 0.9 55 73 
n 0.3 0.73 0.76 55 83 
n 0.17 0.87 0.36 56 92 
n 0.59 0.89 0.7 50 73 
n 0.76 0.32 0.29 43 77 
n 0.58 0.82 0.47 41 69 
n 0.74 0.17 0.75 39 66 
n 0.88 0.73 0.9 38 68 
n 0.64 0.49 0.89 43 87 
n 0.27 0.34 0.44 52 104 
n 0.41 0.75 0.82 48 107 
n 0.34 0.38 0.31 52 113 
n 0.2 0.52 0.35 62 129 
n 0.4 0.28 0.66 64 177 
n 0.19 0.76 0.56 53 158 
n 0.77 0.63 0.86 59 150 
n 0.12 0.58 0.86 50 127 
n 0.27 0.22 0.8 50 137 
n 0.25 0.3 0.14 48 135 
n 0.26 0.57 0.48 47 142 
n 0.69 0.19 0.62 43 132 
n 0.17 0.26 0.39 41 29 
n 0.56 0.52 0.85 38 27 
n 0.42 0.16 0.77 40 33 
n 0.53 0.62 0.58 38 35 
n 0.79 0.56 0.18 39 37 
n 0.56 0.62 0.22 40 41 
n 0.85 0.25 0.63 38 40 
n 0.11 0.29 0.31 37 35 
n 0.45 0.34 0.18 36 37 
n 0.46 0.83 0.31 34 36 
n 0.23 0.42 0.65 33 36 
n 0.83 0.4 0.24 34 35 
n 0.71 0.14 0.82 32 36 
n 0.68 0.4 0.53 32 35 
n 0.44 0.75 0.11 32 34 
n 0.54 0.5 0.36 31 35 
n 0.88 0.55 0.85 24 39 
n 0.66 0.32 0.78 21 39 
n 0.15 0.28 0.43 21 39 
n 0.74 0.33 0.86 15 44 
n 0.43 0.71 0.25 14 43 
n 0.82 0.29 0.79 12 45 
n 0.29 0.12 0.84 14 49 
n 0.29 0.87 0.33 23 58 
n 0.27 0.83 0.84 25 55 
n 0.11 0.42 0.66 25 51 
n 0.66 0.86 0.64 26 50 
n 0.71 0.31 0.69 24 46 
n 0.28 0.65 0.27 29 48 
n 0.78 0.7 0.7 30 47 
n 0.35 0.7 0.6 33 44 
n 0.11 0.41 0.12 35 44 
n 0.1 0.29 0.77 36 43 
n 0.8 0.65 0.66 38 46 
n 0.54 0.34 0.71 37 49 
n 0.52 0.72 0.15 35 51 
n 0.54 0.27 0.13 34 47 
n 0.43 0.11 0.16 30 48 
n 0.5 0.76 0.1 32 51 
n 0.89 0.23 0.17 29 52 
n 0.3 0.11 0.79 30 57 
n 0.47 0.27 0.5 36 59 
n 0.59 0.72 0.17 34 62 
n 0.48 0.87 0.43 31 65 
n 0.18 0.63 0.48 34 69 
n 0.89 0.41 0.42 33 73 
n 0.82 0.89 0.73 31 74 
n 0.81 0.26 0.74 31 73 
n 0.67 0.75 0.59 30 71 
n 0.56 0.78 0.13 30 67 
n 0.45 0.88 0.82 27 69 
n 0.6 0.87 0.15 25 68 
n 0.41 0.69 0.76 25 67 
n 0.68 0.33 0.63 30 78 
n 0.72 0.54 0.14 28 77 
n 0.61 0.9 0.11 26 73 
n 0.25 0.58 0.1 27 75 
n 0.6 0.28 0.55 26 80 
n 0.37 0.52 0.42 25 83 
n 0.67 0.16 0.21 25 85 
n 0.41 0.86 0.75 22 88 
n 0.27 0.73 0.56 23 72 
n 0.81 0.24 0.57 21 79 
n 0.41 0.53 0.49 20 86 
n 0.34 0.69 0.55 19 72 
n 0.53 0.35 0.5 17 78 
n 0.11 0.81 0.54 17 83 
n 0.62 0.5 0.25 15 75 
n 0.25 0.87 0.21 13 77 
n 0.7 0.32 0.41 13 80 
n 0.12 0.71 0.82 10 78 
n 0.7 0.55 0.18 10 78 
n 0.49 0.39 0.57 7 80 
n 0.87 0.1 0.73 27 85 
n 0.51 0.9 0.6 27 89 
n 0.22 0.83 0.56 23 90 
n 0.31 0.59 0.55 22 92 
n 0.84 0.7 0.46 22 96 
n 0.16 0.12 0.24 16 96 
n 0.73 0.85 0.85 18 99 
n 0.44 0.45 0.18 20 102 
n 0.73 0.2 0.76 18 102 
n 0.47 0.7 0.8 21 106 
n 0.83 0.35 0.5 16 107 
n 0.78 0.5 0.6 16 108 
n 0.39 0.26 0.38 10 106 
n 0.66 0.44 0.55 11 105 
n 0.38 0.81 0.85 13 100 
n 0.77 0.74 0.18 5 100 
n 0.82 0.88 0.87 3 101 
n 0.87 0.51 0.48 1 104 
n 0.54 0.29 0.47 3 98 
n 0.87 0.19 0.71 -1 100 
n 0.23 0.15 0.61 -3 104 
n 0.62 0.68 0.79 -6 106 
n 0.35 0.82 0.72 -7 107 
n 0.71 0.42 0.46 -7 110 
n 0.33 0.61 0.21 -7 112 
n 0.64 0.66 0.52 -8 115 
n 0.77 0.31 0.48 -10 123 
n 0.43 0.51 0.72 -3 114 
n 0.32 0.84 0.85 1 110 
n 0.88 0.38 0.29 5 115 
n 0.27 0.73 0.61 -0 117 
n 0.41 0.62 0.59 -5 119 
n 0.77 0.41 0.54 1 125 
n 0.24 0.71 0.19 -3 128 
n 0.84 0.27 0.18 -5 132 
n 0.77 0.19 0.52 7 125 
n 0.4 0.46 0.3 10 124 
n 0.56 0.14 0.58 10 122 
n 0.11 0.51 0.8 14 121 
n 0.19 0.39 0.57 22 114 
n 0.7 0.62 0.45 22 120 
n 0.45 0.44 0.66 25 121 
n 0.68 0.7 0.37 29 91 
n 0.53 0.49 0.48 36 103 
n 0.34 0.49 0.86 34 109 
n 0.38 0.11 0.8 30 104 
n 0.41 0.86 0.76 29 106 
n 0.49 0.21 0.24 25 102 
n 0.6 0.16 0.33 23 113 
n 0.16 0.23 0.68 26 119 
n 0.72 0.89 0.5 30 114 
n 0.34 0.73 0.32 32 118 
n 0.12 0.72 0.83 31 121 
n 0.3 0.9 0.14 34 113 
n 0.16 0.76 0.86 36 120 
n 0.46 0.28 0.21 38 112 
n 0.88 0.71 0.72 39 117 
n 0.62 0.65 0.52 40 116 
n 0.21 0.16 0.27 39 121 
n 0.69 0.2 0.7 41 123 
n 0.85 0.58 0.18 45 126 
n 0.15 0.27 0.64 39 125 
n 0.31 0.16 0.65 37 127 
n 0.23 0.82 0.42 35 129 
n 0.13 0.83 0.13 43 141 
n 0.37 0.36 0.47 39 140 
n 0.5 0.3 0.39 38 141 
n 0.45 0.5 0.3 35 139 
n 0.71 0.13 0.83 35 137 
n 0.41 0.65 0.72 36 136 
n 0.78 0.29 0.63 35 135 
n 0.85 0.52 0.51 34 135 
n 0.74 0.24 0.49 34 132 
n 0.4 0.73 0.16 32 130 
n 0.76 0.1 0.86 31 130 
n 0.47 0.34 0.49 26 127 
n 0.49 0.53 0.33 13 144 
n 0.55 0.23 0.42 -2 140 
n 0.11 0.67 0.41 -4 152 
n 0.35 0.58 0.12 -9 147 
n 0.22 0.5 0.14 -12 130 
n 0.26 0.31 0.25 -32 116 
n 0.68 0.2 0.64 -35 138 
n 0.44 0.44 0.11 -37 145 
n 0.44 0.76 0.44 -43 147 
n 0.21 0.21 0.19 -34 151 
n 0.66 0.7 0.42 -27 153 
n 0.67 0.22 0.78 -19 146 
n 0.5 0.87 0.22 -23 134 
n 0.57 0.62 0.4 -46 170 
n 0.51 0.59 0.11 -43 172 
n 0.8 0.87 0.49 -41 174 
n 0.69 0.76 0.28 -37 174 
n 0.28 0.61 0.39 -21 -175 
n 0.64 0.56 0.89 -14 -170 
n 0.4 0.62 0.13 -18 178 
n 0.29 0.52 0.59 -22 166 
n 0.65 0.26 0.52 -9 160 
n 0.63 0.42 0.87 -0 167 
n 0.36 0.64 0.39 11 165 
n 0.11 0.54 0.55 21 -158 
n 0.66 0.52 0.33 2 -157 
n 0.72 0.29 0.8 -9 -139 
n 0.64 0.42 0.45 -17 -149 
n 0.46 0.16 0.31 -25 -130 
n 0.86 0.36 0.52 -27 -109 
