t 229 10 5
n 0.82 0.23 0.18 0.41 0.88 69 33 
n 0.32 0.52 0.41 0.59 0.61 64 40 
n 0.7 0.65 0.37 0.11 0.28 60 30 
n 0.57 0.76 0.87 0.23 0.72 59 24 
n 0.69 0.51 0.78 0.57 0.83 57 24 
n 0.16 0.81 0.54 0.51 0.87 54 20 
n 0.86 0.78 0.59 0.15 0.4 54 25 
n 0.26 0.38 0.74 0.68 0.56 54 27 
n 0.78 0.61 0.5 0.68 0.64 50 24 
n 0.72 0.86 0.26 0.14 0.73 50 30 
n 0.25 0.12 0.54 0.15 0.13 46 30 
n 0.42 0.15 0.89 0.59 0.37 55 37 
n 0.59 0.78 0.14 0.42 0.38 56 44 
n 0.12 0.3 0.72 0.74 0.65 55 49 
n 0.12 0.21 0.12 0.88 0.32 53 50 
n 0.73 0.17 0.7 0.84 0.34 51 39 
n 0.69 0.22 0.64 0.63 0.55 50 36 
n 0.22 0.56 0.85 0.76 0.29 48 35 
n 0.71 0.47 0.19 0.9 0.43 44 33 
n 0.13 0.21 0.64 0.51 0.69 47 39 
n 0.58 0.83 0.86 0.15 0.63 48 44 
n 0.53 0.57 0.5 0.37 0.9 46 48 
n 0.74 0.1 0.74 0.77 0.68 41 44 
n 0.23 0.34 0.63 0.79 0.71 40 44 
n 0.32 0.18 0.39 0.35 0.31 40 50 
n 0.78 0.19 0.81 0.12 0.86 58 56 
n 0.37 0.73 0.81 0.55 0.25 57 60 
n 0.4 0.65 0.75 0.79 0.67 67 64 
n 0.48 0.18 0.36 0.65 0.25 69 88 
n 0.44 0.12 0.85 0.8 0.89 55 73 
n 0.87 0.78 0.23 0.37 0.47 55 83 
n 0.32 0.82 0.59 0.88 0.43 56 92 
n 0.57 0.12 0.83 0.68 0.74 50 73 
n 0.43 0.43 0.38 0.36 0.31 43 77 
n 0.31 0.39 0.54 0.57 0.4 41 69 
n 0.14 0.83 0.73 0.43 0.3 39 66 
n 0.71 0.14 0.76 0.65 0.54 38 68 
n 0.71 0.5 0.82 0.75 0.82 43 87 
n 0.32 0.58 0.41 0.43 0.65 52 104 
n 0.69 0.72 0.45 0.7 0.16 48 107 
n 0.15 0.46 0.23 0.65 0.4 52 113 
n 0.33 0.32 0.65 0.63 0.64 62 129 
n 0.1 0.19 0.67 0.16 0.49 64 177 
n 0.32 0.65 0.51 0.27 0.23 53 158 
n 0.2 0.14 0.82 0.21 0.22 59 150 
n 0.53 0.31 0.52 0.55 0.87 50 127 
n 0.29 0.77 0.12 0.55 0.52 50 137 
n 0.71 0.14 0.68 0.6 0.37 48 135 
n 0.66 0.13 0.56 0.24 0.45 47 142 
n 0.55 0.14 0.5 0.38 0.11 43 132 
n 0.32 0.38 0.23 0.26 0.2 41 29 
n 0.32 0.59 0.84 0.6 0.63 38 27 
n 0.38 0.55 0.48 0.83 0.78 40 33 
n 0.19 0.71 0.7 0.43 0.55 38 35 
n 0.31 0.71 0.55 0.75 0.52 39 37 
n 0.53 0.83 0.49 0.38 0.55 40 41 
n 0.29 0.17 0.55 0.75 0.38 38 40 
n 0.13 0.62 0.13 0.83 0.79 37 35 
n 0.42 0.78 0.2 0.22 0.73 36 37 
n 0.62 0.67 0.8 0.37 0.23 34 36 
n 0.83 0.8 0.44 0.32 0.51 33 36 
n 0.47 0.72 0.28 0.76 0.17 34 35 
n 0.31 0.68 0.63 0.7 0.81 32 36 
n 0.36 0.49 0.62 0.77 0.3 32 35 
n 0.1 0.64 0.7 0.15 0.6 32 34 
n 0.33 0.87 0.44 0.35 0.23 31 35 
n 0.74 0.51 0.22 0.56 0.41 24 39 
n 0.13 0.16 0.75 0.17 0.37 21 39 
n 0.14 0.63 0.42 0.23 0.44 21 39 
n 0.5 0.31 0.27 0.24 0.23 15 44 
n 0.55 0.73 0.15 0.15 0.74 14 43 
n 0.11 0.77 0.53 0.29 0.69 12 45 
n 0.82 0.72 0.51 0.49 0.23 14 49 
n 0.74 0.79 0.46 0.86 0.33 23 58 
n 0.33 0.56 0.57 0.9 0.13 25 55 
n 0.25 0.19 0.54 0.31 0.31 25 51 
n 0.89 0.3 0.73 0.54 0.12 26 50 
n 0.56 0.18 0.12 0.67 0.22 24 46 
n 0.32 0.27 0.67 0.86 0.66 29 48 
n 0.46 0.8 0.68 0.68 0.43 30 47 
n 0.72 0.69 0.5 0.78 0.47 33 44 
n 0.75 0.65 0.43 0.67 0.33 35 44 
n 0.12 0.63 0.66 0.67 0.29 36 43 
n 0.56 0.57 0.16 0.81 0.58 38 46 
n 0.44 0.16 0.31 0.34 0.74 37 49 
n 0.22 0.59 0.16 0.35 0.76 35 51 
n 0.53 0.61 0.42 0.42 0.34 34 47 
n 0.21 0.69 0.83 0.31 0.62 30 48 
n 0.48 0.84 0.28 0.16 0.62 32 51 
n 0.45 0.13 0.83 0.53 0.21 29 52 
n 0.18 0.3 0.11 0.75 0.81 30 57 
n 0.61 0.9 0.27 0.87 0.33 36 59 
n 0.7 0.88 0.84 0.39 0.22 34 62 
n 0.23 0.58 0.83 0.85 0.84 31 65 
n 0.46 0.51 0.27 0.66 0.14 34 69 
n 0.44 0.81 0.79 0.57 0.39 33 73 
n 0.72 0.38 0.49 0.46 0.25 31 74 
n 0.63 0.41 0.76 0.8 0.4 31 73 
n 0.56 0.79 0.75 0.75 0.69 30 71 
n 0.56 0.51 0.56 0.77 0.31 30 67 
n 0.32 0.67 0.66 0.72 0.61 27 69 
n 0.77 0.41 0.25 0.47 0.42 25 68 
n 0.8 0.75 0.55 0.39 0.14 25 67 
n 0.36 0.21 0.35 0.46 0.53 30 78 
n 0.14 0.51 0.78 0.22 0.44 28 77 
n 0.31 0.36 0.42 0.57 0.86 26 73 
n 0.14 0.6 0.74 0.6 0.62 27 75 
n 0.13 0.89 0.74 0.5 0.32 26 80 
n 0.16 0.49 0.82 0.74 0.77 25 83 
n 0.86 0.36 0.67 0.28 0.61 25 85 
n 0.25 0.58 0.63 0.43 0.48 22 88 
n 0.76 0.66 0.34 0.59 0.47 23 72 
n 0.4 0.22 0.72 0.22 0.21 21 79 
n 0.29 0.34 0.57 0.59 0.19 20 86 
n 0.41 0.26 0.81 0.33 0.71 19 72 
n 0.47 0.45 0.72 0.85 0.63 17 78 
n 0.83 0.84 0.65 0.77 0.15 17 83 
n 0.31 0.76 0.85 0.14 0.36 15 75 
n 0.22 0.77 0.25 0.46 0.53 13 77 
n 0.17 0.13 0.16 0.29 0.86 13 80 
n 0.32 0.25 0.58 0.34 0.17 10 78 
n 0.18 0.12 0.62 0.68 0.22 10 78 
n 0.83 0.13 0.83 0.75 0.28 7 80 
n 0.46 0.59 0.6 0.75 0.52 27 85 
n 0.38 0.56 0.37 0.74 0.11 27 89 
n 0.8 0.4 0.76 0.26 0.17 23 90 
n 0.49 0.89 0.8 0.34 0.37 22 92 
n 0.62 0.14 0.25 0.34 0.13 22 96 
n 0.24 0.12 0.87 0.18 0.51 16 96 
n 0.43 0.43 0.29 0.48 0.31 18 99 
n 0.83 0.87 0.8 0.15 0.29 20 102 
n 0.24 0.68 0.23 0.86 0.28 18 102 
n 0.59 0.85 0.84 0.87 0.59 21 106 
n 0.37 0.13 0.47 0.55 0.11 16 107 
n 0.31 0.39 0.5 0.72 0.25 16 108 
n 0.76 0.25 0.45 0.25 0.51 10 106 
n 0.63 0.3 0.72 0.55 0.18 11 105 
n 0.21 0.55 0.2 0.14 0.11 13 100 
n 0.66 0.62 0.46 0.45 0.59 5 100 
n 0.41 0.44 0.47 0.27 0.78 3 101 
n 0.84 0.88 0.69 0.58 0.22 1 104 
n 0.38 0.25 0.13 0.5 0.76 3 98 
n 0.86 0.52 0.75 0.32 0.83 -1 100 
n 0.87 0.15 0.8 0.27 0.29 -3 104 
n 0.59 0.47 0.65 0.88 0.14 -6 106 
n 0.13 0.82 0.2 0.63 0.84 -7 107 
n 0.25 0.3 0.12 0.2 0.81 -7 110 
n 0.64 0.51 0.48 0.3 0.44 -7 112 
n 0.55 0.18 0.81 0.2 0.68 -8 115 
n 0.53 0.71 0.14 0.18 0.72 -10 123 
n 0.52 0.39 0.1 0.22 0.35 -3 114 
n 0.24 0.61 0.37 0.1 0.63 1 110 
n 0.88 0.41 0.73 0.16 0.55 5 115 
n 0.85 0.36 0.32 0.68 0.17 -0 117 
n 0.67 0.84 0.18 0.68 0.89 -5 119 
n 0.58 0.23 0.19 0.26 0.32 1 125 
n 0.13 0.72 0.23 0.72 0.12 -3 128 
n 0.61 0.32 0.17 0.15 0.25 -5 132 
n 0.87 0.44 0.55 0.66 0.77 7 125 
n 0.67 0.44 0.1 0.75 0.84 10 124 
n 0.53 0.47 0.43 0.79 0.58 10 122 
n 0.48 0.41 0.74 0.29 0.74 14 121 
n 0.61 0.54 0.89 0.6 0.62 22 114 
n 0.64 0.63 0.12 0.4 0.37 22 120 
n 0.64 0.72 0.31 0.14 0.61 25 121 
n 0.8 0.24 0.79 0.66 0.4 29 91 
n 0.31 0.17 0.64 0.64 0.6 36 103 
n 0.53 0.16 0.76 0.13 0.38 34 109 
n 0.32 0.57 0.36 0.46 0.77 30 104 
n 0.71 0.41 0.62 0.22 0.34 29 106 
n 0.58 0.82 0.8 0.5 0.84 25 102 
n 0.48 0.67 0.33 0.6 0.8 23 113 
n 0.64 0.86 0.28 0.2 0.44 26 119 
n 0.22 0.52 0.25 0.23 0.44 30 114 
n 0.49 0.81 0.41 0.13 0.21 32 118 
n 0.79 0.49 0.38 0.55 0.29 31 121 
n 0.74 0.7 0.43 0.86 0.24 34 113 
n 0.32 0.29 0.26 0.86 0.49 36 120 
n 0.76 0.41 0.37 0.9 0.73 38 112 
n 0.86 0.45 0.81 0.59 0.29 39 117 
n 0.69 0.79 0.36 0.33 0.41 40 116 
n 0.16 0.32 0.55 0.28 0.67 39 121 
n 0.36 0.63 0.2 0.36 0.51 41 123 
n 0.21 0.45 0.44 0.42 0.43 45 126 
n 0.66 0.89 0.52 0.76 0.67 39 125 
n 0.86 0.33 0.68 0.19 0.57 37 127 
n 0.59 0.38 0.62 0.31 0.88 35 129 
n 0.21 0.45 0.49 0.23 0.15 43 141 
n 0.73 0.38 0.2 0.22 0.19 39 140 
n 0.3 0.7 0.84 0.74 0.12 38 141 
n 0.12 0.73 0.82 0.49 0.54 35 139 
n 0.24 0.14 0.36 0.72 0.44 35 137 
n 0.28 0.42 0.63 0.76 0.79 36 136 
n 0.12 0.77 0.49 0.28 0.66 35 135 
n 0.78 0.27 0.47 0.4 0.19 34 135 
n 0.15 0.69 0.49 0.85 0.85 34 132 
n 0.53 0.52 0.55 0.38 0.76 32 130 
n 0.41 0.82 0.54 0.87 0.81 31 130 
n 0.84 0.16 0.87 0.18 0.87 26 127 
n 0.22 0.59 0.37 0.22 0.66 13 144 
n 0.81 0.49 0.15 0.55 0.84 -2 140 
n 0.61 0.74 0.13 0.83 0.69 -4 152 
n 0.87 0.8 0.38 0.15 0.35 -9 147 
n 0.82 0.64 0.37 0.16 0.57 -12 130 
n 0.72 0.7 0.28 0.63 0.26 -32 116 
n 0.43 0.26 0.84 0.34 0.53 -35 138 
n 0.11 0.46 0.55 0.86 0.85 -37 145 
n 0.8 0.36 0.14 0.48 0.17 -43 147 
n 0.41 0.86 0.34 0.49 0.69 -34 151 
n 0.39 0.16 0.8 0.27 0.32 -27 153 
n 0.25 0.28 0.5 0.71 0.8 -19 146 
n 0.29 0.85 0.87 0.23 0.71 -23 134 
n 0.59 0.73 0.89 0.88 0.28 -46 170 
n 0.61 0.59 0.9 0.71 0.59 -43 172 
n 0.57 0.89 0.44 0.69 0.2 -41 174 
n 0.83 0.51 0.41 0.43 0.68 -37 174 
n 0.31 0.67 0.53 0.53 0.58 -21 -175 
n 0.89 0.86 0.55 0.83 0.29 -14 -170 
n 0.33 0.27 0.88 0.11 0.69 -18 178 
n 0.87 0.82 0.29 0.63 0.8 -22 166 
n 0.53 0.38 0.61 0.42 0.39 -9 160 
n 0.66 0.73 0.65 0.56 0.76 -0 167 
n 0.12 0.63 0.27 0.52 0.62 11 165 
n 0.62 0.15 0.72 0.13 0.84 21 -158 
n 0.14 0.12 0.77 0.29 0.27 2 -157 
n 0.83 0.42 0.43 0.83 0.76 -9 -139 
n 0.61 0.21 0.51 0.59 0.29 -17 -149 
n 0.39 0.4 0.32 0.35 0.73 -25 -130 
n 0.56 0.85 0.82 0.12 0.44 -27 -109 
