t 431 20 5
n 0.17 0.61 0.28 0.77 0.69 37 -25 
n 0.73 0.82 0.17 0.84 0.76 38 -9 
n 0.59 0.44 0.7 0.31 0.41 41 -8 
n 0.28 0.63 0.2 0.46 0.75 37 -6 
n 0.66 0.72 0.42 0.72 0.63 36 -6 
n 0.39 0.11 0.21 0.45 0.59 36 -4 
n 0.17 0.27 0.51 0.66 0.2 37 -3 
n 0.89 0.57 0.44 0.85 0.88 38 -4 
n 0.53 0.32 0.36 0.11 0.24 38 -0 
n 0.35 0.12 0.58 0.31 0.71 39 -0 
n 0.46 0.14 0.67 0.49 0.7 41 2 
n 0.14 0.81 0.86 0.49 0.32 41 -1 
n 0.58 0.66 0.31 0.67 0.25 40 -3 
n 0.13 0.63 0.4 0.57 0.36 41 -4 
n 0.45 0.64 0.45 0.82 0.6 43 -3 
n 0.31 0.68 0.74 0.67 0.54 43 -8 
n 0.71 0.74 0.76 0.39 0.24 39 1 
n 0.83 0.76 0.19 0.5 0.59 39 2 
n 0.82 0.8 0.26 0.16 0.49 42 1 
n 0.36 0.27 0.51 0.43 0.78 44 -0 
n 0.2 0.82 0.69 0.25 0.61 43 1 
n 0.25 0.57 0.55 0.11 0.11 43 5 
n 0.58 0.6 0.47 0.41 0.75 43 7 
n 0.31 0.2 0.65 0.75 0.41 43 7 
n 0.31 0.57 0.1 0.51 0.24 42 9 
n 0.3 0.9 0.44 0.65 0.47 46 1 
n 0.28 0.68 0.29 0.19 0.2 45 4 
n 0.62 0.51 0.81 0.19 0.87 45 5 
n 0.31 0.48 0.51 0.76 0.7 45 5 
n 0.81 0.3 0.49 0.76 0.24 48 -4 
n 0.58 0.62 0.13 0.72 0.26 48 -1 
n 0.24 0.11 0.65 0.48 0.49 47 -1 
n 0.77 0.72 0.4 0.22 0.19 47 0 
n 0.5 0.35 0.6 0.3 0.37 49 0 
n 0.15 0.54 0.48 0.19 0.44 49 2 
n 0.48 0.69 0.45 0.53 0.39 49 4 
n 0.19 0.45 0.45 0.86 0.54 47 5 
n 0.52 0.6 0.55 0.6 0.33 48 6 
n 0.15 0.87 0.25 0.12 0.57 48 7 
n 0.78 0.72 0.82 0.16 0.88 49 6 
n 0.62 0.39 0.45 0.76 0.83 50 5 
n 0.46 0.63 0.63 0.66 0.28 50 4 
n 0.78 0.75 0.77 0.44 0.26 50 3 
n 0.76 0.8 0.77 0.29 0.65 51 3 
n 0.89 0.46 0.24 0.54 0.87 51 4 
n 0.47 0.74 0.4 0.28 0.17 51 5 
n 0.52 0.88 0.88 0.22 0.75 52 4 
n 0.35 0.86 0.26 0.74 0.84 52 5 
n 0.68 0.31 0.71 0.64 0.58 52 5 
n 0.52 0.31 0.1 0.82 0.33 53 6 
n 0.77 0.26 0.8 0.86 0.65 50 -4 
n 0.62 0.31 0.58 0.21 0.73 50 -2 
n 0.5 0.48 0.24 0.54 0.24 50 -0 
n 0.18 0.53 0.33 0.7 0.71 51 -3 
n 0.32 0.51 0.71 0.81 0.79 51 -2 
n 0.52 0.34 0.69 0.16 0.81 51 -0 
n 0.49 0.34 0.51 0.66 0.45 52 -2 
n 0.62 0.24 0.24 0.12 0.46 53 -3 
n 0.52 0.55 0.5 0.79 0.77 53 -2 
n 0.1 0.68 0.49 0.86 0.49 53 -1 
n 0.65 0.85 0.32 0.76 0.37 54 -1 
n 0.69 0.61 0.42 0.34 0.41 55 -1 
n 0.89 0.42 0.84 0.7 0.76 56 -3 
n 0.85 0.86 0.37 0.66 0.47 56 -4 
n 0.76 0.75 0.31 0.12 0.86 56 -3 
n 0.84 0.42 0.53 0.23 0.7 57 -2 
n 0.86 0.41 0.41 0.83 0.41 60 -1 
n 0.25 0.75 0.53 0.73 0.17 62 -6 
n 0.79 0.5 0.83 0.15 0.43 52 -8 
n 0.79 0.33 0.2 0.37 0.21 52 -8 
n 0.55 0.35 0.14 0.28 0.33 53 -6 
n 0.27 0.18 0.9 0.61 0.22 54 -6 
n 0.46 0.67 0.82 0.47 0.73 55 -7 
n 0.55 0.72 0.28 0.38 0.15 64 -22 
n 0.21 0.75 0.48 0.38 0.69 64 -51 
n 0.83 0.6 0.13 0.44 0.62 76 -68 
n 0.77 0.49 0.69 0.1 0.21 70 23 
n 0.25 0.76 0.29 0.42 0.13 68 17 
n 0.51 0.15 0.72 0.69 0.16 65 25 
n 0.25 0.81 0.46 0.86 0.33 61 23 
n 0.82 0.43 0.39 0.38 0.38 60 22 
n 0.12 0.57 0.67 0.1 0.17 60 25 
n 0.47 0.5 0.23 0.68 0.77 63 10 
n 0.55 0.16 0.89 0.2 0.57 60 5 
n 0.27 0.43 0.36 0.85 0.77 59 5 
n 0.19 0.71 0.52 0.38 0.64 60 10 
n 0.79 0.66 0.82 0.3 0.68 57 12 
n 0.67 0.13 0.57 0.44 0.11 55 13 
n 0.57 0.38 0.33 0.89 0.29 58 15 
n 0.26 0.87 0.49 0.28 0.67 59 18 
n 0.14 0.44 0.71 0.72 0.54 57 18 
n 0.67 0.74 0.48 0.54 0.34 56 10 
n 0.27 0.87 0.2 0.25 0.13 55 10 
n 0.66 0.53 0.5 0.34 0.19 55 12 
n 0.4 0.52 0.1 0.81 0.6 53 8 
n 0.73 0.53 0.69 0.15 0.23 53 10 
n 0.78 0.59 0.85 0.19 0.13 54 10 
n 0.11 0.69 0.43 0.72 0.51 54 12 
n 0.8 0.66 0.88 0.56 0.56 52 7 
n 0.73 0.73 0.74 0.37 0.42 52 9 
n 0.17 0.59 0.12 0.34 0.54 52 11 
n 0.79 0.35 0.11 0.11 0.48 52 13 
n 0.61 0.8 0.46 0.37 0.15 50 6 
n 0.73 0.55 0.56 0.74 0.73 50 7 
n 0.24 0.47 0.58 0.1 0.86 51 7 
n 0.45 0.25 0.25 0.52 0.78 51 6 
n 0.69 0.64 0.86 0.22 0.27 51 7 
n 0.4 0.33 0.15 0.55 0.54 51 7 
n 0.75 0.19 0.72 0.36 0.42 51 7 
n 0.45 0.36 0.56 0.52 0.85 51 7 
n 0.12 0.79 0.71 0.68 0.34 51 7 
n 0.28 0.12 0.36 0.75 0.65 51 9 
n 0.41 0.71 0.63 0.6 0.27 51 11 
n 0.31 0.23 0.61 0.62 0.17 51 12 
n 0.31 0.21 0.82 0.18 0.8 51 12 
n 0.78 0.7 0.17 0.8 0.67 50 13 
n 0.84 0.15 0.45 0.34 0.53 51 13 
n 0.61 0.79 0.31 0.78 0.74 49 7 
n 0.8 0.57 0.24 0.9 0.1 50 8 
n 0.75 0.72 0.49 0.49 0.71 49 8 
n 0.15 0.41 0.78 0.72 0.15 49 10 
n 0.49 0.87 0.48 0.37 0.41 49 11 
n 0.16 0.3 0.14 0.24 0.83 49 8 
n 0.13 0.41 0.5 0.23 0.62 48 9 
n 0.27 0.26 0.3 0.26 0.11 49 12 
n 0.71 0.48 0.77 0.15 0.42 48 11 
n 0.29 0.26 0.49 0.5 0.64 46 6 
n 0.7 0.12 0.81 0.51 0.82 46 6 
n 0.3 0.22 0.24 0.25 0.64 47 7 
n 0.7 0.5 0.72 0.24 0.57 47 7 
n 0.37 0.86 0.55 0.71 0.88 47 8 
n 0.79 0.16 0.32 0.67 0.59 47 11 
n 0.13 0.46 0.79 0.4 0.11 47 13 
n 0.39 0.4 0.57 0.28 0.47 48 14 
n 0.43 0.69 0.48 0.87 0.46 48 16 
n 0.36 0.84 0.55 0.2 0.21 47 15 
n 0.82 0.32 0.26 0.39 0.77 45 7 
n 0.74 0.7 0.76 0.46 0.77 45 9 
n 0.66 0.41 0.5 0.46 0.76 45 11 
n 0.56 0.68 0.26 0.2 0.76 45 12 
n 0.27 0.14 0.73 0.64 0.34 45 13 
n 0.39 0.69 0.16 0.27 0.35 44 9 
n 0.79 0.28 0.63 0.33 0.76 44 11 
n 0.48 0.39 0.25 0.37 0.14 43 11 
n 0.3 0.41 0.81 0.23 0.65 44 12 
n 0.78 0.17 0.6 0.68 0.75 39 9 
n 0.65 0.8 0.2 0.51 0.49 42 12 
n 0.38 0.43 0.2 0.13 0.38 41 14 
n 0.39 0.16 0.44 0.41 0.23 41 15 
n 0.56 0.82 0.65 0.61 0.58 41 17 
n 0.82 0.45 0.23 0.56 0.2 40 17 
n 0.82 0.54 0.78 0.13 0.82 38 15 
n 0.49 0.29 0.41 0.77 0.9 37 15 
n 0.65 0.61 0.61 0.79 0.2 38 13 
n 0.75 0.16 0.89 0.74 0.74 36 14 
n 0.12 0.62 0.29 0.43 0.71 53 14 
n 0.42 0.27 0.87 0.68 0.36 54 18 
n 0.34 0.49 0.18 0.86 0.31 53 18 
n 0.17 0.63 0.67 0.12 0.55 52 17 
n 0.55 0.82 0.7 0.26 0.39 51 19 
n 0.42 0.61 0.43 0.48 0.9 52 21 
n 0.3 0.42 0.88 0.14 0.15 53 23 
n 0.14 0.58 0.32 0.21 0.18 51 17 
n 0.58 0.62 0.16 0.76 0.83 50 19 
n 0.28 0.58 0.23 0.59 0.16 50 20 
n 0.14 0.32 0.32 0.82 0.77 51 22 
n 0.71 0.51 0.44 0.32 0.42 49 13 
n 0.8 0.41 0.49 0.84 0.6 50 14 
n 0.52 0.62 0.6 0.89 0.3 50 18 
n 0.26 0.65 0.34 0.72 0.68 49 16 
n 0.21 0.89 0.32 0.76 0.41 48 17 
n 0.46 0.87 0.7 0.13 0.51 48 21 
n 0.6 0.33 0.12 0.42 0.85 47 19 
n 0.88 0.43 0.9 0.63 0.67 47 21 
n 0.36 0.24 0.83 0.72 0.17 46 18 
n 0.5 0.31 0.38 0.56 0.8 46 20 
n 0.74 0.84 0.81 0.29 0.17 45 21 
n 0.58 0.55 0.7 0.37 0.68 46 23 
n 0.46 0.71 0.12 0.11 0.79 47 27 
n 0.88 0.32 0.75 0.42 0.34 45 24 
n 0.75 0.89 0.1 0.47 0.32 45 25 
n 0.67 0.44 0.46 0.27 0.74 44 26 
n 0.4 0.46 0.47 0.15 0.37 44 28 
n 0.35 0.12 0.58 0.21 0.36 46 14 
n 0.42 0.76 0.44 0.83 0.78 45 14 
n 0.34 0.78 0.51 0.13 0.46 45 16 
n 0.22 0.25 0.75 0.33 0.19 43 16 
n 0.15 0.74 0.16 0.64 0.53 44 18 
n 0.14 0.45 0.56 0.25 0.36 44 20 
n 0.55 0.77 0.2 0.41 0.22 42 18 
n 0.24 0.4 0.17 0.69 0.38 42 21 
n 0.39 0.32 0.51 0.11 0.17 41 20 
n 0.31 0.43 0.11 0.36 0.13 42 23 
n 0.41 0.55 0.67 0.59 0.32 42 24 
n 0.2 0.39 0.29 0.19 0.53 43 28 
n 0.56 0.33 0.38 0.35 0.72 42 27 
n 0.75 0.3 0.4 0.53 0.61 39 20 
n 0.26 0.46 0.6 0.29 0.76 40 23 
n 0.84 0.39 0.21 0.35 0.17 38 21 
n 0.37 0.67 0.44 0.21 0.13 38 23 
n 0.34 0.52 0.37 0.28 0.86 35 25 
n 0.3 0.12 0.54 0.15 0.21 35 33 
n 0.55 0.2 0.28 0.76 0.51 69 33 
n 0.57 0.41 0.34 0.12 0.54 64 40 
n 0.1 0.75 0.35 0.34 0.45 60 30 
n 0.15 0.62 0.67 0.33 0.39 59 24 
n 0.74 0.6 0.46 0.12 0.27 57 24 
n 0.28 0.43 0.48 0.46 0.18 54 20 
n 0.82 0.28 0.53 0.58 0.34 54 25 
n 0.58 0.27 0.36 0.51 0.22 54 27 
n 0.81 0.72 0.61 0.65 0.84 50 24 
n 0.74 0.44 0.12 0.38 0.46 50 30 
n 0.47 0.3 0.53 0.66 0.33 46 30 
n 0.21 0.3 0.42 0.7 0.28 55 37 
n 0.17 0.58 0.22 0.84 0.68 56 44 
n 0.36 0.87 0.84 0.52 0.58 55 49 
n 0.3 0.31 0.83 0.51 0.31 53 50 
n 0.19 0.48 0.71 0.8 0.84 51 39 
n 0.82 0.85 0.86 0.64 0.49 50 36 
n 0.67 0.27 0.31 0.54 0.14 48 35 
n 0.45 0.27 0.26 0.41 0.66 44 33 
n 0.22 0.18 0.63 0.37 0.84 47 39 
n 0.78 0.35 0.53 0.77 0.44 48 44 
n 0.54 0.69 0.42 0.2 0.26 46 48 
n 0.44 0.69 0.47 0.31 0.5 41 44 
n 0.11 0.57 0.45 0.55 0.59 40 44 
n 0.85 0.26 0.22 0.68 0.77 40 50 
n 0.38 0.38 0.21 0.54 0.24 58 56 
n 0.17 0.53 0.12 0.71 0.87 57 60 
n 0.59 0.41 0.18 0.86 0.28 67 64 
n 0.62 0.12 0.3 0.61 0.58 69 88 
n 0.11 0.36 0.56 0.43 0.18 55 73 
n 0.55 0.81 0.11 0.26 0.24 55 83 
n 0.17 0.87 0.27 0.12 0.62 56 92 
n 0.14 0.11 0.9 0.18 0.51 50 73 
n 0.16 0.44 0.89 0.88 0.62 43 77 
n 0.85 0.77 0.85 0.72 0.61 41 69 
n 0.24 0.78 0.62 0.57 0.33 39 66 
n 0.41 0.46 0.88 0.76 0.14 38 68 
n 0.23 0.54 0.65 0.34 0.57 43 87 
n 0.41 0.54 0.16 0.31 0.65 52 104 
n 0.85 0.29 0.12 0.15 0.63 48 107 
n 0.75 0.56 0.16 0.33 0.19 52 113 
n 0.34 0.79 0.72 0.34 0.33 62 129 
n 0.43 0.86 0.17 0.21 0.22 64 177 
n 0.61 0.73 0.66 0.47 0.81 53 158 
n 0.64 0.41 0.35 0.17 0.3 59 150 
n 0.13 0.24 0.35 0.85 0.21 50 127 
n 0.29 0.46 0.45 0.28 0.1 50 137 
n 0.37 0.47 0.31 0.46 0.6 48 135 
n 0.32 0.33 0.79 0.59 0.74 47 142 
n 0.66 0.23 0.45 0.52 0.48 43 132 
n 0.3 0.85 0.67 0.25 0.31 41 29 
n 0.79 0.81 0.53 0.39 0.61 38 27 
n 0.66 0.58 0.56 0.84 0.86 40 33 
n 0.12 0.82 0.35 0.73 0.11 38 35 
n 0.75 0.54 0.88 0.17 0.56 39 37 
n 0.21 0.81 0.48 0.39 0.28 40 41 
n 0.9 0.52 0.15 0.48 0.77 38 40 
n 0.39 0.5 0.85 0.25 0.73 37 35 
n 0.24 0.51 0.52 0.54 0.22 36 37 
n 0.54 0.32 0.6 0.51 0.34 34 36 
n 0.29 0.67 0.67 0.67 0.76 33 36 
n 0.44 0.24 0.24 0.59 0.41 34 35 
n 0.87 0.23 0.79 0.74 0.49 32 36 
n 0.37 0.83 0.66 0.31 0.12 32 35 
n 0.82 0.21 0.2 0.58 0.62 32 34 
n 0.32 0.44 0.8 0.41 0.75 31 35 
n 0.89 0.14 0.4 0.8 0.44 24 39 
n 0.42 0.59 0.6 0.51 0.71 21 39 
n 0.56 0.21 0.83 0.84 0.72 21 39 
n 0.18 0.43 0.38 0.43 0.9 15 44 
n 0.86 0.39 0.86 0.38 0.44 14 43 
n 0.77 0.15 0.14 0.1 0.57 12 45 
n 0.5 0.83 0.23 0.21 0.75 14 49 
n 0.55 0.66 0.4 0.45 0.46 23 58 
n 0.89 0.83 0.53 0.6 0.39 25 55 
n 0.29 0.15 0.36 0.43 0.28 25 51 
n 0.44 0.84 0.85 0.88 0.51 26 50 
n 0.45 0.58 0.44 0.14 0.21 24 46 
n 0.28 0.78 0.81 0.88 0.73 29 48 
n 0.9 0.35 0.59 0.38 0.37 30 47 
n 0.53 0.21 0.87 0.4 0.67 33 44 
n 0.47 0.24 0.19 0.9 0.85 35 44 
n 0.72 0.69 0.79 0.43 0.47 36 43 
n 0.86 0.22 0.67 0.63 0.39 38 46 
n 0.68 0.56 0.45 0.48 0.83 37 49 
n 0.58 0.44 0.81 0.63 0.59 35 51 
n 0.45 0.37 0.26 0.49 0.41 34 47 
n 0.74 0.18 0.43 0.59 0.61 30 48 
n 0.34 0.66 0.41 0.84 0.51 32 51 
n 0.14 0.53 0.8 0.43 0.49 29 52 
n 0.35 0.14 0.86 0.58 0.53 30 57 
n 0.85 0.6 0.57 0.33 0.82 36 59 
n 0.11 0.62 0.36 0.85 0.53 34 62 
n 0.74 0.34 0.12 0.79 0.47 31 65 
n 0.18 0.52 0.45 0.88 0.37 34 69 
n 0.44 0.16 0.37 0.12 0.88 33 73 
n 0.71 0.33 0.49 0.71 0.63 31 74 
n 0.31 0.19 0.45 0.46 0.72 31 73 
n 0.9 0.5 0.36 0.59 0.17 30 71 
n 0.48 0.58 0.87 0.41 0.65 30 67 
n 0.19 0.22 0.36 0.83 0.42 27 69 
n 0.37 0.69 0.13 0.43 0.51 25 68 
n 0.55 0.67 0.86 0.79 0.66 25 67 
n 0.35 0.33 0.4 0.28 0.23 30 78 
n 0.2 0.87 0.53 0.79 0.41 28 77 
n 0.26 0.85 0.75 0.59 0.34 26 73 
n 0.43 0.48 0.89 0.68 0.87 27 75 
n 0.81 0.64 0.52 0.2 0.85 26 80 
n 0.76 0.56 0.17 0.81 0.86 25 83 
n 0.53 0.7 0.72 0.18 0.36 25 85 
n 0.49 0.67 0.48 0.69 0.62 22 88 
n 0.28 0.24 0.22 0.66 0.64 23 72 
n 0.24 0.63 0.86 0.62 0.36 21 79 
n 0.33 0.63 0.41 0.37 0.51 20 86 
n 0.14 0.31 0.38 0.38 0.44 19 72 
n 0.41 0.1 0.11 0.44 0.78 17 78 
n 0.75 0.65 0.3 0.74 0.79 17 83 
n 0.16 0.69 0.25 0.31 0.67 15 75 
n 0.66 0.51 0.4 0.64 0.13 13 77 
n 0.71 0.24 0.84 0.62 0.39 13 80 
n 0.79 0.16 0.26 0.89 0.71 10 78 
n 0.62 0.57 0.42 0.89 0.64 10 78 
n 0.18 0.48 0.88 0.18 0.65 7 80 
n 0.77 0.23 0.45 0.52 0.5 27 85 
n 0.73 0.65 0.12 0.73 0.71 27 89 
n 0.58 0.54 0.61 0.49 0.6 23 90 
n 0.24 0.35 0.84 0.66 0.14 22 92 
n 0.34 0.5 0.33 0.75 0.67 22 96 
n 0.58 0.24 0.42 0.48 0.89 16 96 
n 0.14 0.29 0.55 0.14 0.58 18 99 
n 0.63 0.47 0.66 0.59 0.88 20 102 
n 0.53 0.29 0.81 0.31 0.77 18 102 
n 0.36 0.44 0.66 0.78 0.43 21 106 
n 0.6 0.42 0.24 0.69 0.49 16 107 
n 0.55 0.4 0.68 0.86 0.83 16 108 
n 0.74 0.31 0.43 0.47 0.88 10 106 
n 0.51 0.64 0.54 0.48 0.32 11 105 
n 0.48 0.9 0.16 0.77 0.8 13 100 
n 0.14 0.57 0.57 0.63 0.54 5 100 
n 0.57 0.8 0.82 0.69 0.81 3 101 
n 0.16 0.62 0.12 0.19 0.19 1 104 
n 0.78 0.46 0.76 0.77 0.87 3 98 
n 0.59 0.52 0.85 0.36 0.83 -1 100 
n 0.76 0.34 0.86 0.56 0.27 -3 104 
n 0.69 0.78 0.21 0.76 0.33 -6 106 
n 0.65 0.2 0.39 0.8 0.78 -7 107 
n 0.64 0.76 0.65 0.89 0.14 -7 110 
n 0.35 0.37 0.13 0.7 0.62 -7 112 
n 0.32 0.51 0.34 0.59 0.88 -8 115 
n 0.73 0.62 0.83 0.21 0.46 -10 123 
n 0.48 0.88 0.32 0.45 0.3 -3 114 
n 0.51 0.82 0.62 0.42 0.58 1 110 
n 0.59 0.21 0.73 0.31 0.55 5 115 
n 0.57 0.59 0.39 0.76 0.41 -0 117 
n 0.77 0.25 0.44 0.5 0.41 -5 119 
n 0.23 0.58 0.62 0.47 0.79 1 125 
n 0.64 0.44 0.42 0.79 0.19 -3 128 
n 0.52 0.17 0.23 0.48 0.9 -5 132 
n 0.13 0.69 0.19 0.32 0.85 7 125 
n 0.69 0.5 0.81 0.25 0.37 10 124 
n 0.24 0.69 0.68 0.44 0.44 10 122 
n 0.56 0.71 0.12 0.32 0.32 14 121 
n 0.26 0.35 0.66 0.72 0.28 22 114 
n 0.26 0.52 0.24 0.64 0.39 22 120 
n 0.34 0.86 0.68 0.51 0.45 25 121 
n 0.19 0.21 0.53 0.51 0.2 29 91 
n 0.64 0.51 0.61 0.77 0.72 36 103 
n 0.65 0.81 0.76 0.87 0.16 34 109 
n 0.18 0.34 0.87 0.46 0.8 30 104 
n 0.85 0.61 0.8 0.89 0.13 29 106 
n 0.85 0.64 0.56 0.17 0.63 25 102 
n 0.56 0.49 0.89 0.21 0.8 23 113 
n 0.64 0.25 0.18 0.5 0.66 26 119 
n 0.66 0.16 0.19 0.55 0.17 30 114 
n 0.17 0.2 0.2 0.64 0.41 32 118 
n 0.14 0.52 0.2 0.44 0.56 31 121 
n 0.23 0.29 0.23 0.52 0.26 34 113 
n 0.63 0.11 0.52 0.58 0.87 36 120 
n 0.41 0.19 0.19 0.52 0.68 38 112 
n 0.11 0.78 0.58 0.69 0.7 39 117 
n 0.69 0.24 0.81 0.18 0.6 40 116 
n 0.11 0.44 0.89 0.82 0.17 39 121 
n 0.56 0.49 0.21 0.56 0.67 41 123 
n 0.69 0.34 0.73 0.6 0.43 45 126 
n 0.19 0.18 0.84 0.29 0.59 39 125 
n 0.25 0.76 0.56 0.37 0.69 37 127 
n 0.32 0.88 0.26 0.44 0.86 35 129 
n 0.53 0.83 0.5 0.37 0.89 43 141 
n 0.75 0.37 0.28 0.74 0.39 39 140 
n 0.12 0.79 0.39 0.49 0.53 38 141 
n 0.66 0.36 0.32 0.22 0.26 35 139 
n 0.34 0.12 0.52 0.52 0.66 35 137 
n 0.87 0.72 0.53 0.29 0.63 36 136 
n 0.32 0.43 0.65 0.66 0.14 35 135 
n 0.88 0.21 0.8 0.66 0.7 34 135 
n 0.66 0.62 0.35 0.88 0.39 34 132 
n 0.31 0.32 0.69 0.8 0.83 32 130 
n 0.51 0.65 0.83 0.22 0.32 31 130 
n 0.36 0.11 0.47 0.57 0.7 26 127 
n 0.4 0.86 0.34 0.28 0.47 13 144 
n 0.58 0.82 0.56 0.64 0.29 -2 140 
n 0.3 0.48 0.55 0.7 0.84 -4 152 
n 0.8 0.78 0.13 0.75 0.55 -9 147 
n 0.41 0.66 0.61 0.24 0.42 -12 130 
n 0.73 0.21 0.19 0.11 0.78 -32 116 
n 0.65 0.55 0.85 0.84 0.56 -35 138 
n 0.73 0.51 0.33 0.76 0.55 -37 145 
n 0.27 0.1 0.24 0.45 0.39 -43 147 
n 0.26 0.58 0.43 0.42 0.82 -34 151 
n 0.19 0.25 0.28 0.87 0.59 -27 153 
n 0.42 0.66 0.4 0.68 0.22 -19 146 
n 0.44 0.59 0.39 0.17 0.66 -23 134 
n 0.61 0.68 0.52 0.78 0.9 -46 170 
n 0.86 0.56 0.3 0.85 0.13 -43 172 
n 0.27 0.51 0.16 0.15 0.7 -41 174 
n 0.25 0.87 0.22 0.12 0.12 -37 174 
n 0.84 0.55 0.35 0.64 0.55 -21 -175 
n 0.85 0.14 0.61 0.72 0.73 -14 -170 
n 0.66 0.49 0.42 0.69 0.62 -18 178 
n 0.16 0.8 0.62 0.75 0.37 -22 166 
n 0.53 0.13 0.55 0.19 0.46 -9 160 
n 0.47 0.68 0.14 0.33 0.75 -0 167 
n 0.77 0.61 0.15 0.63 0.82 11 165 
n 0.48 0.6 0.41 0.53 0.26 21 -158 
n 0.32 0.52 0.42 0.87 0.26 2 -157 
n 0.55 0.8 0.15 0.72 0.8 -9 -139 
n 0.78 0.82 0.45 0.18 0.83 -17 -149 
n 0.57 0.61 0.62 0.4 0.39 -25 -130 
n 0.74 0.11 0.88 0.53 0.61 -27 -109 
