t 431 10 4
n 0.43 0.13 0.21 0.64 37 -25 
n 0.51 0.69 0.58 0.83 38 -9 
n 0.86 0.15 0.63 0.53 41 -8 
n 0.57 0.5 0.37 0.9 37 -6 
n 0.74 0.1 0.74 0.77 36 -6 
n 0.68 0.23 0.34 0.63 36 -4 
n 0.79 0.71 0.32 0.18 37 -3 
n 0.39 0.35 0.31 0.78 38 -4 
n 0.19 0.81 0.12 0.86 38 -0 
n 0.37 0.73 0.81 0.55 39 -0 
n 0.25 0.4 0.65 0.75 41 2 
n 0.79 0.67 0.48 0.18 41 -1 
n 0.36 0.65 0.25 0.44 40 -3 
n 0.12 0.85 0.8 0.89 41 -4 
n 0.87 0.78 0.23 0.37 43 -3 
n 0.47 0.32 0.82 0.59 43 -8 
n 0.88 0.43 0.57 0.12 39 1 
n 0.83 0.68 0.74 0.43 39 2 
n 0.43 0.38 0.36 0.31 42 1 
n 0.31 0.39 0.54 0.57 44 -0 
n 0.4 0.14 0.83 0.73 43 1 
n 0.43 0.3 0.71 0.14 43 5 
n 0.76 0.65 0.54 0.71 43 7 
n 0.5 0.82 0.75 0.82 43 7 
n 0.32 0.58 0.41 0.43 42 9 
n 0.65 0.69 0.72 0.45 46 1 
n 0.7 0.16 0.15 0.46 45 4 
n 0.23 0.65 0.4 0.33 45 5 
n 0.32 0.65 0.63 0.64 45 5 
n 0.1 0.19 0.67 0.16 48 -4 
n 0.49 0.32 0.65 0.51 48 -1 
n 0.27 0.23 0.2 0.14 47 -1 
n 0.82 0.21 0.22 0.53 47 0 
n 0.31 0.52 0.55 0.87 49 0 
n 0.29 0.77 0.12 0.55 49 2 
n 0.52 0.71 0.14 0.68 49 4 
n 0.6 0.37 0.66 0.13 47 5 
n 0.56 0.24 0.45 0.55 48 6 
n 0.14 0.5 0.38 0.11 48 7 
n 0.32 0.38 0.23 0.26 49 6 
n 0.2 0.32 0.59 0.84 50 5 
n 0.6 0.63 0.38 0.55 50 4 
n 0.48 0.83 0.78 0.19 50 3 
n 0.71 0.7 0.43 0.55 51 3 
n 0.31 0.71 0.55 0.75 51 4 
n 0.52 0.53 0.83 0.49 51 5 
n 0.38 0.55 0.29 0.17 52 4 
n 0.55 0.75 0.38 0.13 52 5 
n 0.62 0.13 0.83 0.79 52 5 
n 0.42 0.78 0.2 0.22 53 6 
n 0.73 0.62 0.67 0.8 50 -4 
n 0.37 0.23 0.83 0.8 50 -2 
n 0.44 0.32 0.51 0.47 50 -0 
n 0.72 0.28 0.76 0.17 51 -3 
n 0.31 0.68 0.63 0.7 51 -2 
n 0.81 0.36 0.49 0.62 51 -0 
n 0.77 0.3 0.1 0.64 52 -2 
n 0.7 0.15 0.6 0.33 53 -3 
n 0.87 0.44 0.35 0.23 53 -2 
n 0.74 0.51 0.22 0.56 53 -1 
n 0.41 0.13 0.16 0.75 54 -1 
n 0.17 0.37 0.14 0.63 55 -1 
n 0.42 0.23 0.44 0.5 56 -3 
n 0.31 0.27 0.24 0.23 56 -4 
n 0.55 0.73 0.15 0.15 56 -3 
n 0.74 0.11 0.77 0.53 57 -2 
n 0.29 0.69 0.82 0.72 60 -1 
n 0.51 0.49 0.23 0.74 62 -6 
n 0.79 0.46 0.86 0.33 52 -8 
n 0.33 0.56 0.57 0.9 52 -8 
n 0.13 0.25 0.19 0.54 53 -6 
n 0.31 0.31 0.89 0.3 54 -6 
n 0.73 0.54 0.12 0.56 55 -7 
n 0.18 0.12 0.67 0.22 64 -22 
n 0.32 0.27 0.67 0.86 64 -51 
n 0.66 0.46 0.8 0.68 76 -68 
n 0.68 0.43 0.72 0.69 70 23 
n 0.5 0.78 0.47 0.75 68 17 
n 0.65 0.43 0.67 0.33 65 25 
n 0.12 0.63 0.66 0.67 61 23 
n 0.29 0.56 0.57 0.16 60 22 
n 0.81 0.58 0.44 0.16 60 25 
n 0.31 0.34 0.74 0.22 63 10 
n 0.59 0.16 0.35 0.76 60 5 
n 0.53 0.61 0.42 0.42 59 5 
n 0.34 0.21 0.69 0.83 60 10 
n 0.31 0.62 0.48 0.84 57 12 
n 0.28 0.16 0.62 0.45 55 13 
n 0.13 0.83 0.53 0.21 58 15 
n 0.18 0.3 0.11 0.75 59 18 
n 0.81 0.61 0.9 0.27 57 18 
n 0.87 0.33 0.7 0.88 56 10 
n 0.84 0.39 0.22 0.23 55 10 
n 0.58 0.83 0.85 0.84 55 12 
n 0.46 0.51 0.27 0.66 53 8 
n 0.14 0.44 0.81 0.79 53 10 
n 0.57 0.39 0.72 0.38 54 10 
n 0.49 0.46 0.25 0.63 54 12 
n 0.41 0.76 0.8 0.4 52 7 
n 0.56 0.79 0.75 0.75 52 9 
n 0.69 0.56 0.51 0.56 52 11 
n 0.77 0.31 0.32 0.67 52 13 
n 0.66 0.72 0.61 0.77 50 6 
n 0.41 0.25 0.47 0.42 50 7 
n 0.8 0.75 0.55 0.39 51 7 
n 0.14 0.36 0.21 0.35 51 6 
n 0.46 0.53 0.14 0.51 51 7 
n 0.78 0.22 0.44 0.31 51 7 
n 0.36 0.42 0.57 0.86 51 7 
n 0.14 0.6 0.74 0.6 51 7 
n 0.62 0.13 0.89 0.74 51 7 
n 0.5 0.32 0.16 0.49 51 9 
n 0.82 0.74 0.77 0.86 51 11 
n 0.36 0.67 0.28 0.61 51 12 
n 0.25 0.58 0.63 0.43 51 12 
n 0.48 0.76 0.66 0.34 50 13 
n 0.59 0.47 0.4 0.22 51 13 
n 0.72 0.22 0.21 0.29 49 7 
n 0.34 0.57 0.59 0.19 50 8 
n 0.41 0.26 0.81 0.33 49 8 
n 0.71 0.47 0.45 0.72 49 10 
n 0.85 0.63 0.83 0.84 49 11 
n 0.65 0.77 0.15 0.31 49 8 
n 0.76 0.85 0.14 0.36 48 9 
n 0.22 0.77 0.25 0.46 49 12 
n 0.53 0.17 0.13 0.16 48 11 
n 0.29 0.86 0.32 0.25 46 6 
n 0.58 0.34 0.17 0.18 46 6 
n 0.12 0.62 0.68 0.22 47 7 
n 0.83 0.13 0.83 0.75 47 7 
n 0.28 0.46 0.59 0.6 47 8 
n 0.75 0.52 0.38 0.56 47 11 
n 0.37 0.74 0.11 0.8 47 13 
n 0.4 0.76 0.26 0.17 48 14 
n 0.49 0.89 0.8 0.34 48 16 
n 0.37 0.62 0.14 0.25 47 15 
n 0.34 0.13 0.24 0.12 45 7 
n 0.87 0.18 0.51 0.43 45 9 
n 0.43 0.29 0.48 0.31 45 11 
n 0.83 0.87 0.8 0.15 45 12 
n 0.29 0.24 0.68 0.23 45 13 
n 0.86 0.28 0.59 0.85 44 9 
n 0.84 0.87 0.59 0.37 44 11 
n 0.13 0.47 0.55 0.11 43 11 
n 0.31 0.39 0.5 0.72 44 12 
n 0.25 0.76 0.25 0.45 39 9 
n 0.25 0.51 0.63 0.3 42 12 
n 0.72 0.55 0.18 0.21 41 14 
n 0.55 0.2 0.14 0.11 41 15 
n 0.66 0.62 0.46 0.45 41 17 
n 0.59 0.41 0.44 0.47 40 17 
n 0.27 0.78 0.84 0.88 38 15 
n 0.69 0.58 0.22 0.38 37 15 
n 0.25 0.13 0.5 0.76 38 13 
n 0.86 0.52 0.75 0.32 36 14 
n 0.83 0.87 0.15 0.8 53 14 
n 0.27 0.29 0.59 0.47 54 18 
n 0.65 0.88 0.14 0.13 53 18 
n 0.82 0.2 0.63 0.84 52 17 
n 0.25 0.3 0.12 0.2 51 19 
n 0.81 0.64 0.51 0.48 52 21 
n 0.3 0.44 0.55 0.18 53 23 
n 0.81 0.2 0.68 0.53 51 17 
n 0.71 0.14 0.18 0.72 50 19 
n 0.52 0.39 0.1 0.22 50 20 
n 0.35 0.24 0.61 0.37 51 22 
n 0.1 0.63 0.88 0.41 49 13 
n 0.73 0.16 0.55 0.85 50 14 
n 0.36 0.32 0.68 0.17 50 18 
n 0.67 0.84 0.18 0.68 49 16 
n 0.89 0.58 0.23 0.19 48 17 
n 0.26 0.32 0.13 0.72 48 21 
n 0.23 0.72 0.12 0.61 47 19 
n 0.32 0.17 0.15 0.25 47 21 
n 0.87 0.44 0.55 0.66 46 18 
n 0.77 0.67 0.44 0.1 46 20 
n 0.75 0.84 0.53 0.47 45 21 
n 0.43 0.79 0.58 0.48 46 23 
n 0.41 0.74 0.29 0.74 47 27 
n 0.61 0.54 0.89 0.6 45 24 
n 0.62 0.64 0.63 0.12 45 25 
n 0.4 0.37 0.64 0.72 44 26 
n 0.31 0.14 0.61 0.8 44 28 
n 0.24 0.79 0.66 0.4 46 14 
n 0.31 0.17 0.64 0.64 45 14 
n 0.6 0.53 0.16 0.76 45 16 
n 0.13 0.38 0.32 0.57 43 16 
n 0.36 0.46 0.77 0.71 44 18 
n 0.41 0.62 0.22 0.34 44 20 
n 0.58 0.82 0.8 0.5 42 18 
n 0.84 0.48 0.67 0.33 42 21 
n 0.6 0.8 0.64 0.86 41 20 
n 0.28 0.2 0.44 0.22 42 23 
n 0.52 0.25 0.23 0.44 42 24 
n 0.49 0.81 0.41 0.13 43 28 
n 0.21 0.79 0.49 0.38 42 27 
n 0.55 0.29 0.74 0.7 39 20 
n 0.43 0.86 0.24 0.32 40 23 
n 0.29 0.26 0.86 0.49 38 21 
n 0.76 0.41 0.37 0.9 38 23 
n 0.73 0.86 0.45 0.81 35 25 
n 0.59 0.29 0.69 0.79 35 33 
n 0.36 0.33 0.41 0.16 69 33 
n 0.32 0.55 0.28 0.67 64 40 
n 0.36 0.63 0.2 0.36 60 30 
n 0.51 0.21 0.45 0.44 59 24 
n 0.42 0.43 0.66 0.89 57 24 
n 0.52 0.76 0.67 0.86 54 20 
n 0.33 0.68 0.19 0.57 54 25 
n 0.59 0.38 0.62 0.31 54 27 
n 0.88 0.21 0.45 0.49 50 24 
n 0.23 0.15 0.73 0.38 50 30 
n 0.2 0.22 0.19 0.3 46 30 
n 0.7 0.84 0.74 0.12 55 37 
n 0.12 0.73 0.82 0.49 56 44 
n 0.54 0.24 0.14 0.36 55 49 
n 0.72 0.44 0.28 0.42 53 50 
n 0.63 0.76 0.79 0.12 51 39 
n 0.77 0.49 0.28 0.66 50 36 
n 0.78 0.27 0.47 0.4 48 35 
n 0.19 0.15 0.69 0.49 44 33 
n 0.85 0.85 0.53 0.52 47 39 
n 0.55 0.38 0.76 0.41 48 44 
n 0.82 0.54 0.87 0.81 46 48 
n 0.84 0.16 0.87 0.18 41 44 
n 0.87 0.22 0.59 0.37 40 44 
n 0.22 0.66 0.81 0.49 40 50 
n 0.15 0.55 0.84 0.61 58 56 
n 0.74 0.13 0.83 0.69 57 60 
n 0.87 0.8 0.38 0.15 67 64 
n 0.35 0.82 0.64 0.37 69 88 
n 0.16 0.57 0.72 0.7 55 73 
n 0.28 0.63 0.26 0.43 55 83 
n 0.26 0.84 0.34 0.53 56 92 
n 0.11 0.46 0.55 0.86 50 73 
n 0.85 0.8 0.36 0.14 43 77 
n 0.48 0.17 0.41 0.86 41 69 
n 0.34 0.49 0.69 0.39 39 66 
n 0.16 0.8 0.27 0.32 38 68 
n 0.25 0.28 0.5 0.71 43 87 
n 0.8 0.29 0.85 0.87 52 104 
n 0.23 0.71 0.59 0.73 48 107 
n 0.89 0.88 0.28 0.61 52 113 
n 0.59 0.9 0.71 0.59 62 129 
n 0.57 0.89 0.44 0.69 64 177 
n 0.2 0.83 0.51 0.41 53 158 
n 0.43 0.68 0.31 0.67 59 150 
n 0.53 0.53 0.58 0.89 50 127 
n 0.86 0.55 0.83 0.29 50 137 
n 0.33 0.27 0.88 0.11 48 135 
n 0.69 0.87 0.82 0.29 47 142 
n 0.63 0.8 0.53 0.38 43 132 
n 0.61 0.42 0.39 0.66 41 29 
n 0.73 0.65 0.56 0.76 38 27 
n 0.12 0.63 0.27 0.52 40 33 
n 0.62 0.62 0.15 0.72 38 35 
n 0.13 0.84 0.14 0.12 39 37 
n 0.77 0.29 0.27 0.83 40 41 
n 0.42 0.43 0.83 0.76 38 40 
n 0.61 0.21 0.51 0.59 37 35 
n 0.29 0.39 0.4 0.32 36 37 
n 0.35 0.73 0.56 0.85 34 36 
n 0.82 0.12 0.44 0.67 33 36 
n 0.56 0.49 0.41 0.58 34 35 
n 0.22 0.47 0.68 0.87 32 36 
n 0.73 0.17 0.12 0.53 32 35 
n 0.28 0.31 0.44 0.71 32 34 
n 0.51 0.48 0.79 0.59 31 35 
n 0.61 0.63 0.5 0.73 24 39 
n 0.71 0.41 0.27 0.44 21 39 
n 0.64 0.71 0.17 0.43 21 39 
n 0.55 0.34 0.59 0.1 15 44 
n 0.22 0.55 0.38 0.12 14 43 
n 0.79 0.46 0.64 0.49 12 45 
n 0.62 0.84 0.18 0.34 14 49 
n 0.49 0.7 0.58 0.5 23 58 
n 0.28 0.38 0.48 0.81 25 55 
n 0.74 0.85 0.1 0.2 25 51 
n 0.82 0.71 0.43 0.29 26 50 
n 0.85 0.89 0.12 0.89 24 46 
n 0.69 0.86 0.78 0.16 29 48 
n 0.51 0.36 0.25 0.81 30 47 
n 0.87 0.39 0.47 0.22 33 44 
n 0.81 0.38 0.71 0.81 35 44 
n 0.17 0.71 0.51 0.56 36 43 
n 0.36 0.18 0.54 0.44 38 46 
n 0.23 0.77 0.41 0.14 37 49 
n 0.86 0.55 0.43 0.57 35 51 
n 0.27 0.28 0.8 0.89 34 47 
n 0.66 0.25 0.59 0.77 30 48 
n 0.84 0.21 0.55 0.24 32 51 
n 0.5 0.58 0.34 0.8 29 52 
n 0.67 0.71 0.18 0.73 30 57 
n 0.64 0.9 0.57 0.37 36 59 
n 0.36 0.17 0.79 0.46 34 62 
n 0.72 0.17 0.22 0.34 31 65 
n 0.77 0.57 0.18 0.32 34 69 
n 0.12 0.14 0.48 0.87 33 73 
n 0.47 0.23 0.63 0.53 31 74 
n 0.18 0.82 0.43 0.72 31 73 
n 0.37 0.53 0.34 0.13 30 71 
n 0.18 0.54 0.59 0.7 30 67 
n 0.65 0.84 0.24 0.42 27 69 
n 0.64 0.76 0.49 0.29 25 68 
n 0.2 0.85 0.31 0.73 25 67 
n 0.27 0.9 0.48 0.42 30 78 
n 0.83 0.26 0.59 0.45 28 77 
n 0.54 0.37 0.54 0.52 26 73 
n 0.79 0.21 0.15 0.83 27 75 
n 0.65 0.29 0.48 0.18 26 80 
n 0.9 0.43 0.26 0.77 25 83 
n 0.44 0.16 0.85 0.1 25 85 
n 0.78 0.74 0.55 0.46 22 88 
n 0.41 0.12 0.33 0.88 23 72 
n 0.86 0.78 0.19 0.69 21 79 
n 0.66 0.7 0.5 0.42 20 86 
n 0.81 0.75 0.38 0.5 19 72 
n 0.83 0.12 0.24 0.33 17 78 
n 0.11 0.73 0.41 0.26 17 83 
n 0.87 0.15 0.2 0.83 15 75 
n 0.56 0.14 0.3 0.75 13 77 
n 0.7 0.67 0.66 0.12 13 80 
n 0.73 0.35 0.28 0.33 10 78 
n 0.61 0.82 0.14 0.62 10 78 
n 0.83 0.64 0.55 0.16 7 80 
n 0.66 0.83 0.78 0.32 27 85 
n 0.77 0.83 0.11 0.76 27 89 
n 0.74 0.51 0.46 0.78 23 90 
n 0.77 0.25 0.2 0.13 22 92 
n 0.19 0.11 0.33 0.42 22 96 
n 0.5 0.46 0.71 0.82 16 96 
n 0.65 0.89 0.45 0.52 18 99 
n 0.28 0.46 0.81 0.86 20 102 
n 0.11 0.56 0.32 0.29 18 102 
n 0.56 0.57 0.75 0.59 21 106 
n 0.14 0.71 0.32 0.4 16 107 
n 0.65 0.18 0.57 0.27 16 108 
n 0.71 0.45 0.29 0.8 10 106 
n 0.8 0.48 0.42 0.82 11 105 
n 0.24 0.84 0.84 0.23 13 100 
n 0.84 0.3 0.17 0.11 5 100 
n 0.27 0.59 0.69 0.58 3 101 
n 0.64 0.5 0.78 0.51 1 104 
n 0.87 0.12 0.53 0.67 3 98 
n 0.18 0.75 0.54 0.55 -1 100 
n 0.47 0.5 0.47 0.36 -3 104 
n 0.88 0.32 0.26 0.31 -6 106 
n 0.77 0.64 0.74 0.3 -7 107 
n 0.14 0.23 0.85 0.66 -7 110 
n 0.77 0.47 0.79 0.36 -7 112 
n 0.69 0.66 0.64 0.81 -8 115 
n 0.76 0.81 0.88 0.59 -10 123 
n 0.7 0.57 0.42 0.46 -3 114 
n 0.15 0.66 0.65 0.35 1 110 
n 0.77 0.22 0.77 0.38 5 115 
n 0.42 0.56 0.14 0.34 -0 117 
n 0.54 0.69 0.67 0.22 -5 119 
n 0.86 0.27 0.38 0.88 1 125 
n 0.41 0.59 0.34 0.62 -3 128 
n 0.62 0.81 0.83 0.29 -5 132 
n 0.51 0.17 0.26 0.7 7 125 
n 0.61 0.68 0.62 0.88 10 124 
n 0.82 0.72 0.13 0.81 10 122 
n 0.84 0.55 0.54 0.31 14 121 
n 0.22 0.61 0.3 0.73 22 114 
n 0.23 0.38 0.37 0.47 22 120 
n 0.82 0.54 0.25 0.45 25 121 
n 0.47 0.13 0.75 0.54 29 91 
n 0.5 0.63 0.53 0.27 36 103 
n 0.57 0.72 0.3 0.35 34 109 
n 0.62 0.8 0.25 0.1 30 104 
n 0.29 0.45 0.47 0.55 29 106 
n 0.5 0.85 0.14 0.36 25 102 
n 0.33 0.65 0.53 0.33 23 113 
n 0.36 0.17 0.15 0.66 26 119 
n 0.23 0.31 0.46 0.45 30 114 
n 0.74 0.44 0.29 0.5 32 118 
n 0.49 0.73 0.67 0.77 31 121 
n 0.59 0.8 0.36 0.19 34 113 
n 0.23 0.76 0.71 0.65 36 120 
n 0.28 0.21 0.57 0.54 38 112 
n 0.6 0.54 0.31 0.89 39 117 
n 0.57 0.44 0.13 0.52 40 116 
n 0.7 0.53 0.15 0.3 39 121 
n 0.34 0.46 0.72 0.88 41 123 
n 0.1 0.19 0.27 0.4 45 126 
n 0.3 0.81 0.58 0.39 39 125 
n 0.68 0.22 0.11 0.83 37 127 
n 0.43 0.21 0.24 0.38 35 129 
n 0.9 0.13 0.26 0.35 43 141 
n 0.73 0.71 0.38 0.36 39 140 
n 0.76 0.52 0.15 0.87 38 141 
n 0.42 0.47 0.82 0.51 35 139 
n 0.18 0.2 0.59 0.61 35 137 
n 0.8 0.1 0.18 0.63 36 136 
n 0.53 0.85 0.66 0.74 35 135 
n 0.21 0.78 0.66 0.89 34 135 
n 0.3 0.35 0.27 0.51 34 132 
n 0.17 0.34 0.67 0.26 32 130 
n 0.82 0.85 0.76 0.8 31 130 
n 0.86 0.87 0.88 0.51 26 127 
n 0.8 0.35 0.36 0.22 13 144 
n 0.36 0.43 0.17 0.12 -2 140 
n 0.54 0.72 0.51 0.65 -4 152 
n 0.81 0.5 0.66 0.13 -9 147 
n 0.58 0.24 0.78 0.17 -12 130 
n 0.66 0.43 0.68 0.7 -32 116 
n 0.75 0.39 0.46 0.89 -35 138 
n 0.34 0.12 0.46 0.39 -37 145 
n 0.12 0.75 0.7 0.51 -43 147 
n 0.28 0.11 0.82 0.65 -34 151 
n 0.53 0.81 0.73 0.63 -27 153 
n 0.52 0.8 0.55 0.34 -19 146 
n 0.46 0.46 0.65 0.47 -23 134 
n 0.84 0.83 0.6 0.22 -46 170 
n 0.8 0.22 0.74 0.61 -43 172 
n 0.86 0.31 0.8 0.48 -41 174 
n 0.81 0.23 0.88 0.28 -37 174 
n 0.8 0.75 0.1 0.23 -21 -175 
n 0.13 0.17 0.46 0.53 -14 -170 
n 0.32 0.62 0.84 0.5 -18 178 
n 0.46 0.53 0.68 0.39 -22 166 
n 0.66 0.33 0.52 0.52 -9 160 
n 0.15 0.83 0.82 0.43 -0 167 
n 0.16 0.58 0.64 0.75 11 165 
n 0.19 0.29 0.71 0.37 21 -158 
n 0.28 0.23 0.77 0.29 2 -157 
n 0.22 0.75 0.73 0.23 -9 -139 
n 0.15 0.16 0.34 0.69 -17 -149 
n 0.11 0.31 0.84 0.37 -25 -130 
n 0.34 0.19 0.39 0.63 -27 -109 
