t 431 20 3
n 0.6 0.39 0.26 37 -25 
n 0.38 0.66 0.44 38 -9 
n 0.55 0.38 0.81 41 -8 
n 0.85 0.77 0.74 37 -6 
n 0.18 0.82 0.88 36 -6 
n 0.87 0.87 0.51 36 -4 
n 0.48 0.54 0.29 37 -3 
n 0.47 0.87 0.19 38 -4 
n 0.71 0.23 0.15 38 -0 
n 0.61 0.62 0.68 39 -0 
n 0.79 0.35 0.82 41 2 
n 0.72 0.71 0.42 41 -1 
n 0.46 0.33 0.61 40 -3 
n 0.21 0.64 0.66 41 -4 
n 0.52 0.77 0.31 43 -3 
n 0.48 0.43 0.51 43 -8 
n 0.72 0.32 0.84 39 1 
n 0.85 0.88 0.38 39 2 
n 0.29 0.27 0.73 42 1 
n 0.61 0.41 0.62 44 -0 
n 0.59 0.77 0.41 43 1 
n 0.54 0.24 0.71 43 5 
n 0.19 0.84 0.27 43 7 
n 0.18 0.77 0.19 43 7 
n 0.52 0.4 0.46 42 9 
n 0.3 0.56 0.14 46 1 
n 0.58 0.11 0.51 45 4 
n 0.8 0.19 0.39 45 5 
n 0.57 0.7 0.62 45 5 
n 0.45 0.45 0.44 48 -4 
n 0.66 0.68 0.7 48 -1 
n 0.37 0.53 0.49 47 -1 
n 0.48 0.34 0.49 47 0 
n 0.86 0.38 0.11 49 0 
n 0.8 0.41 0.86 49 2 
n 0.76 0.49 0.21 49 4 
n 0.24 0.6 0.16 47 5 
n 0.33 0.16 0.23 48 6 
n 0.68 0.72 0.89 48 7 
n 0.5 0.34 0.73 49 6 
n 0.32 0.12 0.72 50 5 
n 0.83 0.3 0.9 50 4 
n 0.14 0.16 0.76 50 3 
n 0.86 0.46 0.28 51 3 
n 0.21 0.88 0.71 51 4 
n 0.72 0.62 0.65 51 5 
n 0.52 0.21 0.16 52 4 
n 0.27 0.69 0.2 52 5 
n 0.7 0.85 0.58 52 5 
n 0.18 0.15 0.27 53 6 
n 0.64 0.31 0.16 50 -4 
n 0.65 0.23 0.82 50 -2 
n 0.42 0.13 0.83 50 -0 
n 0.13 0.37 0.36 51 -3 
n 0.47 0.5 0.3 51 -2 
n 0.39 0.45 0.5 51 -0 
n 0.3 0.71 0.13 52 -2 
n 0.83 0.41 0.65 53 -3 
n 0.72 0.78 0.29 53 -2 
n 0.63 0.85 0.52 53 -1 
n 0.51 0.74 0.24 54 -1 
n 0.49 0.4 0.73 55 -1 
n 0.16 0.76 0.1 56 -3 
n 0.86 0.47 0.34 56 -4 
n 0.49 0.49 0.53 56 -3 
n 0.33 0.55 0.23 57 -2 
n 0.42 0.11 0.67 60 -1 
n 0.41 0.35 0.58 62 -6 
n 0.12 0.22 0.5 52 -8 
n 0.14 0.26 0.31 52 -8 
n 0.25 0.68 0.2 53 -6 
n 0.64 0.44 0.44 54 -6 
n 0.11 0.44 0.76 55 -7 
n 0.44 0.21 0.21 64 -22 
n 0.19 0.66 0.7 64 -51 
n 0.42 0.67 0.22 76 -68 
n 0.78 0.5 0.87 70 23 
n 0.22 0.57 0.62 68 17 
n 0.4 0.51 0.59 65 25 
n 0.11 0.8 0.87 61 23 
n 0.49 0.69 0.76 60 22 
n 0.28 0.28 0.61 60 25 
n 0.39 0.64 0.56 63 10 
n 0.89 0.4 0.62 60 5 
n 0.13 0.29 0.52 59 5 
n 0.59 0.65 0.26 60 10 
n 0.52 0.63 0.42 57 12 
n 0.87 0.36 0.64 55 13 
n 0.39 0.11 0.54 58 15 
n 0.55 0.66 0.52 59 18 
n 0.33 0.72 0.29 57 18 
n 0.8 0.64 0.42 56 10 
n 0.45 0.46 0.16 55 10 
n 0.31 0.86 0.36 55 12 
n 0.52 0.4 0.15 53 8 
n 0.87 0.58 0.31 53 10 
n 0.13 0.52 0.72 54 10 
n 0.25 0.78 0.85 54 12 
n 0.84 0.72 0.58 52 7 
n 0.14 0.59 0.41 52 9 
n 0.46 0.66 0.42 52 11 
n 0.61 0.24 0.87 52 13 
n 0.74 0.77 0.71 50 6 
n 0.68 0.86 0.74 50 7 
n 0.25 0.6 0.84 51 7 
n 0.39 0.31 0.78 51 6 
n 0.16 0.16 0.24 51 7 
n 0.58 0.34 0.23 51 7 
n 0.71 0.27 0.1 51 7 
n 0.39 0.81 0.28 51 7 
n 0.29 0.64 0.33 51 7 
n 0.39 0.86 0.59 51 9 
n 0.86 0.65 0.84 51 11 
n 0.69 0.33 0.88 51 12 
n 0.14 0.59 0.47 51 12 
n 0.78 0.75 0.68 50 13 
n 0.42 0.21 0.43 51 13 
n 0.69 0.51 0.75 49 7 
n 0.22 0.15 0.43 50 8 
n 0.32 0.76 0.44 49 8 
n 0.72 0.73 0.29 49 10 
n 0.21 0.81 0.32 49 11 
n 0.47 0.83 0.14 49 8 
n 0.68 0.9 0.21 48 9 
n 0.2 0.69 0.2 49 12 
n 0.85 0.78 0.62 48 11 
n 0.59 0.55 0.14 46 6 
n 0.37 0.55 0.56 46 6 
n 0.58 0.65 0.4 47 7 
n 0.43 0.73 0.62 47 7 
n 0.13 0.8 0.58 47 8 
n 0.76 0.58 0.58 47 11 
n 0.73 0.57 0.73 47 13 
n 0.25 0.74 0.17 48 14 
n 0.47 0.42 0.55 48 16 
n 0.53 0.84 0.42 47 15 
n 0.59 0.84 0.32 45 7 
n 0.72 0.9 0.39 45 9 
n 0.54 0.17 0.2 45 11 
n 0.31 0.56 0.7 45 12 
n 0.77 0.59 0.21 45 13 
n 0.78 0.76 0.21 44 9 
n 0.19 0.77 0.71 44 11 
n 0.39 0.78 0.53 43 11 
n 0.53 0.3 0.13 44 12 
n 0.37 0.17 0.4 39 9 
n 0.62 0.71 0.33 42 12 
n 0.74 0.3 0.12 41 14 
n 0.15 0.72 0.44 41 15 
n 0.56 0.76 0.7 41 17 
n 0.68 0.52 0.37 40 17 
n 0.6 0.61 0.17 38 15 
n 0.36 0.26 0.4 37 15 
n 0.57 0.74 0.62 38 13 
n 0.85 0.42 0.33 36 14 
n 0.65 0.28 0.44 53 14 
n 0.1 0.26 0.59 54 18 
n 0.28 0.26 0.26 53 18 
n 0.26 0.45 0.8 52 17 
n 0.63 0.84 0.75 51 19 
n 0.44 0.3 0.89 52 21 
n 0.43 0.36 0.13 53 23 
n 0.88 0.8 0.31 51 17 
n 0.76 0.66 0.38 50 19 
n 0.71 0.35 0.2 50 20 
n 0.41 0.26 0.56 51 22 
n 0.83 0.72 0.69 49 13 
n 0.55 0.79 0.59 50 14 
n 0.51 0.23 0.45 50 18 
n 0.81 0.86 0.42 49 16 
n 0.72 0.87 0.41 48 17 
n 0.69 0.51 0.23 48 21 
n 0.41 0.17 0.71 47 19 
n 0.37 0.24 0.54 47 21 
n 0.58 0.36 0.12 46 18 
n 0.27 0.17 0.76 46 20 
n 0.12 0.3 0.68 45 21 
n 0.11 0.5 0.72 46 23 
n 0.53 0.33 0.8 47 27 
n 0.83 0.46 0.66 45 24 
n 0.32 0.75 0.45 45 25 
n 0.67 0.81 0.13 44 26 
n 0.41 0.5 0.38 44 28 
n 0.16 0.65 0.58 46 14 
n 0.24 0.38 0.79 45 14 
n 0.16 0.4 0.83 45 16 
n 0.84 0.43 0.72 43 16 
n 0.18 0.26 0.54 44 18 
n 0.75 0.24 0.37 44 20 
n 0.14 0.27 0.7 42 18 
n 0.19 0.79 0.82 42 21 
n 0.18 0.89 0.34 41 20 
n 0.8 0.84 0.31 42 23 
n 0.69 0.85 0.6 42 24 
n 0.63 0.84 0.87 43 28 
n 0.23 0.44 0.56 42 27 
n 0.74 0.44 0.17 39 20 
n 0.54 0.13 0.32 40 23 
n 0.11 0.3 0.15 38 21 
n 0.65 0.32 0.48 38 23 
n 0.55 0.8 0.79 35 25 
n 0.78 0.6 0.77 35 33 
n 0.62 0.39 0.54 69 33 
n 0.22 0.1 0.37 64 40 
n 0.72 0.87 0.61 60 30 
n 0.55 0.33 0.46 59 24 
n 0.28 0.76 0.35 57 24 
n 0.76 0.4 0.62 54 20 
n 0.38 0.83 0.61 54 25 
n 0.21 0.38 0.58 54 27 
n 0.76 0.62 0.71 50 24 
n 0.88 0.39 0.78 50 30 
n 0.33 0.71 0.55 46 30 
n 0.51 0.48 0.52 55 37 
n 0.25 0.88 0.62 56 44 
n 0.75 0.71 0.84 55 49 
n 0.19 0.4 0.85 53 50 
n 0.34 0.4 0.24 51 39 
n 0.89 0.22 0.88 50 36 
n 0.43 0.27 0.23 48 35 
n 0.38 0.32 0.87 44 33 
n 0.82 0.35 0.62 47 39 
n 0.18 0.52 0.67 48 44 
n 0.43 0.11 0.24 46 48 
n 0.65 0.15 0.21 41 44 
n 0.16 0.56 0.33 40 44 
n 0.8 0.83 0.42 40 50 
n 0.72 0.8 0.16 58 56 
n 0.74 0.32 0.47 57 60 
n 0.29 0.53 0.52 67 64 
n 0.83 0.3 0.77 69 88 
n 0.66 0.36 0.14 55 73 
n 0.79 0.6 0.49 55 83 
n 0.44 0.26 0.5 56 92 
n 0.59 0.86 0.34 50 73 
n 0.45 0.79 0.65 43 77 
n 0.77 0.31 0.59 41 69 
n 0.37 0.71 0.25 39 66 
n 0.21 0.17 0.52 38 68 
n 0.25 0.15 0.19 43 87 
n 0.1 0.57 0.87 52 104 
n 0.54 0.56 0.62 48 107 
n 0.18 0.23 0.83 52 113 
n 0.17 0.73 0.41 62 129 
n 0.88 0.34 0.22 64 177 
n 0.84 0.22 0.23 53 158 
n 0.15 0.64 0.24 59 150 
n 0.74 0.79 0.31 50 127 
n 0.13 0.53 0.48 50 137 
n 0.81 0.23 0.3 48 135 
n 0.23 0.74 0.52 47 142 
n 0.81 0.62 0.33 43 132 
n 0.2 0.47 0.69 41 29 
n 0.6 0.22 0.45 38 27 
n 0.4 0.26 0.23 40 33 
n 0.5 0.2 0.85 38 35 
n 0.67 0.72 0.84 39 37 
n 0.81 0.44 0.86 40 41 
n 0.53 0.15 0.18 38 40 
n 0.62 0.61 0.32 37 35 
n 0.25 0.55 0.57 36 37 
n 0.32 0.84 0.79 34 36 
n 0.24 0.82 0.23 33 36 
n 0.1 0.19 0.9 34 35 
n 0.55 0.51 0.24 32 36 
n 0.56 0.77 0.65 32 35 
n 0.2 0.67 0.56 32 34 
n 0.53 0.76 0.49 31 35 
n 0.44 0.67 0.79 24 39 
n 0.3 0.19 0.72 21 39 
n 0.31 0.58 0.73 21 39 
n 0.19 0.86 0.4 15 44 
n 0.14 0.86 0.26 14 43 
n 0.13 0.25 0.69 12 45 
n 0.49 0.49 0.67 14 49 
n 0.24 0.34 0.63 23 58 
n 0.77 0.57 0.4 25 55 
n 0.72 0.42 0.89 25 51 
n 0.85 0.4 0.11 26 50 
n 0.58 0.8 0.77 24 46 
n 0.18 0.19 0.39 29 48 
n 0.68 0.26 0.13 30 47 
n 0.48 0.59 0.42 33 44 
n 0.4 0.7 0.79 35 44 
n 0.52 0.32 0.74 36 43 
n 0.65 0.26 0.64 38 46 
n 0.22 0.41 0.3 37 49 
n 0.13 0.27 0.65 35 51 
n 0.64 0.61 0.42 34 47 
n 0.33 0.17 0.38 30 48 
n 0.27 0.57 0.36 32 51 
n 0.51 0.43 0.26 29 52 
n 0.24 0.76 0.78 30 57 
n 0.63 0.11 0.28 36 59 
n 0.15 0.29 0.48 34 62 
n 0.46 0.78 0.79 31 65 
n 0.72 0.11 0.23 34 69 
n 0.43 0.88 0.38 33 73 
n 0.39 0.89 0.32 31 74 
n 0.4 0.19 0.28 31 73 
n 0.86 0.18 0.2 30 71 
n 0.8 0.64 0.81 30 67 
n 0.73 0.27 0.21 27 69 
n 0.84 0.45 0.64 25 68 
n 0.88 0.61 0.73 25 67 
n 0.55 0.23 0.23 30 78 
n 0.41 0.19 0.86 28 77 
n 0.26 0.43 0.18 26 73 
n 0.6 0.16 0.61 27 75 
n 0.14 0.77 0.57 26 80 
n 0.63 0.37 0.17 25 83 
n 0.46 0.19 0.23 25 85 
n 0.83 0.67 0.85 22 88 
n 0.71 0.46 0.39 23 72 
n 0.67 0.79 0.67 21 79 
n 0.18 0.42 0.66 20 86 
n 0.57 0.76 0.14 19 72 
n 0.36 0.32 0.85 17 78 
n 0.75 0.35 0.33 17 83 
n 0.89 0.46 0.62 15 75 
n 0.81 0.89 0.72 13 77 
n 0.11 0.89 0.22 13 80 
n 0.34 0.73 0.19 10 78 
n 0.79 0.11 0.76 10 78 
n 0.6 0.52 0.56 7 80 
n 0.51 0.8 0.13 27 85 
n 0.56 0.19 0.62 27 89 
n 0.81 0.74 0.35 23 90 
n 0.29 0.62 0.75 22 92 
n 0.71 0.88 0.86 22 96 
n 0.69 0.75 0.4 16 96 
n 0.65 0.58 0.79 18 99 
n 0.62 0.71 0.45 20 102 
n 0.87 0.21 0.42 18 102 
n 0.28 0.45 0.54 21 106 
n 0.26 0.37 0.52 16 107 
n 0.2 0.71 0.72 16 108 
n 0.5 0.32 0.76 10 106 
n 0.7 0.55 0.77 11 105 
n 0.62 0.34 0.63 13 100 
n 0.5 0.11 0.31 5 100 
n 0.44 0.14 0.41 3 101 
n 0.41 0.35 0.84 1 104 
n 0.28 0.61 0.34 3 98 
n 0.55 0.65 0.7 -1 100 
n 0.9 0.55 0.42 -3 104 
n 0.22 0.6 0.64 -6 106 
n 0.68 0.41 0.66 -7 107 
n 0.27 0.22 0.74 -7 110 
n 0.34 0.32 0.22 -7 112 
n 0.38 0.56 0.82 -8 115 
n 0.41 0.72 0.87 -10 123 
n 0.1 0.21 0.87 -3 114 
n 0.33 0.28 0.29 1 110 
n 0.39 0.25 0.53 5 115 
n 0.16 0.83 0.16 -0 117 
n 0.53 0.68 0.28 -5 119 
n 0.63 0.26 0.34 1 125 
n 0.56 0.47 0.15 -3 128 
n 0.56 0.6 0.6 -5 132 
n 0.73 0.74 0.71 7 125 
n 0.76 0.69 0.26 10 124 
n 0.18 0.63 0.41 10 122 
n 0.7 0.19 0.83 14 121 
n 0.76 0.39 0.7 22 114 
n 0.21 0.73 0.47 22 120 
n 0.1 0.87 0.5 25 121 
n 0.85 0.83 0.37 29 91 
n 0.54 0.78 0.78 36 103 
n 0.37 0.69 0.85 34 109 
n 0.11 0.44 0.6 30 104 
n 0.74 0.56 0.2 29 106 
n 0.51 0.42 0.6 25 102 
n 0.71 0.34 0.5 23 113 
n 0.82 0.51 0.29 26 119 
n 0.17 0.58 0.86 30 114 
n 0.83 0.87 0.51 32 118 
n 0.19 0.3 0.42 31 121 
n 0.14 0.18 0.84 34 113 
n 0.76 0.29 0.75 36 120 
n 0.68 0.61 0.41 38 112 
n 0.72 0.66 0.21 39 117 
n 0.46 0.3 0.31 40 116 
n 0.2 0.22 0.27 39 121 
n 0.4 0.41 0.25 41 123 
n 0.42 0.53 0.23 45 126 
n 0.81 0.66 0.44 39 125 
n 0.79 0.82 0.11 37 127 
n 0.42 0.23 0.7 35 129 
n 0.51 0.19 0.52 43 141 
n 0.41 0.14 0.43 39 140 
n 0.48 0.19 0.76 38 141 
n 0.31 0.51 0.6 35 139 
n 0.47 0.47 0.11 35 137 
n 0.11 0.14 0.23 36 136 
n 0.73 0.61 0.18 35 135 
n 0.72 0.17 0.32 34 135 
n 0.16 0.34 0.85 34 132 
n 0.88 0.31 0.62 32 130 
n 0.55 0.46 0.82 31 130 
n 0.23 0.18 0.41 26 127 
n 0.88 0.32 0.52 13 144 
n 0.41 0.59 0.61 -2 140 
n 0.7 0.65 0.37 -4 152 
n 0.11 0.28 0.57 -9 147 
n 0.76 0.87 0.23 -12 130 
n 0.72 0.69 0.51 -32 116 
n 0.78 0.57 0.83 -35 138 
n 0.16 0.81 0.54 -37 145 
n 0.51 0.87 0.86 -43 147 
n 0.78 0.59 0.15 -34 151 
n 0.4 0.26 0.38 -27 153 
n 0.74 0.68 0.56 -19 146 
n 0.78 0.61 0.5 -23 134 
n 0.68 0.64 0.72 -46 170 
n 0.86 0.26 0.14 -43 172 
n 0.73 0.25 0.12 -41 174 
n 0.54 0.15 0.13 -37 174 
n 0.42 0.15 0.89 -21 -175 
n 0.59 0.37 0.59 -14 -170 
n 0.78 0.14 0.42 -18 178 
n 0.38 0.12 0.3 -22 166 
n 0.72 0.74 0.65 -9 160 
n 0.12 0.21 0.12 -0 167 
n 0.88 0.32 0.73 11 165 
n 0.17 0.7 0.84 21 -158 
n 0.34 0.69 0.22 2 -157 
n 0.64 0.63 0.55 -9 -139 
n 0.22 0.56 0.85 -17 -149 
n 0.76 0.29 0.71 -25 -130 
n 0.47 0.19 0.9 -27 -109 
