t 150 20 4
n 0.26 0.74 0.67 0.75 1380 939 
n 0.59 0.56 0.78 0.13 2848 96 
n 0.45 0.88 0.82 0.6 3510 1671 
n 0.87 0.15 0.41 0.69 457 334 
n 0.76 0.68 0.33 0.63 3888 666 
n 0.72 0.54 0.14 0.61 984 965 
n 0.9 0.11 0.25 0.58 2721 1482 
n 0.1 0.6 0.28 0.55 1286 525 
n 0.37 0.52 0.42 0.67 2716 1432 
n 0.16 0.21 0.41 0.86 738 1325 
n 0.75 0.27 0.73 0.56 1251 1832 
n 0.81 0.24 0.57 0.41 2728 1698 
n 0.53 0.49 0.34 0.69 3815 169 
n 0.55 0.53 0.35 0.5 3683 1533 
n 0.11 0.81 0.54 0.62 1247 1945 
n 0.5 0.25 0.25 0.87 123 862 
n 0.21 0.7 0.32 0.41 1234 1946 
n 0.12 0.71 0.82 0.7 252 1240 
n 0.55 0.18 0.49 0.39 611 673 
n 0.57 0.87 0.1 0.73 2576 1676 
n 0.51 0.9 0.6 0.22 928 1700 
n 0.83 0.56 0.31 0.59 53 857 
n 0.55 0.84 0.7 0.46 1807 1711 
n 0.16 0.12 0.24 0.73 274 1420 
n 0.85 0.85 0.44 0.45 2574 946 
n 0.18 0.73 0.2 0.76 178 24 
n 0.47 0.7 0.8 0.83 2678 1825 
n 0.35 0.5 0.78 0.5 1795 962 
n 0.6 0.39 0.26 0.38 3384 1498 
n 0.66 0.44 0.55 0.38 3520 1079 
n 0.81 0.85 0.77 0.74 1256 61 
n 0.18 0.82 0.88 0.87 1424 1728 
n 0.87 0.51 0.48 0.54 3913 192 
n 0.29 0.47 0.87 0.19 3085 1528 
n 0.71 0.23 0.15 0.61 2573 1969 
n 0.62 0.68 0.79 0.35 463 1670 
n 0.82 0.72 0.71 0.42 3875 598 
n 0.46 0.33 0.61 0.21 298 1513 
n 0.64 0.66 0.52 0.77 3479 821 
n 0.31 0.48 0.43 0.51 2542 236 
n 0.72 0.32 0.84 0.85 3955 1743 
n 0.88 0.38 0.29 0.27 1323 280 
n 0.73 0.61 0.41 0.62 3447 1830 
n 0.59 0.77 0.41 0.54 2936 337 
n 0.24 0.71 0.19 0.84 1621 1830 
n 0.27 0.18 0.77 0.19 3373 1646 
n 0.52 0.4 0.46 0.3 1393 1368 
n 0.56 0.14 0.58 0.11 3874 1318 
n 0.51 0.8 0.19 0.39 938 955 
n 0.57 0.7 0.62 0.45 3022 474 
n 0.45 0.44 0.66 0.68 2482 1183 
n 0.7 0.37 0.53 0.49 3854 923 
n 0.48 0.34 0.49 0.86 376 825 
n 0.38 0.11 0.8 0.41 2519 135 
n 0.86 0.76 0.49 0.21 2945 1622 
n 0.24 0.6 0.16 0.33 953 268 
n 0.16 0.23 0.68 0.72 2628 1479 
n 0.89 0.5 0.34 0.73 2097 981 
n 0.32 0.12 0.72 0.83 890 1846 
n 0.3 0.9 0.14 0.16 2139 1806 
n 0.76 0.86 0.46 0.28 2421 1007 
n 0.21 0.88 0.71 0.72 2290 1810 
n 0.62 0.65 0.52 0.21 1115 1052 
n 0.16 0.27 0.69 0.2 2588 302 
n 0.7 0.85 0.58 0.18 327 265 
n 0.15 0.27 0.64 0.31 241 341 
n 0.16 0.65 0.23 0.82 1917 687 
n 0.42 0.13 0.83 0.13 2991 792 
n 0.37 0.36 0.47 0.5 2573 599 
n 0.3 0.39 0.45 0.5 19 674 
n 0.3 0.71 0.13 0.83 3911 1673 
n 0.41 0.65 0.72 0.78 872 1559 
n 0.29 0.63 0.85 0.52 2863 558 
n 0.51 0.74 0.24 0.49 929 1766 
n 0.4 0.73 0.16 0.76 839 620 
n 0.1 0.86 0.47 0.34 3893 102 
n 0.49 0.49 0.53 0.33 2178 1619 
n 0.55 0.23 0.42 0.11 3822 899 
n 0.67 0.41 0.35 0.58 378 1048 
n 0.12 0.22 0.5 0.14 1178 100 
n 0.26 0.31 0.25 0.68 2599 901 
n 0.2 0.64 0.44 0.44 3416 143 
n 0.11 0.44 0.76 0.44 2961 1605 
n 0.21 0.21 0.19 0.66 611 1384 
n 0.7 0.42 0.67 0.22 3113 885 
n 0.78 0.5 0.87 0.22 2597 1830 
n 0.57 0.62 0.4 0.51 2586 1286 
n 0.59 0.11 0.8 0.87 161 906 
n 0.49 0.69 0.76 0.28 1429 134 
n 0.28 0.61 0.39 0.64 742 1025 
n 0.56 0.89 0.4 0.62 1625 1651 
n 0.13 0.29 0.52 0.59 1187 706 
n 0.65 0.26 0.52 0.63 1787 1009 
n 0.42 0.87 0.36 0.64 22 987 
n 0.39 0.11 0.54 0.55 3640 43 
n 0.66 0.52 0.33 0.72 3756 882 
n 0.29 0.8 0.64 0.42 776 392 
n 0.45 0.46 0.16 0.31 1724 1642 
n 0.86 0.36 0.52 0.4 198 1810 
n 0.15 0.87 0.58 0.31 3950 1558 
n 0.13 0.52 0.72 0.25 3477 949 
n 0.78 0.85 0.84 0.72 91 1732 
n 0.58 0.14 0.59 0.41 3972 329 
n 0.46 0.66 0.42 0.61 198 1632 
n 0.24 0.87 0.74 0.77 1806 733 
n 0.71 0.68 0.86 0.74 538 1023 
n 0.25 0.6 0.84 0.39 3430 1088 
n 0.31 0.78 0.16 0.16 2186 766 
n 0.24 0.58 0.34 0.23 1513 1646 
n 0.71 0.27 0.1 0.39 2143 1611 
n 0.81 0.28 0.29 0.64 53 1657 
n 0.33 0.39 0.86 0.59 3404 1307 
n 0.86 0.65 0.84 0.69 1034 1344 
n 0.33 0.88 0.14 0.59 2823 376 
n 0.47 0.78 0.75 0.68 3104 1931 
n 0.42 0.21 0.43 0.69 3232 324 
n 0.51 0.75 0.22 0.15 2790 1457 
n 0.43 0.32 0.76 0.44 374 9 
n 0.72 0.73 0.29 0.21 741 146 
n 0.81 0.32 0.47 0.83 3083 1938 
n 0.14 0.68 0.9 0.21 3502 1067 
n 0.2 0.69 0.2 0.85 1280 237 
n 0.78 0.62 0.59 0.55 3326 1846 
n 0.14 0.37 0.55 0.56 217 38 
n 0.58 0.65 0.4 0.43 2503 1172 
n 0.73 0.62 0.13 0.8 3527 41 
n 0.58 0.76 0.58 0.58 739 1850 
n 0.73 0.57 0.73 0.25 3548 1999 
n 0.74 0.17 0.47 0.42 48 154 
n 0.55 0.53 0.84 0.42 1419 872 
n 0.59 0.84 0.32 0.72 1689 1223 
n 0.9 0.39 0.54 0.17 3468 1404 
n 0.2 0.31 0.56 0.7 1628 253 
n 0.77 0.59 0.21 0.78 382 872 
n 0.76 0.21 0.19 0.77 3029 1242 
n 0.71 0.39 0.78 0.53 3646 1758 
n 0.53 0.3 0.13 0.37 285 1029 
n 0.17 0.4 0.62 0.71 1782 93 
n 0.33 0.74 0.3 0.12 1067 371 
n 0.15 0.72 0.44 0.56 2849 1214 
n 0.76 0.7 0.68 0.52 920 1835 
n 0.37 0.6 0.61 0.17 1741 712 
n 0.36 0.26 0.4 0.57 876 220 
n 0.74 0.62 0.85 0.42 2753 283 
n 0.33 0.65 0.28 0.44 2609 1286 
n 0.1 0.26 0.59 0.28 3941 258 
n 0.26 0.26 0.26 0.45 3613 523 
n 0.8 0.63 0.84 0.75 1754 559 
n 0.44 0.3 0.89 0.43 2916 1724 
n 0.36 0.13 0.88 0.8 2445 1820 
