t 100 10 3
n 0.44 0.44 0.5 1380 939 
n 0.88 0.68 0.84 2848 96 
n 0.15 0.45 0.66 3510 1671 
n 0.13 0.49 0.28 457 334 
n 0.65 0.9 0.51 3888 666 
n 0.55 0.51 0.32 984 965 
n 0.51 0.89 0.26 2721 1482 
n 0.65 0.81 0.85 1286 525 
n 0.59 0.28 0.45 2716 1432 
n 0.66 0.3 0.34 738 1325 
n 0.6 0.85 0.45 1251 1832 
n 0.3 0.14 0.63 2728 1698 
n 0.36 0.13 0.64 3815 169 
n 0.41 0.78 0.58 3683 1533 
n 0.61 0.76 0.44 1247 1945 
n 0.21 0.66 0.34 123 862 
n 0.49 0.77 0.65 1234 1946 
n 0.15 0.8 0.6 252 1240 
n 0.1 0.28 0.11 611 673 
n 0.52 0.46 0.56 2576 1676 
n 0.44 0.62 0.43 928 1700 
n 0.22 0.84 0.82 53 857 
n 0.25 0.48 0.79 1807 1711 
n 0.46 0.77 0.83 274 1420 
n 0.75 0.16 0.67 2574 946 
n 0.58 0.88 0.41 178 24 
n 0.57 0.17 0.74 2678 1825 
n 0.17 0.6 0.31 1795 962 
n 0.51 0.14 0.27 3384 1498 
n 0.52 0.37 0.73 3520 1079 
n 0.17 0.57 0.8 1256 61 
n 0.82 0.84 0.15 1424 1728 
n 0.39 0.18 0.54 3913 192 
n 0.36 0.46 0.6 3085 1528 
n 0.2 0.62 0.25 2573 1969 
n 0.38 0.68 0.17 463 1670 
n 0.24 0.34 0.84 3875 598 
n 0.39 0.39 0.89 298 1513 
n 0.44 0.31 0.12 3479 821 
n 0.78 0.76 0.26 2542 236 
n 0.74 0.65 0.25 3955 1743 
n 0.18 0.66 0.74 1323 280 
n 0.51 0.7 0.53 3447 1830 
n 0.39 0.27 0.55 2936 337 
n 0.59 0.61 0.25 1621 1830 
n 0.7 0.41 0.71 3373 1646 
n 0.78 0.6 0.12 1393 1368 
n 0.87 0.26 0.69 3874 1318 
n 0.38 0.48 0.75 938 955 
n 0.28 0.36 0.48 3022 474 
n 0.41 0.35 0.81 2482 1183 
n 0.49 0.22 0.78 3854 923 
n 0.74 0.62 0.18 376 825 
n 0.87 0.55 0.73 2519 135 
n 0.54 0.42 0.66 2945 1622 
n 0.75 0.72 0.32 953 268 
n 0.47 0.35 0.54 2628 1479 
n 0.9 0.17 0.55 2097 981 
n 0.1 0.3 0.6 890 1846 
n 0.56 0.39 0.36 2139 1806 
n 0.5 0.74 0.8 2421 1007 
n 0.15 0.73 0.83 2290 1810 
n 0.53 0.54 0.2 1115 1052 
n 0.78 0.84 0.58 2588 302 
n 0.41 0.56 0.5 327 265 
n 0.41 0.88 0.56 241 341 
n 0.21 0.5 0.48 1917 687 
n 0.39 0.69 0.67 2991 792 
n 0.2 0.84 0.63 2573 599 
n 0.86 0.69 0.8 19 674 
n 0.64 0.8 0.77 3911 1673 
n 0.21 0.87 0.72 872 1559 
n 0.12 0.64 0.82 2863 558 
n 0.18 0.58 0.57 929 1766 
n 0.11 0.33 0.59 839 620 
n 0.23 0.8 0.21 3893 102 
n 0.69 0.82 0.31 2178 1619 
n 0.79 0.75 0.5 3822 899 
n 0.4 0.19 0.88 378 1048 
n 0.26 0.41 0.53 1178 100 
n 0.15 0.53 0.27 2599 901 
n 0.48 0.63 0.38 3416 143 
n 0.63 0.19 0.68 2961 1605 
n 0.57 0.41 0.36 611 1384 
n 0.8 0.49 0.52 3113 885 
n 0.4 0.62 0.73 2597 1830 
n 0.81 0.61 0.33 2586 1286 
n 0.26 0.19 0.8 161 906 
n 0.61 0.29 0.68 1429 134 
n 0.85 0.34 0.59 742 1025 
n 0.83 0.14 0.46 1625 1651 
n 0.82 0.59 0.46 1187 706 
n 0.35 0.41 0.74 1787 1009 
n 0.56 0.42 0.32 22 987 
n 0.48 0.85 0.8 3640 43 
n 0.89 0.61 0.89 3756 882 
n 0.62 0.54 0.78 776 392 
n 0.32 0.82 0.3 1724 1642 
n 0.83 0.87 0.34 198 1810 
n 0.76 0.48 0.6 3950 1558 
