t 150 20 3
n 0.46 0.6 0.2 1380 939 
n 0.62 0.25 0.38 2848 96 
n 0.68 0.17 0.24 3510 1671 
n 0.34 0.84 0.39 457 334 
n 0.39 0.89 0.44 3888 666 
n 0.31 0.12 0.78 984 965 
n 0.76 0.26 0.74 2721 1482 
n 0.65 0.25 0.18 1286 525 
n 0.66 0.74 0.51 2716 1432 
n 0.7 0.53 0.39 738 1325 
n 0.27 0.55 0.59 1251 1832 
n 0.61 0.25 0.7 2728 1698 
n 0.41 0.71 0.78 3815 169 
n 0.6 0.12 0.87 3683 1533 
n 0.26 0.69 0.38 1247 1945 
n 0.48 0.75 0.28 123 862 
n 0.36 0.48 0.41 1234 1946 
n 0.35 0.81 0.49 252 1240 
n 0.22 0.78 0.74 611 673 
n 0.62 0.18 0.87 2576 1676 
n 0.55 0.73 0.54 928 1700 
n 0.42 0.66 0.75 53 857 
n 0.72 0.32 0.47 1807 1711 
n 0.35 0.54 0.9 274 1420 
n 0.17 0.55 0.1 2574 946 
n 0.3 0.6 0.56 178 24 
n 0.39 0.36 0.5 2678 1825 
n 0.74 0.8 0.15 1795 962 
n 0.73 0.83 0.53 3384 1498 
n 0.54 0.2 0.78 3520 1079 
n 0.84 0.58 0.41 1256 61 
n 0.56 0.5 0.41 1424 1728 
n 0.88 0.56 0.21 3913 192 
n 0.5 0.48 0.39 3085 1528 
n 0.69 0.67 0.2 2573 1969 
n 0.84 0.63 0.86 463 1670 
n 0.69 0.8 0.64 3875 598 
n 0.8 0.77 0.21 298 1513 
n 0.87 0.72 0.12 3479 821 
n 0.64 0.82 0.18 2542 236 
n 0.58 0.57 0.11 3955 1743 
n 0.33 0.59 0.23 1323 280 
n 0.8 0.21 0.69 3447 1830 
n 0.82 0.31 0.79 2936 337 
n 0.75 0.5 0.4 1621 1830 
n 0.19 0.88 0.26 3373 1646 
n 0.41 0.53 0.15 1393 1368 
n 0.53 0.27 0.48 3874 1318 
n 0.63 0.38 0.63 938 955 
n 0.19 0.68 0.57 3022 474 
n 0.41 0.36 0.8 2482 1183 
n 0.49 0.52 0.4 3854 923 
n 0.62 0.73 0.81 376 825 
n 0.61 0.33 0.26 2519 135 
n 0.19 0.8 0.61 2945 1622 
n 0.29 0.68 0.85 953 268 
n 0.34 0.59 0.83 2628 1479 
n 0.14 0.46 0.82 2097 981 
n 0.59 0.46 0.35 890 1846 
n 0.41 0.74 0.56 2139 1806 
n 0.42 0.32 0.48 2421 1007 
n 0.85 0.8 0.89 2290 1810 
n 0.61 0.89 0.62 1115 1052 
n 0.54 0.78 0.32 2588 302 
n 0.82 0.3 0.83 327 265 
n 0.87 0.34 0.76 241 341 
n 0.48 0.6 0.23 1917 687 
n 0.31 0.17 0.73 2991 792 
n 0.34 0.83 0.18 2573 599 
n 0.19 0.3 0.41 19 674 
n 0.47 0.26 0.72 3911 1673 
n 0.86 0.3 0.49 872 1559 
n 0.3 0.37 0.55 2863 558 
n 0.67 0.36 0.83 929 1766 
n 0.11 0.19 0.31 839 620 
n 0.67 0.72 0.14 3893 102 
n 0.27 0.17 0.2 2178 1619 
n 0.17 0.38 0.37 3822 899 
n 0.42 0.27 0.67 378 1048 
n 0.57 0.53 0.85 1178 100 
n 0.89 0.72 0.74 2599 901 
n 0.85 0.32 0.84 3416 143 
n 0.51 0.9 0.3 2961 1605 
n 0.73 0.76 0.17 611 1384 
n 0.87 0.36 0.59 3113 885 
n 0.89 0.7 0.76 2597 1830 
n 0.32 0.29 0.58 2586 1286 
n 0.82 0.47 0.74 161 906 
n 0.17 0.75 0.88 1429 134 
n 0.73 0.9 0.64 742 1025 
n 0.49 0.89 0.27 1625 1651 
n 0.34 0.44 0.41 1187 706 
n 0.75 0.82 0.34 1787 1009 
n 0.38 0.31 0.2 22 987 
n 0.52 0.35 0.4 3640 43 
n 0.28 0.66 0.19 3756 882 
n 0.76 0.56 0.77 776 392 
n 0.63 0.86 0.12 1724 1642 
n 0.58 0.86 0.27 198 1810 
n 0.22 0.8 0.25 3950 1558 
n 0.3 0.14 0.26 3477 949 
n 0.57 0.48 0.69 91 1732 
n 0.19 0.62 0.17 3972 329 
n 0.26 0.39 0.56 198 1632 
n 0.52 0.85 0.42 1806 733 
n 0.16 0.77 0.53 538 1023 
n 0.62 0.58 0.79 3430 1088 
n 0.56 0.18 0.56 2186 766 
n 0.62 0.22 0.85 1513 1646 
n 0.25 0.63 0.11 2143 1611 
n 0.29 0.31 0.45 53 1657 
n 0.34 0.18 0.46 3404 1307 
n 0.83 0.31 0.23 1034 1344 
n 0.42 0.65 0.83 2823 376 
n 0.4 0.24 0.71 3104 1931 
n 0.14 0.82 0.68 3232 324 
n 0.4 0.53 0.44 2790 1457 
n 0.75 0.11 0.54 374 9 
n 0.5 0.36 0.88 741 146 
n 0.55 0.85 0.66 3083 1938 
n 0.32 0.78 0.15 3502 1067 
n 0.28 0.43 0.74 1280 237 
n 0.33 0.86 0.43 3326 1846 
n 0.71 0.25 0.82 217 38 
n 0.29 0.79 0.29 2503 1172 
n 0.12 0.84 0.29 3527 41 
n 0.87 0.33 0.27 739 1850 
n 0.83 0.84 0.11 3548 1999 
n 0.42 0.66 0.66 48 154 
n 0.86 0.64 0.71 1419 872 
n 0.31 0.69 0.28 1689 1223 
n 0.65 0.27 0.78 3468 1404 
n 0.7 0.7 0.35 1628 253 
n 0.7 0.6 0.11 382 872 
n 0.41 0.12 0.1 3029 1242 
n 0.29 0.77 0.8 3646 1758 
n 0.65 0.66 0.54 285 1029 
n 0.34 0.71 0.52 1782 93 
n 0.72 0.15 0.54 1067 371 
n 0.27 0.13 0.43 2849 1214 
n 0.11 0.16 0.5 920 1835 
n 0.76 0.1 0.89 1741 712 
n 0.23 0.17 0.3 876 220 
n 0.11 0.79 0.47 2753 283 
n 0.27 0.5 0.59 2609 1286 
n 0.72 0.17 0.48 3941 258 
n 0.87 0.43 0.18 3613 523 
n 0.63 0.48 0.89 1754 559 
n 0.41 0.42 0.82 2916 1724 
n 0.89 0.73 0.81 2445 1820 
