t 200 5 5
n 0.85 0.71 0.46 0.39 0.67 1357 1905 
n 0.79 0.67 0.18 0.42 0.66 2650 802 
n 0.57 0.76 0.14 0.36 0.32 1774 107 
n 0.85 0.75 0.35 0.33 0.89 1307 964 
n 0.46 0.62 0.81 0.89 0.72 3806 746 
n 0.11 0.89 0.22 0.34 0.73 2687 1353 
n 0.19 0.79 0.11 0.76 0.6 43 1957 
n 0.52 0.56 0.51 0.8 0.13 3092 1668 
n 0.56 0.19 0.62 0.81 0.74 185 1542 
n 0.35 0.29 0.62 0.75 0.71 834 629 
n 0.88 0.86 0.69 0.75 0.4 40 462 
n 0.65 0.58 0.79 0.62 0.71 1183 1391 
n 0.45 0.87 0.21 0.42 0.28 2048 1628 
n 0.45 0.54 0.26 0.37 0.52 1097 643 
n 0.2 0.71 0.72 0.5 0.32 1838 1732 
n 0.76 0.7 0.55 0.77 0.62 234 1118 
n 0.34 0.63 0.5 0.11 0.31 3314 1881 
n 0.44 0.14 0.41 0.41 0.35 737 1285 
n 0.84 0.28 0.61 0.34 0.55 779 777 
n 0.65 0.7 0.9 0.55 0.42 2312 1949 
n 0.22 0.6 0.64 0.68 0.41 2576 189 
n 0.66 0.27 0.22 0.74 0.34 3078 1541 
n 0.32 0.22 0.38 0.56 0.82 2781 478 
n 0.41 0.72 0.87 0.1 0.21 705 1812 
n 0.87 0.33 0.28 0.29 0.39 3409 1917 
n 0.25 0.53 0.16 0.83 0.16 323 1714 
n 0.53 0.68 0.28 0.63 0.26 1660 1556 
n 0.34 0.56 0.47 0.15 0.56 3729 1188 
n 0.6 0.6 0.73 0.74 0.71 693 1383 
n 0.76 0.69 0.26 0.18 0.63 2361 640 
n 0.41 0.7 0.19 0.83 0.76 2433 1538 
n 0.39 0.7 0.21 0.73 0.47 554 1825 
n 0.1 0.87 0.5 0.85 0.83 913 317 
n 0.37 0.54 0.78 0.78 0.37 3586 1909 
n 0.69 0.85 0.11 0.44 0.6 2636 727 
n 0.74 0.56 0.2 0.51 0.42 1000 457 
n 0.6 0.71 0.34 0.5 0.82 482 1337 
n 0.51 0.29 0.17 0.58 0.86 3704 1082 
n 0.83 0.87 0.51 0.19 0.3 3635 1174 
n 0.42 0.14 0.18 0.84 0.76 1362 1526 
n 0.29 0.75 0.68 0.61 0.41 2049 417 
n 0.72 0.66 0.21 0.46 0.3 2552 1909 
n 0.31 0.2 0.22 0.27 0.4 3939 640 
n 0.41 0.25 0.42 0.53 0.23 219 898 
n 0.81 0.66 0.44 0.79 0.82 812 351 
n 0.11 0.42 0.23 0.7 0.51 901 1552 
n 0.19 0.52 0.41 0.14 0.43 2513 1572 
n 0.48 0.19 0.76 0.31 0.51 242 584 
n 0.6 0.47 0.47 0.11 0.11 826 1226 
n 0.14 0.23 0.73 0.61 0.18 3278 799 
n 0.72 0.17 0.32 0.16 0.34 86 1065 
n 0.85 0.88 0.31 0.62 0.55 14 454 
n 0.46 0.82 0.23 0.18 0.41 1327 1893 
n 0.88 0.32 0.52 0.41 0.59 2773 1286 
n 0.61 0.7 0.65 0.37 0.11 2469 1838 
n 0.28 0.57 0.76 0.87 0.23 3835 963 
n 0.72 0.69 0.51 0.78 0.57 1031 428 
n 0.83 0.16 0.81 0.54 0.51 3853 1712 
n 0.87 0.86 0.78 0.59 0.15 1868 197 
n 0.4 0.26 0.38 0.74 0.68 1544 863 
n 0.56 0.78 0.61 0.5 0.68 457 1607 
n 0.64 0.72 0.86 0.26 0.14 3174 1064 
n 0.73 0.25 0.12 0.54 0.15 192 1004 
n 0.13 0.42 0.15 0.89 0.59 2318 1925 
n 0.37 0.59 0.78 0.14 0.42 2232 1374 
n 0.38 0.12 0.3 0.72 0.74 396 828 
n 0.65 0.12 0.21 0.12 0.88 2365 1649 
n 0.32 0.73 0.17 0.7 0.84 2499 658 
n 0.34 0.69 0.22 0.64 0.63 1410 307 
n 0.55 0.22 0.56 0.85 0.76 2990 214 
n 0.29 0.71 0.47 0.19 0.9 3646 1018 
n 0.43 0.13 0.21 0.64 0.51 3394 1028 
n 0.69 0.58 0.83 0.86 0.15 1779 90 
n 0.63 0.53 0.57 0.5 0.37 1058 372 
n 0.9 0.74 0.1 0.74 0.77 2933 1459 
n 0.68 0.23 0.34 0.63 0.79 3099 173 
n 0.71 0.32 0.18 0.39 0.35 2178 978 
n 0.31 0.78 0.19 0.81 0.12 138 1610 
n 0.86 0.37 0.73 0.81 0.55 2082 1753 
n 0.25 0.4 0.65 0.75 0.79 2302 1127 
n 0.67 0.48 0.18 0.36 0.65 805 272 
n 0.25 0.44 0.12 0.85 0.8 22 1617 
n 0.89 0.87 0.78 0.23 0.37 3213 1085 
n 0.47 0.32 0.82 0.59 0.88 99 536 
n 0.43 0.57 0.12 0.83 0.68 1533 1780 
n 0.74 0.43 0.43 0.38 0.36 3564 676 
n 0.31 0.31 0.39 0.54 0.57 29 6 
n 0.4 0.14 0.83 0.73 0.43 3808 1375 
n 0.3 0.71 0.14 0.76 0.65 2221 291 
n 0.54 0.71 0.5 0.82 0.75 3499 1885 
n 0.82 0.32 0.58 0.41 0.43 3124 408 
n 0.65 0.69 0.72 0.45 0.7 781 671 
n 0.16 0.15 0.46 0.23 0.65 1027 1041 
n 0.4 0.33 0.32 0.65 0.63 3249 378 
n 0.64 0.1 0.19 0.67 0.16 3297 491 
n 0.49 0.32 0.65 0.51 0.27 213 220 
n 0.23 0.2 0.14 0.82 0.21 721 186 
n 0.22 0.53 0.31 0.52 0.55 3736 1542 
n 0.87 0.29 0.77 0.12 0.55 868 731 
n 0.52 0.71 0.14 0.68 0.6 960 303 
n 0.37 0.66 0.13 0.56 0.24 1380 939 
n 0.45 0.55 0.14 0.5 0.38 2848 96 
n 0.11 0.32 0.38 0.23 0.26 3510 1671 
n 0.2 0.32 0.59 0.84 0.6 457 334 
n 0.63 0.38 0.55 0.48 0.83 3888 666 
n 0.78 0.19 0.71 0.7 0.43 984 965 
n 0.55 0.31 0.71 0.55 0.75 2721 1482 
n 0.52 0.53 0.83 0.49 0.38 1286 525 
n 0.55 0.29 0.17 0.55 0.75 2716 1432 
n 0.38 0.13 0.62 0.13 0.83 738 1325 
n 0.79 0.42 0.78 0.2 0.22 1251 1832 
n 0.73 0.62 0.67 0.8 0.37 2728 1698 
n 0.23 0.83 0.8 0.44 0.32 3815 169 
n 0.51 0.47 0.72 0.28 0.76 3683 1533 
n 0.17 0.31 0.68 0.63 0.7 1247 1945 
n 0.81 0.36 0.49 0.62 0.77 123 862 
n 0.3 0.1 0.64 0.7 0.15 1234 1946 
n 0.6 0.33 0.87 0.44 0.35 252 1240 
n 0.23 0.74 0.51 0.22 0.56 611 673 
n 0.41 0.13 0.16 0.75 0.17 2576 1676 
n 0.37 0.14 0.63 0.42 0.23 928 1700 
n 0.44 0.5 0.31 0.27 0.24 53 857 
n 0.23 0.55 0.73 0.15 0.15 1807 1711 
n 0.74 0.11 0.77 0.53 0.29 274 1420 
n 0.69 0.82 0.72 0.51 0.49 2574 946 
n 0.23 0.74 0.79 0.46 0.86 178 24 
n 0.33 0.33 0.56 0.57 0.9 2678 1825 
n 0.13 0.25 0.19 0.54 0.31 1795 962 
n 0.31 0.89 0.3 0.73 0.54 3384 1498 
n 0.12 0.56 0.18 0.12 0.67 3520 1079 
n 0.22 0.32 0.27 0.67 0.86 1256 61 
n 0.66 0.46 0.8 0.68 0.68 1424 1728 
n 0.43 0.72 0.69 0.5 0.78 3913 192 
n 0.47 0.75 0.65 0.43 0.67 3085 1528 
n 0.33 0.12 0.63 0.66 0.67 2573 1969 
n 0.29 0.56 0.57 0.16 0.81 463 1670 
n 0.58 0.44 0.16 0.31 0.34 3875 598 
n 0.74 0.22 0.59 0.16 0.35 298 1513 
n 0.76 0.53 0.61 0.42 0.42 3479 821 
n 0.34 0.21 0.69 0.83 0.31 2542 236 
n 0.62 0.48 0.84 0.28 0.16 3955 1743 
n 0.62 0.45 0.13 0.83 0.53 1323 280 
n 0.21 0.18 0.3 0.11 0.75 3447 1830 
n 0.81 0.61 0.9 0.27 0.87 2936 337 
n 0.33 0.7 0.88 0.84 0.39 1621 1830 
n 0.22 0.23 0.58 0.83 0.85 3373 1646 
n 0.84 0.46 0.51 0.27 0.66 1393 1368 
n 0.14 0.44 0.81 0.79 0.57 3874 1318 
n 0.39 0.72 0.38 0.49 0.46 938 955 
n 0.25 0.63 0.41 0.76 0.8 3022 474 
n 0.4 0.56 0.79 0.75 0.75 2482 1183 
n 0.69 0.56 0.51 0.56 0.77 3854 923 
n 0.31 0.32 0.67 0.66 0.72 376 825 
n 0.61 0.77 0.41 0.25 0.47 2519 135 
n 0.42 0.8 0.75 0.55 0.39 2945 1622 
n 0.14 0.36 0.21 0.35 0.46 953 268 
n 0.53 0.14 0.51 0.78 0.22 2628 1479 
n 0.44 0.31 0.36 0.42 0.57 2097 981 
n 0.86 0.14 0.6 0.74 0.6 890 1846 
n 0.62 0.13 0.89 0.74 0.5 2139 1806 
n 0.32 0.16 0.49 0.82 0.74 2421 1007 
n 0.77 0.86 0.36 0.67 0.28 2290 1810 
n 0.61 0.25 0.58 0.63 0.43 1115 1052 
n 0.48 0.76 0.66 0.34 0.59 2588 302 
n 0.47 0.4 0.22 0.72 0.22 327 265 
n 0.21 0.29 0.34 0.57 0.59 241 341 
n 0.19 0.41 0.26 0.81 0.33 1917 687 
n 0.71 0.47 0.45 0.72 0.85 2991 792 
n 0.63 0.83 0.84 0.65 0.77 2573 599 
n 0.15 0.31 0.76 0.85 0.14 19 674 
n 0.36 0.22 0.77 0.25 0.46 3911 1673 
n 0.53 0.17 0.13 0.16 0.29 872 1559 
n 0.86 0.32 0.25 0.58 0.34 2863 558 
n 0.17 0.18 0.12 0.62 0.68 929 1766 
n 0.22 0.83 0.13 0.83 0.75 839 620 
n 0.28 0.46 0.59 0.6 0.75 3893 102 
n 0.52 0.38 0.56 0.37 0.74 2178 1619 
n 0.11 0.8 0.4 0.76 0.26 3822 899 
n 0.17 0.49 0.89 0.8 0.34 378 1048 
n 0.37 0.62 0.14 0.25 0.34 1178 100 
n 0.13 0.24 0.12 0.87 0.18 2599 901 
n 0.51 0.43 0.43 0.29 0.48 3416 143 
n 0.31 0.83 0.87 0.8 0.15 2961 1605 
n 0.29 0.24 0.68 0.23 0.86 611 1384 
n 0.28 0.59 0.85 0.84 0.87 3113 885 
n 0.59 0.37 0.13 0.47 0.55 2597 1830 
n 0.11 0.31 0.39 0.5 0.72 2586 1286 
n 0.25 0.76 0.25 0.45 0.25 161 906 
n 0.51 0.63 0.3 0.72 0.55 1429 134 
n 0.18 0.21 0.55 0.2 0.14 742 1025 
n 0.11 0.66 0.62 0.46 0.45 1625 1651 
n 0.59 0.41 0.44 0.47 0.27 1187 706 
n 0.78 0.84 0.88 0.69 0.58 1787 1009 
n 0.22 0.38 0.25 0.13 0.5 22 987 
n 0.76 0.86 0.52 0.75 0.32 3640 43 
n 0.83 0.87 0.15 0.8 0.27 3756 882 
n 0.29 0.59 0.47 0.65 0.88 776 392 
n 0.14 0.13 0.82 0.2 0.63 1724 1642 
n 0.84 0.25 0.3 0.12 0.2 198 1810 
n 0.81 0.64 0.51 0.48 0.3 3950 1558 
