t 150 10 5
n 0.31 0.76 0.66 0.38 0.71 1380 939 
n 0.35 0.2 0.41 0.26 0.56 2848 96 
n 0.83 0.72 0.69 0.55 0.79 3510 1671 
n 0.59 0.51 0.23 0.45 0.81 457 334 
n 0.86 0.42 0.72 0.87 0.41 3888 666 
n 0.69 0.51 0.23 0.41 0.17 984 965 
n 0.71 0.37 0.24 0.54 0.58 2721 1482 
n 0.36 0.12 0.27 0.17 0.76 1286 525 
n 0.12 0.3 0.68 0.11 0.5 2716 1432 
n 0.72 0.53 0.33 0.8 0.83 738 1325 
n 0.46 0.66 0.32 0.75 0.45 1251 1832 
n 0.67 0.81 0.13 0.41 0.5 2728 1698 
n 0.38 0.16 0.65 0.58 0.24 3815 169 
n 0.38 0.79 0.16 0.4 0.83 3683 1533 
n 0.84 0.43 0.72 0.18 0.26 1247 1945 
n 0.54 0.75 0.24 0.37 0.14 123 862 
n 0.27 0.7 0.19 0.79 0.82 1234 1946 
n 0.18 0.89 0.34 0.8 0.84 252 1240 
n 0.31 0.69 0.85 0.6 0.63 611 673 
n 0.84 0.87 0.23 0.44 0.56 2576 1676 
n 0.74 0.44 0.17 0.54 0.13 928 1700 
n 0.32 0.11 0.3 0.15 0.65 53 857 
n 0.32 0.48 0.55 0.8 0.79 1807 1711 
n 0.78 0.6 0.77 0.62 0.39 274 1420 
n 0.54 0.22 0.1 0.37 0.72 2574 946 
n 0.87 0.61 0.55 0.33 0.46 178 24 
n 0.28 0.76 0.35 0.76 0.4 2678 1825 
n 0.62 0.38 0.83 0.61 0.21 1795 962 
n 0.38 0.58 0.76 0.62 0.71 3384 1498 
n 0.88 0.39 0.78 0.33 0.71 3520 1079 
n 0.55 0.51 0.48 0.52 0.25 1256 61 
n 0.88 0.62 0.75 0.71 0.84 1424 1728 
n 0.19 0.4 0.85 0.34 0.4 3913 192 
n 0.24 0.89 0.22 0.88 0.43 3085 1528 
n 0.27 0.23 0.38 0.32 0.87 2573 1969 
n 0.82 0.35 0.62 0.18 0.52 463 1670 
n 0.67 0.43 0.11 0.24 0.65 3875 598 
n 0.15 0.21 0.16 0.56 0.33 298 1513 
n 0.8 0.83 0.42 0.72 0.8 3479 821 
n 0.16 0.74 0.32 0.47 0.29 2542 236 
n 0.53 0.52 0.83 0.3 0.77 3955 1743 
n 0.66 0.36 0.14 0.79 0.6 1323 280 
n 0.49 0.44 0.26 0.5 0.59 3447 1830 
n 0.86 0.34 0.45 0.79 0.65 2936 337 
n 0.77 0.31 0.59 0.37 0.71 1621 1830 
n 0.25 0.21 0.17 0.52 0.25 3373 1646 
n 0.15 0.19 0.1 0.57 0.87 1393 1368 
n 0.54 0.56 0.62 0.18 0.23 3874 1318 
n 0.83 0.17 0.73 0.41 0.88 938 955 
n 0.34 0.22 0.84 0.22 0.23 3022 474 
n 0.15 0.64 0.24 0.74 0.79 2482 1183 
n 0.31 0.13 0.53 0.48 0.81 3854 923 
n 0.23 0.3 0.23 0.74 0.52 376 825 
n 0.81 0.62 0.33 0.2 0.47 2519 135 
n 0.69 0.6 0.22 0.45 0.4 2945 1622 
n 0.26 0.23 0.5 0.2 0.85 953 268 
n 0.67 0.72 0.84 0.81 0.44 2628 1479 
n 0.86 0.53 0.15 0.18 0.62 2097 981 
n 0.61 0.32 0.25 0.55 0.57 890 1846 
n 0.32 0.84 0.79 0.24 0.82 2139 1806 
n 0.23 0.1 0.19 0.9 0.55 2421 1007 
n 0.51 0.24 0.56 0.77 0.65 2290 1810 
n 0.2 0.67 0.56 0.53 0.76 1115 1052 
n 0.49 0.44 0.67 0.79 0.3 2588 302 
n 0.19 0.72 0.31 0.58 0.73 327 265 
n 0.19 0.86 0.4 0.14 0.86 241 341 
n 0.26 0.13 0.25 0.69 0.49 1917 687 
n 0.49 0.67 0.24 0.34 0.63 2991 792 
n 0.77 0.57 0.4 0.72 0.42 2573 599 
n 0.89 0.85 0.4 0.11 0.58 19 674 
n 0.8 0.77 0.18 0.19 0.39 3911 1673 
n 0.68 0.26 0.13 0.48 0.59 872 1559 
n 0.42 0.4 0.7 0.79 0.52 2863 558 
n 0.32 0.74 0.65 0.26 0.64 929 1766 
n 0.22 0.41 0.3 0.13 0.27 839 620 
n 0.65 0.64 0.61 0.42 0.33 3893 102 
n 0.17 0.38 0.27 0.57 0.36 2178 1619 
n 0.51 0.43 0.26 0.24 0.76 3822 899 
n 0.78 0.63 0.11 0.28 0.15 378 1048 
n 0.29 0.48 0.46 0.78 0.79 1178 100 
n 0.72 0.11 0.23 0.43 0.88 2599 901 
n 0.38 0.39 0.89 0.32 0.4 3416 143 
n 0.19 0.28 0.86 0.18 0.2 2961 1605 
n 0.8 0.64 0.81 0.73 0.27 611 1384 
n 0.21 0.84 0.45 0.64 0.88 3113 885 
n 0.61 0.73 0.55 0.23 0.23 2597 1830 
n 0.41 0.19 0.86 0.26 0.43 2586 1286 
n 0.18 0.6 0.16 0.61 0.14 161 906 
n 0.77 0.57 0.63 0.37 0.17 1429 134 
n 0.46 0.19 0.23 0.83 0.67 742 1025 
n 0.85 0.71 0.46 0.39 0.67 1625 1651 
n 0.79 0.67 0.18 0.42 0.66 1187 706 
n 0.57 0.76 0.14 0.36 0.32 1787 1009 
n 0.85 0.75 0.35 0.33 0.89 22 987 
n 0.46 0.62 0.81 0.89 0.72 3640 43 
n 0.11 0.89 0.22 0.34 0.73 3756 882 
n 0.19 0.79 0.11 0.76 0.6 776 392 
n 0.52 0.56 0.51 0.8 0.13 1724 1642 
n 0.56 0.19 0.62 0.81 0.74 198 1810 
n 0.35 0.29 0.62 0.75 0.71 3950 1558 
n 0.88 0.86 0.69 0.75 0.4 3477 949 
n 0.65 0.58 0.79 0.62 0.71 91 1732 
n 0.45 0.87 0.21 0.42 0.28 3972 329 
n 0.45 0.54 0.26 0.37 0.52 198 1632 
n 0.2 0.71 0.72 0.5 0.32 1806 733 
n 0.76 0.7 0.55 0.77 0.62 538 1023 
n 0.34 0.63 0.5 0.11 0.31 3430 1088 
n 0.44 0.14 0.41 0.41 0.35 2186 766 
n 0.84 0.28 0.61 0.34 0.55 1513 1646 
n 0.65 0.7 0.9 0.55 0.42 2143 1611 
n 0.22 0.6 0.64 0.68 0.41 53 1657 
n 0.66 0.27 0.22 0.74 0.34 3404 1307 
n 0.32 0.22 0.38 0.56 0.82 1034 1344 
n 0.41 0.72 0.87 0.1 0.21 2823 376 
n 0.87 0.33 0.28 0.29 0.39 3104 1931 
n 0.25 0.53 0.16 0.83 0.16 3232 324 
n 0.53 0.68 0.28 0.63 0.26 2790 1457 
n 0.34 0.56 0.47 0.15 0.56 374 9 
n 0.6 0.6 0.73 0.74 0.71 741 146 
n 0.76 0.69 0.26 0.18 0.63 3083 1938 
n 0.41 0.7 0.19 0.83 0.76 3502 1067 
n 0.39 0.7 0.21 0.73 0.47 1280 237 
n 0.1 0.87 0.5 0.85 0.83 3326 1846 
n 0.37 0.54 0.78 0.78 0.37 217 38 
n 0.69 0.85 0.11 0.44 0.6 2503 1172 
n 0.74 0.56 0.2 0.51 0.42 3527 41 
n 0.6 0.71 0.34 0.5 0.82 739 1850 
n 0.51 0.29 0.17 0.58 0.86 3548 1999 
n 0.83 0.87 0.51 0.19 0.3 48 154 
n 0.42 0.14 0.18 0.84 0.76 1419 872 
n 0.29 0.75 0.68 0.61 0.41 1689 1223 
n 0.72 0.66 0.21 0.46 0.3 3468 1404 
n 0.31 0.2 0.22 0.27 0.4 1628 253 
n 0.41 0.25 0.42 0.53 0.23 382 872 
n 0.81 0.66 0.44 0.79 0.82 3029 1242 
n 0.11 0.42 0.23 0.7 0.51 3646 1758 
n 0.19 0.52 0.41 0.14 0.43 285 1029 
n 0.48 0.19 0.76 0.31 0.51 1782 93 
n 0.6 0.47 0.47 0.11 0.11 1067 371 
n 0.14 0.23 0.73 0.61 0.18 2849 1214 
n 0.72 0.17 0.32 0.16 0.34 920 1835 
n 0.85 0.88 0.31 0.62 0.55 1741 712 
n 0.46 0.82 0.23 0.18 0.41 876 220 
n 0.88 0.32 0.52 0.41 0.59 2753 283 
n 0.61 0.7 0.65 0.37 0.11 2609 1286 
n 0.28 0.57 0.76 0.87 0.23 3941 258 
n 0.72 0.69 0.51 0.78 0.57 3613 523 
n 0.83 0.16 0.81 0.54 0.51 1754 559 
n 0.87 0.86 0.78 0.59 0.15 2916 1724 
n 0.4 0.26 0.38 0.74 0.68 2445 1820 
