t 100 15 4
n 0.23 0.31 0.17 0.73 1380 939 
n 0.34 0.83 0.18 0.19 2848 96 
n 0.3 0.41 0.47 0.26 3510 1671 
n 0.72 0.86 0.3 0.49 457 334 
n 0.3 0.37 0.55 0.67 3888 666 
n 0.36 0.83 0.11 0.19 984 965 
n 0.31 0.67 0.72 0.14 2721 1482 
n 0.27 0.17 0.2 0.17 1286 525 
n 0.38 0.37 0.42 0.27 2716 1432 
n 0.67 0.57 0.53 0.85 738 1325 
n 0.89 0.72 0.74 0.85 1251 1832 
n 0.32 0.84 0.51 0.9 2728 1698 
n 0.3 0.73 0.76 0.17 3815 169 
n 0.87 0.36 0.59 0.89 3683 1533 
n 0.7 0.76 0.32 0.29 1247 1945 
n 0.58 0.82 0.47 0.74 123 862 
n 0.17 0.75 0.88 0.73 1234 1946 
n 0.9 0.64 0.49 0.89 252 1240 
n 0.27 0.34 0.44 0.41 611 673 
n 0.75 0.82 0.34 0.38 2576 1676 
n 0.31 0.2 0.52 0.35 928 1700 
n 0.4 0.28 0.66 0.19 53 857 
n 0.76 0.56 0.77 0.63 1807 1711 
n 0.86 0.12 0.58 0.86 274 1420 
n 0.27 0.22 0.8 0.25 2574 946 
n 0.3 0.14 0.26 0.57 178 24 
n 0.48 0.69 0.19 0.62 2678 1825 
n 0.17 0.26 0.39 0.56 1795 962 
n 0.52 0.85 0.42 0.16 3384 1498 
n 0.77 0.53 0.62 0.58 3520 1079 
n 0.79 0.56 0.18 0.56 1256 61 
n 0.62 0.22 0.85 0.25 1424 1728 
n 0.63 0.11 0.29 0.31 3913 192 
n 0.45 0.34 0.18 0.46 3085 1528 
n 0.83 0.31 0.23 0.42 2573 1969 
n 0.65 0.83 0.4 0.24 463 1670 
n 0.71 0.14 0.82 0.68 3875 598 
n 0.4 0.53 0.44 0.75 298 1513 
n 0.11 0.54 0.5 0.36 3479 821 
n 0.88 0.55 0.85 0.66 2542 236 
n 0.32 0.78 0.15 0.28 3955 1743 
n 0.43 0.74 0.33 0.86 1323 280 
n 0.43 0.71 0.25 0.82 3447 1830 
n 0.29 0.79 0.29 0.12 2936 337 
n 0.84 0.29 0.87 0.33 1621 1830 
n 0.27 0.83 0.84 0.11 3373 1646 
n 0.42 0.66 0.66 0.86 1393 1368 
n 0.64 0.71 0.31 0.69 3874 1318 
n 0.28 0.65 0.27 0.78 938 955 
n 0.7 0.7 0.35 0.7 3022 474 
n 0.6 0.11 0.41 0.12 2482 1183 
n 0.1 0.29 0.77 0.8 3854 923 
n 0.65 0.66 0.54 0.34 376 825 
n 0.71 0.52 0.72 0.15 2519 135 
n 0.54 0.27 0.13 0.43 2945 1622 
n 0.11 0.16 0.5 0.76 953 268 
n 0.1 0.89 0.23 0.17 2628 1479 
n 0.3 0.11 0.79 0.47 2097 981 
n 0.27 0.5 0.59 0.72 890 1846 
n 0.17 0.48 0.87 0.43 2139 1806 
n 0.18 0.63 0.48 0.89 2421 1007 
n 0.41 0.42 0.82 0.89 2290 1810 
n 0.73 0.81 0.26 0.74 1115 1052 
n 0.67 0.75 0.59 0.56 2588 302 
n 0.78 0.13 0.45 0.88 327 265 
n 0.82 0.6 0.87 0.15 241 341 
n 0.41 0.69 0.76 0.68 1917 687 
n 0.33 0.63 0.72 0.54 2991 792 
n 0.14 0.61 0.9 0.11 2573 599 
n 0.25 0.58 0.1 0.6 19 674 
n 0.28 0.55 0.37 0.52 3911 1673 
n 0.42 0.67 0.16 0.21 872 1559 
n 0.41 0.86 0.75 0.27 2863 558 
n 0.73 0.56 0.81 0.24 929 1766 
n 0.57 0.41 0.53 0.49 839 620 
n 0.34 0.69 0.55 0.53 3893 102 
n 0.35 0.5 0.11 0.81 2178 1619 
n 0.54 0.62 0.5 0.25 3822 899 
n 0.25 0.87 0.21 0.7 378 1048 
n 0.32 0.41 0.12 0.71 1178 100 
n 0.82 0.7 0.55 0.18 2599 901 
n 0.49 0.39 0.57 0.87 3416 143 
n 0.1 0.73 0.51 0.9 2961 1605 
n 0.6 0.22 0.83 0.56 611 1384 
n 0.31 0.59 0.55 0.84 3113 885 
n 0.7 0.46 0.16 0.12 2597 1830 
n 0.24 0.73 0.85 0.85 2586 1286 
n 0.44 0.45 0.18 0.73 161 906 
n 0.2 0.76 0.47 0.7 1429 134 
n 0.8 0.83 0.35 0.5 742 1025 
n 0.78 0.5 0.6 0.39 1625 1651 
n 0.26 0.38 0.66 0.44 1187 706 
n 0.55 0.38 0.81 0.85 1787 1009 
n 0.77 0.74 0.18 0.82 22 987 
n 0.88 0.87 0.87 0.51 3640 43 
n 0.48 0.54 0.29 0.47 3756 882 
n 0.87 0.19 0.71 0.23 776 392 
n 0.15 0.61 0.62 0.68 1724 1642 
n 0.79 0.35 0.82 0.72 198 1810 
n 0.71 0.42 0.46 0.33 3950 1558 
