t 200 20 3
n 0.48 0.39 0.69 1357 1905 
n 0.67 0.2 0.84 2650 802 
n 0.63 0.86 0.69 1774 107 
n 0.8 0.64 0.8 1307 964 
n 0.77 0.21 0.87 3806 746 
n 0.72 0.12 0.64 2687 1353 
n 0.82 0.18 0.58 43 1957 
n 0.57 0.11 0.33 3092 1668 
n 0.59 0.23 0.8 185 1542 
n 0.21 0.69 0.82 834 629 
n 0.31 0.79 0.75 40 462 
n 0.5 0.4 0.19 1183 1391 
n 0.88 0.26 0.41 2048 1628 
n 0.53 0.15 0.53 1097 643 
n 0.27 0.48 0.63 1838 1732 
n 0.38 0.63 0.19 234 1118 
n 0.68 0.57 0.41 3314 1881 
n 0.36 0.8 0.49 737 1285 
n 0.52 0.4 0.62 779 777 
n 0.73 0.81 0.61 2312 1949 
n 0.33 0.26 0.19 2576 189 
n 0.8 0.61 0.29 3078 1541 
n 0.68 0.85 0.34 2781 478 
n 0.59 0.83 0.14 705 1812 
n 0.46 0.82 0.59 3409 1917 
n 0.46 0.35 0.41 323 1714 
n 0.74 0.56 0.42 1660 1556 
n 0.32 0.48 0.85 3729 1188 
n 0.8 0.89 0.61 693 1383 
n 0.89 0.62 0.54 2361 640 
n 0.78 0.32 0.82 2433 1538 
n 0.3 0.83 0.87 554 1825 
n 0.34 0.76 0.48 913 317 
n 0.6 0.23 0.31 3586 1909 
n 0.17 0.73 0.34 2636 727 
n 0.83 0.18 0.19 1000 457 
n 0.3 0.41 0.47 482 1337 
n 0.26 0.72 0.86 3704 1082 
n 0.3 0.49 0.3 3635 1174 
n 0.37 0.55 0.67 1362 1526 
n 0.36 0.83 0.11 2049 417 
n 0.19 0.31 0.67 2552 1909 
n 0.72 0.14 0.27 3939 640 
n 0.17 0.2 0.17 219 898 
n 0.38 0.37 0.42 812 351 
n 0.27 0.67 0.57 901 1552 
n 0.53 0.85 0.89 2513 1572 
n 0.72 0.74 0.85 242 584 
n 0.32 0.84 0.51 826 1226 
n 0.9 0.3 0.73 3278 799 
n 0.76 0.17 0.87 86 1065 
n 0.36 0.59 0.89 14 454 
n 0.7 0.76 0.32 1327 1893 
n 0.29 0.58 0.82 2773 1286 
n 0.47 0.74 0.17 2469 1838 
n 0.75 0.88 0.73 3835 963 
n 0.9 0.64 0.49 1031 428 
n 0.89 0.27 0.34 3853 1712 
n 0.44 0.41 0.75 1868 197 
n 0.82 0.34 0.38 1544 863 
n 0.31 0.2 0.52 457 1607 
n 0.35 0.4 0.28 3174 1064 
n 0.66 0.19 0.76 192 1004 
n 0.56 0.77 0.63 2318 1925 
n 0.86 0.12 0.58 2232 1374 
n 0.86 0.27 0.22 396 828 
n 0.8 0.25 0.3 2365 1649 
n 0.14 0.26 0.57 2499 658 
n 0.48 0.69 0.19 1410 307 
n 0.62 0.17 0.26 2990 214 
n 0.39 0.56 0.52 3646 1018 
n 0.85 0.42 0.16 3394 1028 
n 0.77 0.53 0.62 1779 90 
n 0.58 0.79 0.56 1058 372 
n 0.18 0.56 0.62 2933 1459 
n 0.22 0.85 0.25 3099 173 
n 0.63 0.11 0.29 2178 978 
n 0.31 0.45 0.34 138 1610 
n 0.18 0.46 0.83 2082 1753 
n 0.31 0.23 0.42 2302 1127 
n 0.65 0.83 0.4 805 272 
n 0.24 0.71 0.14 22 1617 
n 0.82 0.68 0.4 3213 1085 
n 0.53 0.44 0.75 99 536 
n 0.11 0.54 0.5 1533 1780 
n 0.36 0.88 0.55 3564 676 
n 0.85 0.66 0.32 29 6 
n 0.78 0.15 0.28 3808 1375 
n 0.43 0.74 0.33 2221 291 
n 0.86 0.43 0.71 3499 1885 
n 0.25 0.82 0.29 3124 408 
n 0.79 0.29 0.12 781 671 
n 0.84 0.29 0.87 1027 1041 
n 0.33 0.27 0.83 3249 378 
n 0.84 0.11 0.42 3297 491 
n 0.66 0.66 0.86 213 220 
n 0.64 0.71 0.31 721 186 
n 0.69 0.28 0.65 3736 1542 
n 0.27 0.78 0.7 868 731 
n 0.7 0.35 0.7 960 303 
n 0.6 0.11 0.41 1380 939 
n 0.12 0.1 0.29 2848 96 
n 0.77 0.8 0.65 3510 1671 
n 0.66 0.54 0.34 457 334 
n 0.71 0.52 0.72 3888 666 
n 0.15 0.54 0.27 984 965 
n 0.13 0.43 0.11 2721 1482 
n 0.16 0.5 0.76 1286 525 
n 0.1 0.89 0.23 2716 1432 
n 0.17 0.3 0.11 738 1325 
n 0.79 0.47 0.27 1251 1832 
n 0.5 0.59 0.72 2728 1698 
n 0.17 0.48 0.87 3815 169 
n 0.43 0.18 0.63 3683 1533 
n 0.48 0.89 0.41 1247 1945 
n 0.42 0.82 0.89 123 862 
n 0.73 0.81 0.26 1234 1946 
n 0.74 0.67 0.75 252 1240 
n 0.59 0.56 0.78 611 673 
n 0.13 0.45 0.88 2576 1676 
n 0.82 0.6 0.87 928 1700 
n 0.15 0.41 0.69 53 857 
n 0.76 0.68 0.33 1807 1711 
n 0.63 0.72 0.54 274 1420 
n 0.14 0.61 0.9 2574 946 
n 0.11 0.25 0.58 178 24 
n 0.1 0.6 0.28 2678 1825 
n 0.55 0.37 0.52 1795 962 
n 0.42 0.67 0.16 3384 1498 
n 0.21 0.41 0.86 3520 1079 
n 0.75 0.27 0.73 1256 61 
n 0.56 0.81 0.24 1424 1728 
n 0.57 0.41 0.53 3913 192 
n 0.49 0.34 0.69 3085 1528 
n 0.55 0.53 0.35 2573 1969 
n 0.5 0.11 0.81 463 1670 
n 0.54 0.62 0.5 3875 598 
n 0.25 0.25 0.87 298 1513 
n 0.21 0.7 0.32 3479 821 
n 0.41 0.12 0.71 2542 236 
n 0.82 0.7 0.55 3955 1743 
n 0.18 0.49 0.39 1323 280 
n 0.57 0.87 0.1 3447 1830 
n 0.73 0.51 0.9 2936 337 
n 0.6 0.22 0.83 1621 1830 
n 0.56 0.31 0.59 3373 1646 
n 0.55 0.84 0.7 1393 1368 
n 0.46 0.16 0.12 3874 1318 
n 0.24 0.73 0.85 938 955 
n 0.85 0.44 0.45 3022 474 
n 0.18 0.73 0.2 2482 1183 
n 0.76 0.47 0.7 3854 923 
n 0.8 0.83 0.35 376 825 
n 0.5 0.78 0.5 2519 135 
n 0.6 0.39 0.26 2945 1622 
n 0.38 0.66 0.44 953 268 
n 0.55 0.38 0.81 2628 1479 
n 0.85 0.77 0.74 2097 981 
n 0.18 0.82 0.88 890 1846 
n 0.87 0.87 0.51 2139 1806 
n 0.48 0.54 0.29 2421 1007 
n 0.47 0.87 0.19 2290 1810 
n 0.71 0.23 0.15 1115 1052 
n 0.61 0.62 0.68 2588 302 
n 0.79 0.35 0.82 327 265 
n 0.72 0.71 0.42 241 341 
n 0.46 0.33 0.61 1917 687 
n 0.21 0.64 0.66 2991 792 
n 0.52 0.77 0.31 2573 599 
n 0.48 0.43 0.51 19 674 
n 0.72 0.32 0.84 3911 1673 
n 0.85 0.88 0.38 872 1559 
n 0.29 0.27 0.73 2863 558 
n 0.61 0.41 0.62 929 1766 
n 0.59 0.77 0.41 839 620 
n 0.54 0.24 0.71 3893 102 
n 0.19 0.84 0.27 2178 1619 
n 0.18 0.77 0.19 3822 899 
n 0.52 0.4 0.46 378 1048 
n 0.3 0.56 0.14 1178 100 
n 0.58 0.11 0.51 2599 901 
n 0.8 0.19 0.39 3416 143 
n 0.57 0.7 0.62 2961 1605 
n 0.45 0.45 0.44 611 1384 
n 0.66 0.68 0.7 3113 885 
n 0.37 0.53 0.49 2597 1830 
n 0.48 0.34 0.49 2586 1286 
n 0.86 0.38 0.11 161 906 
n 0.8 0.41 0.86 1429 134 
n 0.76 0.49 0.21 742 1025 
n 0.24 0.6 0.16 1625 1651 
n 0.33 0.16 0.23 1187 706 
n 0.68 0.72 0.89 1787 1009 
n 0.5 0.34 0.73 22 987 
n 0.32 0.12 0.72 3640 43 
n 0.83 0.3 0.9 3756 882 
n 0.14 0.16 0.76 776 392 
n 0.86 0.46 0.28 1724 1642 
n 0.21 0.88 0.71 198 1810 
n 0.72 0.62 0.65 3950 1558 
