t 200 10 4
n 0.52 0.21 0.16 0.27 1357 1905 
n 0.69 0.2 0.7 0.85 2650 802 
n 0.58 0.18 0.15 0.27 1774 107 
n 0.64 0.31 0.16 0.65 1307 964 
n 0.23 0.82 0.42 0.13 3806 746 
n 0.83 0.13 0.37 0.36 2687 1353 
n 0.47 0.5 0.3 0.39 43 1957 
n 0.45 0.5 0.3 0.71 3092 1668 
n 0.13 0.83 0.41 0.65 185 1542 
n 0.72 0.78 0.29 0.63 834 629 
n 0.85 0.52 0.51 0.74 40 462 
n 0.24 0.49 0.4 0.73 1183 1391 
n 0.16 0.76 0.1 0.86 2048 1628 
n 0.47 0.34 0.49 0.49 1097 643 
n 0.53 0.33 0.55 0.23 1838 1732 
n 0.42 0.11 0.67 0.41 234 1118 
n 0.35 0.58 0.12 0.22 3314 1881 
n 0.5 0.14 0.26 0.31 737 1285 
n 0.25 0.68 0.2 0.64 779 777 
n 0.44 0.44 0.11 0.44 2312 1949 
n 0.76 0.44 0.21 0.21 2576 189 
n 0.19 0.66 0.7 0.42 3078 1541 
n 0.67 0.22 0.78 0.5 2781 478 
n 0.87 0.22 0.57 0.62 705 1812 
n 0.4 0.51 0.59 0.11 3409 1917 
n 0.8 0.87 0.49 0.69 323 1714 
n 0.76 0.28 0.28 0.61 1660 1556 
n 0.39 0.64 0.56 0.89 3729 1188 
n 0.4 0.62 0.13 0.29 693 1383 
n 0.52 0.59 0.65 0.26 2361 640 
n 0.52 0.63 0.42 0.87 2433 1538 
n 0.36 0.64 0.39 0.11 554 1825 
n 0.54 0.55 0.66 0.52 913 317 
n 0.33 0.72 0.29 0.8 3586 1909 
n 0.64 0.42 0.45 0.46 2636 727 
n 0.16 0.31 0.86 0.36 1000 457 
n 0.52 0.4 0.15 0.87 482 1337 
n 0.58 0.31 0.13 0.52 3704 1082 
n 0.72 0.25 0.78 0.85 3635 1174 
n 0.84 0.72 0.58 0.14 1362 1526 
n 0.59 0.41 0.46 0.66 2049 417 
n 0.42 0.61 0.24 0.87 2552 1909 
n 0.74 0.77 0.71 0.68 3939 640 
n 0.86 0.74 0.25 0.6 219 898 
n 0.84 0.39 0.31 0.78 812 351 
n 0.16 0.16 0.24 0.58 901 1552 
n 0.34 0.23 0.71 0.27 2513 1572 
n 0.1 0.39 0.81 0.28 242 584 
n 0.29 0.64 0.33 0.39 826 1226 
n 0.86 0.59 0.86 0.65 3278 799 
n 0.84 0.69 0.33 0.88 86 1065 
n 0.14 0.59 0.47 0.78 14 454 
n 0.75 0.68 0.42 0.21 1327 1893 
n 0.43 0.69 0.51 0.75 2773 1286 
n 0.22 0.15 0.43 0.32 2469 1838 
n 0.76 0.44 0.72 0.73 3835 963 
n 0.29 0.21 0.81 0.32 1031 428 
n 0.47 0.83 0.14 0.68 3853 1712 
n 0.9 0.21 0.2 0.69 1868 197 
n 0.2 0.85 0.78 0.62 1544 863 
n 0.59 0.55 0.14 0.37 457 1607 
n 0.55 0.56 0.58 0.65 3174 1064 
n 0.4 0.43 0.73 0.62 192 1004 
n 0.13 0.8 0.58 0.76 2318 1925 
n 0.58 0.58 0.73 0.57 2232 1374 
n 0.73 0.25 0.74 0.17 396 828 
n 0.47 0.42 0.55 0.53 2365 1649 
n 0.84 0.42 0.59 0.84 2499 658 
n 0.32 0.72 0.9 0.39 1410 307 
n 0.54 0.17 0.2 0.31 2990 214 
n 0.56 0.7 0.77 0.59 3646 1018 
n 0.21 0.78 0.76 0.21 3394 1028 
n 0.19 0.77 0.71 0.39 1779 90 
n 0.78 0.53 0.53 0.3 1058 372 
n 0.13 0.37 0.17 0.4 2933 1459 
n 0.62 0.71 0.33 0.74 3099 173 
n 0.3 0.12 0.15 0.72 2178 978 
n 0.44 0.56 0.76 0.7 138 1610 
n 0.68 0.52 0.37 0.6 2082 1753 
n 0.61 0.17 0.36 0.26 2302 1127 
n 0.4 0.57 0.74 0.62 805 272 
n 0.85 0.42 0.33 0.65 22 1617 
n 0.28 0.44 0.1 0.26 3213 1085 
n 0.59 0.28 0.26 0.26 99 536 
n 0.26 0.45 0.8 0.63 1533 1780 
n 0.84 0.75 0.44 0.3 3564 676 
n 0.89 0.43 0.36 0.13 29 6 
n 0.88 0.8 0.31 0.76 3808 1375 
n 0.66 0.38 0.71 0.35 2221 291 
n 0.2 0.41 0.26 0.56 3499 1885 
n 0.83 0.72 0.69 0.55 3124 408 
n 0.79 0.59 0.51 0.23 781 671 
n 0.45 0.81 0.86 0.42 1027 1041 
n 0.72 0.87 0.41 0.69 3249 378 
n 0.51 0.23 0.41 0.17 3297 491 
n 0.71 0.37 0.24 0.54 213 220 
n 0.58 0.36 0.12 0.27 721 186 
n 0.17 0.76 0.12 0.3 3736 1542 
n 0.68 0.11 0.5 0.72 868 731 
n 0.53 0.33 0.8 0.83 960 303 
n 0.46 0.66 0.32 0.75 1380 939 
n 0.45 0.67 0.81 0.13 2848 96 
n 0.41 0.5 0.38 0.16 3510 1671 
n 0.65 0.58 0.24 0.38 457 334 
n 0.79 0.16 0.4 0.83 3888 666 
n 0.84 0.43 0.72 0.18 984 965 
n 0.26 0.54 0.75 0.24 2721 1482 
n 0.37 0.14 0.27 0.7 1286 525 
n 0.19 0.79 0.82 0.18 2716 1432 
n 0.89 0.34 0.8 0.84 738 1325 
n 0.31 0.69 0.85 0.6 1251 1832 
n 0.63 0.84 0.87 0.23 2728 1698 
n 0.44 0.56 0.74 0.44 3815 169 
n 0.17 0.54 0.13 0.32 3683 1533 
n 0.11 0.3 0.15 0.65 1247 1945 
n 0.32 0.48 0.55 0.8 123 862 
n 0.79 0.78 0.6 0.77 1234 1946 
n 0.62 0.39 0.54 0.22 252 1240 
n 0.1 0.37 0.72 0.87 611 673 
n 0.61 0.55 0.33 0.46 2576 1676 
n 0.28 0.76 0.35 0.76 928 1700 
n 0.4 0.62 0.38 0.83 53 857 
n 0.61 0.21 0.38 0.58 1807 1711 
n 0.76 0.62 0.71 0.88 274 1420 
n 0.39 0.78 0.33 0.71 2574 946 
n 0.55 0.51 0.48 0.52 178 24 
n 0.25 0.88 0.62 0.75 2678 1825 
n 0.71 0.84 0.19 0.4 1795 962 
n 0.85 0.34 0.4 0.24 3384 1498 
n 0.89 0.22 0.88 0.43 3520 1079 
n 0.27 0.23 0.38 0.32 1256 61 
n 0.87 0.82 0.35 0.62 1424 1728 
n 0.18 0.52 0.67 0.43 3913 192 
n 0.11 0.24 0.65 0.15 3085 1528 
n 0.21 0.16 0.56 0.33 2573 1969 
n 0.8 0.83 0.42 0.72 463 1670 
n 0.8 0.16 0.74 0.32 3875 598 
n 0.47 0.29 0.53 0.52 298 1513 
n 0.83 0.3 0.77 0.66 3479 821 
n 0.36 0.14 0.79 0.6 2542 236 
n 0.49 0.44 0.26 0.5 3955 1743 
n 0.59 0.86 0.34 0.45 1323 280 
n 0.79 0.65 0.77 0.31 3447 1830 
n 0.59 0.37 0.71 0.25 2936 337 
n 0.21 0.17 0.52 0.25 1621 1830 
n 0.15 0.19 0.1 0.57 3373 1646 
n 0.87 0.54 0.56 0.62 1393 1368 
n 0.18 0.23 0.83 0.17 3874 1318 
n 0.73 0.41 0.88 0.34 938 955 
n 0.22 0.84 0.22 0.23 3022 474 
n 0.15 0.64 0.24 0.74 2482 1183 
n 0.79 0.31 0.13 0.53 3854 923 
n 0.48 0.81 0.23 0.3 376 825 
n 0.23 0.74 0.52 0.81 2519 135 
n 0.62 0.33 0.2 0.47 2945 1622 
n 0.69 0.6 0.22 0.45 953 268 
n 0.4 0.26 0.23 0.5 2628 1479 
n 0.2 0.85 0.67 0.72 2097 981 
n 0.84 0.81 0.44 0.86 890 1846 
n 0.53 0.15 0.18 0.62 2139 1806 
n 0.61 0.32 0.25 0.55 2421 1007 
n 0.57 0.32 0.84 0.79 2290 1810 
n 0.24 0.82 0.23 0.1 1115 1052 
n 0.19 0.9 0.55 0.51 2588 302 
n 0.24 0.56 0.77 0.65 327 265 
n 0.2 0.67 0.56 0.53 241 341 
n 0.76 0.49 0.44 0.67 1917 687 
n 0.79 0.3 0.19 0.72 2991 792 
n 0.31 0.58 0.73 0.19 2573 599 
n 0.86 0.4 0.14 0.86 19 674 
n 0.26 0.13 0.25 0.69 3911 1673 
n 0.49 0.49 0.67 0.24 872 1559 
n 0.34 0.63 0.77 0.57 2863 558 
n 0.4 0.72 0.42 0.89 929 1766 
n 0.85 0.4 0.11 0.58 839 620 
n 0.8 0.77 0.18 0.19 3893 102 
n 0.39 0.68 0.26 0.13 2178 1619 
n 0.48 0.59 0.42 0.4 3822 899 
n 0.7 0.79 0.52 0.32 378 1048 
n 0.74 0.65 0.26 0.64 1178 100 
n 0.22 0.41 0.3 0.13 2599 901 
n 0.27 0.65 0.64 0.61 3416 143 
n 0.42 0.33 0.17 0.38 2961 1605 
n 0.27 0.57 0.36 0.51 611 1384 
n 0.43 0.26 0.24 0.76 3113 885 
n 0.78 0.63 0.11 0.28 2597 1830 
n 0.15 0.29 0.48 0.46 2586 1286 
n 0.78 0.79 0.72 0.11 161 906 
n 0.23 0.43 0.88 0.38 1429 134 
n 0.39 0.89 0.32 0.4 742 1025 
n 0.19 0.28 0.86 0.18 1625 1651 
n 0.2 0.8 0.64 0.81 1187 706 
n 0.73 0.27 0.21 0.84 1787 1009 
n 0.45 0.64 0.88 0.61 22 987 
n 0.73 0.55 0.23 0.23 3640 43 
n 0.41 0.19 0.86 0.26 3756 882 
n 0.43 0.18 0.6 0.16 776 392 
n 0.61 0.14 0.77 0.57 1724 1642 
n 0.63 0.37 0.17 0.46 198 1810 
n 0.19 0.23 0.83 0.67 3950 1558 
