t 100 15 5
n 0.61 0.21 0.64 0.66 0.52 1380 939 
n 0.77 0.31 0.48 0.43 0.51 2848 96 
n 0.72 0.32 0.84 0.85 0.88 3510 1671 
n 0.38 0.29 0.27 0.73 0.61 457 334 
n 0.41 0.62 0.59 0.77 0.41 3888 666 
n 0.54 0.24 0.71 0.19 0.84 984 965 
n 0.27 0.18 0.77 0.19 0.52 2721 1482 
n 0.4 0.46 0.3 0.56 0.14 1286 525 
n 0.58 0.11 0.51 0.8 0.19 2716 1432 
n 0.39 0.57 0.7 0.62 0.45 738 1325 
n 0.45 0.44 0.66 0.68 0.7 1251 1832 
n 0.37 0.53 0.49 0.48 0.34 2728 1698 
n 0.49 0.86 0.38 0.11 0.8 3815 169 
n 0.41 0.86 0.76 0.49 0.21 3683 1533 
n 0.24 0.6 0.16 0.33 0.16 1247 1945 
n 0.23 0.68 0.72 0.89 0.5 123 862 
n 0.34 0.73 0.32 0.12 0.72 1234 1946 
n 0.83 0.3 0.9 0.14 0.16 252 1240 
n 0.76 0.86 0.46 0.28 0.21 611 673 
n 0.88 0.71 0.72 0.62 0.65 2576 1676 
n 0.52 0.21 0.16 0.27 0.69 928 1700 
n 0.2 0.7 0.85 0.58 0.18 53 857 
n 0.15 0.27 0.64 0.31 0.16 1807 1711 
n 0.65 0.23 0.82 0.42 0.13 274 1420 
n 0.83 0.13 0.37 0.36 0.47 2574 946 
n 0.5 0.3 0.39 0.45 0.5 178 24 
n 0.3 0.71 0.13 0.83 0.41 2678 1825 
n 0.65 0.72 0.78 0.29 0.63 1795 962 
n 0.85 0.52 0.51 0.74 0.24 3384 1498 
n 0.49 0.4 0.73 0.16 0.76 3520 1079 
n 0.1 0.86 0.47 0.34 0.49 1256 61 
n 0.49 0.53 0.33 0.55 0.23 1424 1728 
n 0.42 0.11 0.67 0.41 0.35 3913 192 
n 0.58 0.12 0.22 0.5 0.14 3085 1528 
n 0.26 0.31 0.25 0.68 0.2 2573 1969 
n 0.64 0.44 0.44 0.11 0.44 463 1670 
n 0.76 0.44 0.21 0.21 0.19 3875 598 
n 0.66 0.7 0.42 0.67 0.22 298 1513 
n 0.78 0.5 0.87 0.22 0.57 3479 821 
n 0.62 0.4 0.51 0.59 0.11 2542 236 
n 0.8 0.87 0.49 0.69 0.76 3955 1743 
n 0.28 0.28 0.61 0.39 0.64 1323 280 
n 0.56 0.89 0.4 0.62 0.13 3447 1830 
n 0.29 0.52 0.59 0.65 0.26 2936 337 
n 0.52 0.63 0.42 0.87 0.36 1621 1830 
n 0.64 0.39 0.11 0.54 0.55 3373 1646 
n 0.66 0.52 0.33 0.72 0.29 1393 1368 
n 0.8 0.64 0.42 0.45 0.46 3874 1318 
n 0.16 0.31 0.86 0.36 0.52 938 955 
n 0.4 0.15 0.87 0.58 0.31 3022 474 
n 0.13 0.52 0.72 0.25 0.78 2482 1183 
n 0.85 0.84 0.72 0.58 0.14 3854 923 
n 0.59 0.41 0.46 0.66 0.42 376 825 
n 0.61 0.24 0.87 0.74 0.77 2519 135 
n 0.71 0.68 0.86 0.74 0.25 2945 1622 
n 0.6 0.84 0.39 0.31 0.78 953 268 
n 0.16 0.16 0.24 0.58 0.34 2628 1479 
n 0.23 0.71 0.27 0.1 0.39 2097 981 
n 0.81 0.28 0.29 0.64 0.33 890 1846 
n 0.39 0.86 0.59 0.86 0.65 2139 1806 
n 0.84 0.69 0.33 0.88 0.14 2421 1007 
n 0.59 0.47 0.78 0.75 0.68 2290 1810 
n 0.42 0.21 0.43 0.69 0.51 1115 1052 
n 0.75 0.22 0.15 0.43 0.32 2588 302 
n 0.76 0.44 0.72 0.73 0.29 327 265 
n 0.21 0.81 0.32 0.47 0.83 241 341 
n 0.14 0.68 0.9 0.21 0.2 1917 687 
n 0.69 0.2 0.85 0.78 0.62 2991 792 
n 0.59 0.55 0.14 0.37 0.55 2573 599 
n 0.56 0.58 0.65 0.4 0.43 19 674 
n 0.73 0.62 0.13 0.8 0.58 3911 1673 
n 0.76 0.58 0.58 0.73 0.57 872 1559 
n 0.73 0.25 0.74 0.17 0.47 2863 558 
n 0.42 0.55 0.53 0.84 0.42 929 1766 
n 0.59 0.84 0.32 0.72 0.9 839 620 
n 0.39 0.54 0.17 0.2 0.31 3893 102 
n 0.56 0.7 0.77 0.59 0.21 2178 1619 
n 0.78 0.76 0.21 0.19 0.77 3822 899 
n 0.71 0.39 0.78 0.53 0.53 378 1048 
n 0.3 0.13 0.37 0.17 0.4 1178 100 
n 0.62 0.71 0.33 0.74 0.3 2599 901 
n 0.12 0.15 0.72 0.44 0.56 3416 143 
n 0.76 0.7 0.68 0.52 0.37 2961 1605 
n 0.6 0.61 0.17 0.36 0.26 611 1384 
n 0.4 0.57 0.74 0.62 0.85 3113 885 
n 0.42 0.33 0.65 0.28 0.44 2597 1830 
n 0.1 0.26 0.59 0.28 0.26 2586 1286 
n 0.26 0.26 0.45 0.8 0.63 161 906 
n 0.84 0.75 0.44 0.3 0.89 1429 134 
n 0.43 0.36 0.13 0.88 0.8 742 1025 
n 0.31 0.76 0.66 0.38 0.71 1625 1651 
n 0.35 0.2 0.41 0.26 0.56 1187 706 
n 0.83 0.72 0.69 0.55 0.79 1787 1009 
n 0.59 0.51 0.23 0.45 0.81 22 987 
n 0.86 0.42 0.72 0.87 0.41 3640 43 
n 0.69 0.51 0.23 0.41 0.17 3756 882 
n 0.71 0.37 0.24 0.54 0.58 776 392 
n 0.36 0.12 0.27 0.17 0.76 1724 1642 
n 0.12 0.3 0.68 0.11 0.5 198 1810 
n 0.72 0.53 0.33 0.8 0.83 3950 1558 
