t 200 5 2
n 0.84 0.3 3140 1401 
n 0.16 0.21 556 1056 
n 0.5 0.52 3675 1522 
n 0.1 0.46 1182 1853 
n 0.85 0.74 3595 111 
n 0.7 0.74 962 1895 
n 0.53 0.71 2030 1186 
n 0.76 0.64 3507 1851 
n 0.4 0.58 2642 1269 
n 0.61 0.53 3438 901 
n 0.43 0.61 3858 1472 
n 0.65 0.7 2937 1568 
n 0.88 0.72 376 1018 
n 0.63 0.61 839 1355 
n 0.41 0.5 706 1925 
n 0.32 0.26 749 920 
n 0.14 0.39 298 615 
n 0.12 0.73 694 552 
n 0.78 0.35 387 190 
n 0.89 0.18 2801 695 
n 0.62 0.39 3133 1143 
n 0.14 0.28 1517 266 
n 0.65 0.75 1538 224 
n 0.34 0.72 844 520 
n 0.4 0.56 2639 1239 
n 0.64 0.82 3123 217 
n 0.56 0.18 2489 1520 
n 0.44 0.59 3834 1827 
n 0.27 0.13 3417 1808 
n 0.37 0.28 2938 543 
n 0.33 0.38 71 1323 
n 0.86 0.36 3245 1828 
n 0.67 0.23 731 1741 
n 0.17 0.18 2312 1270 
n 0.15 0.31 2426 1851 
n 0.59 0.42 380 478 
n 0.71 0.85 2310 635 
n 0.22 0.55 2830 775 
n 0.5 0.21 3829 513 
n 0.52 0.53 3684 445 
n 0.39 0.55 171 514 
n 0.12 0.11 627 1261 
n 0.83 0.26 1490 1123 
n 0.85 0.43 61 81 
n 0.26 0.87 422 542 
n 0.64 0.18 2698 1221 
n 0.71 0.14 2372 127 
n 0.51 0.17 177 1390 
n 0.54 0.35 3084 748 
n 0.63 0.47 1213 910 
n 0.82 0.2 3 1817 
n 0.36 0.13 1782 995 
n 0.84 0.18 3896 742 
n 0.24 0.43 1829 812 
n 0.88 0.82 1286 550 
n 0.31 0.22 3017 108 
n 0.7 0.43 2132 1432 
n 0.49 0.38 2000 1110 
n 0.88 0.47 3317 1966 
n 0.4 0.69 1729 1498 
n 0.55 0.55 2408 1747 
n 0.32 0.6 3292 152 
n 0.59 0.63 193 1210 
n 0.14 0.53 782 1462 
n 0.73 0.42 2503 352 
n 0.54 0.39 1697 1924 
n 0.75 0.31 3821 147 
n 0.83 0.64 3370 791 
n 0.74 0.19 3162 367 
n 0.76 0.39 3938 516 
n 0.41 0.57 2741 1583 
n 0.39 0.4 2330 741 
n 0.27 0.72 3918 1088 
n 0.39 0.19 1794 1589 
n 0.25 0.45 2929 485 
n 0.13 0.7 3453 1998 
n 0.89 0.68 896 705 
n 0.44 0.28 399 850 
n 0.46 0.73 2614 195 
n 0.67 0.51 2800 653 
n 0.51 0.8 2630 20 
n 0.65 0.74 563 1513 
n 0.31 0.7 1090 1652 
n 0.28 0.65 2009 1163 
n 0.51 0.84 3876 1165 
n 0.48 0.88 3084 774 
n 0.22 0.63 1526 1612 
n 0.49 0.87 1612 328 
n 0.72 0.65 1423 1322 
n 0.25 0.87 3058 1276 
n 0.17 0.18 3782 1865 
n 0.41 0.28 347 252 
n 0.79 0.55 3904 1444 
n 0.79 0.69 2191 1579 
n 0.39 0.14 3220 1454 
n 0.86 0.49 468 319 
n 0.52 0.52 3611 1968 
n 0.63 0.49 3114 1629 
n 0.79 0.37 3515 1892 
n 0.86 0.77 3060 155 
n 0.44 0.44 2995 264 
n 0.5 0.88 202 233 
n 0.68 0.84 981 848 
n 0.15 0.45 1346 408 
n 0.66 0.13 781 670 
n 0.49 0.28 1009 1001 
n 0.65 0.9 2927 1777 
n 0.51 0.55 2982 949 
n 0.51 0.32 555 1121 
n 0.51 0.89 464 1302 
n 0.26 0.65 3452 637 
n 0.81 0.85 571 1982 
n 0.59 0.28 2656 128 
n 0.45 0.66 1623 1723 
n 0.3 0.34 2067 694 
n 0.6 0.85 1725 927 
n 0.45 0.3 3600 459 
n 0.14 0.63 1109 1196 
n 0.36 0.13 366 339 
n 0.64 0.41 778 1282 
n 0.78 0.58 386 1616 
n 0.61 0.76 3918 1217 
n 0.44 0.21 3332 1049 
n 0.66 0.34 2597 349 
n 0.49 0.77 811 1295 
n 0.65 0.15 241 1069 
n 0.8 0.6 2658 360 
n 0.1 0.28 394 1944 
n 0.11 0.52 3786 1862 
n 0.46 0.56 264 36 
n 0.44 0.62 2050 1833 
n 0.43 0.22 3538 125 
n 0.84 0.82 1646 1817 
n 0.25 0.48 2993 624 
n 0.79 0.46 547 25 
n 0.77 0.83 3373 1902 
n 0.75 0.16 460 267 
n 0.67 0.58 3060 781 
n 0.88 0.41 1828 456 
n 0.57 0.17 1021 962 
n 0.74 0.17 2347 388 
n 0.6 0.31 3535 1112 
n 0.51 0.14 1529 581 
n 0.27 0.52 1203 385 
n 0.37 0.73 1787 1902 
n 0.17 0.57 2740 1101 
n 0.8 0.82 555 1753 
n 0.84 0.15 47 363 
n 0.39 0.18 3935 540 
n 0.54 0.36 3062 329 
n 0.46 0.6 387 199 
n 0.2 0.62 2901 920 
n 0.25 0.38 931 512 
n 0.68 0.17 1766 692 
n 0.24 0.34 401 980 
n 0.84 0.39 149 1629 
n 0.39 0.89 2214 1977 
n 0.44 0.31 3805 1619 
n 0.12 0.78 1179 969 
n 0.76 0.26 1017 333 
n 0.74 0.65 2834 1512 
n 0.25 0.18 634 294 
n 0.66 0.74 1819 814 
n 0.51 0.7 1393 859 
n 0.53 0.39 1768 1578 
n 0.27 0.55 3023 871 
n 0.59 0.61 3248 1906 
n 0.25 0.7 1632 1742 
n 0.41 0.71 2223 990 
n 0.78 0.6 3868 697 
n 0.12 0.87 1541 354 
n 0.26 0.69 2374 1944 
n 0.38 0.48 1962 389 
n 0.75 0.28 3007 1524 
n 0.36 0.48 3220 1945 
n 0.41 0.35 2356 1568 
n 0.81 0.49 1604 706 
n 0.22 0.78 2028 1736 
n 0.74 0.62 2581 121 
n 0.18 0.87 2221 1578 
n 0.55 0.73 2944 632 
n 0.54 0.42 1082 1561 
n 0.66 0.75 997 942 
n 0.72 0.32 2334 523 
n 0.47 0.35 1264 1090 
n 0.54 0.9 1699 1294 
n 0.17 0.55 235 1059 
n 0.1 0.3 2592 248 
n 0.6 0.56 3642 699 
n 0.39 0.36 3599 514 
n 0.5 0.74 1766 678 
n 0.8 0.15 240 619 
n 0.73 0.83 1272 246 
n 0.53 0.54 3503 301 
n 0.2 0.78 80 1533 
n 0.84 0.58 1677 1238 
n 0.41 0.56 3766 154 
n 0.5 0.41 3946 459 
n 0.88 0.56 1994 1852 
n 0.21 0.5 278 165 
