t 200 20 5
n 0.85 0.71 0.46 0.39 0.67 3140 1401 
n 0.79 0.67 0.18 0.42 0.66 556 1056 
n 0.57 0.76 0.14 0.36 0.32 3675 1522 
n 0.85 0.75 0.35 0.33 0.89 1182 1853 
n 0.46 0.62 0.81 0.89 0.72 3595 111 
n 0.11 0.89 0.22 0.34 0.73 962 1895 
n 0.19 0.79 0.11 0.76 0.6 2030 1186 
n 0.52 0.56 0.51 0.8 0.13 3507 1851 
n 0.56 0.19 0.62 0.81 0.74 2642 1269 
n 0.35 0.29 0.62 0.75 0.71 3438 901 
n 0.88 0.86 0.69 0.75 0.4 3858 1472 
n 0.65 0.58 0.79 0.62 0.71 2937 1568 
n 0.45 0.87 0.21 0.42 0.28 376 1018 
n 0.45 0.54 0.26 0.37 0.52 839 1355 
n 0.2 0.71 0.72 0.5 0.32 706 1925 
n 0.76 0.7 0.55 0.77 0.62 749 920 
n 0.34 0.63 0.5 0.11 0.31 298 615 
n 0.44 0.14 0.41 0.41 0.35 694 552 
n 0.84 0.28 0.61 0.34 0.55 387 190 
n 0.65 0.7 0.9 0.55 0.42 2801 695 
n 0.22 0.6 0.64 0.68 0.41 3133 1143 
n 0.66 0.27 0.22 0.74 0.34 1517 266 
n 0.32 0.22 0.38 0.56 0.82 1538 224 
n 0.41 0.72 0.87 0.1 0.21 844 520 
n 0.87 0.33 0.28 0.29 0.39 2639 1239 
n 0.25 0.53 0.16 0.83 0.16 3123 217 
n 0.53 0.68 0.28 0.63 0.26 2489 1520 
n 0.34 0.56 0.47 0.15 0.56 3834 1827 
n 0.6 0.6 0.73 0.74 0.71 3417 1808 
n 0.76 0.69 0.26 0.18 0.63 2938 543 
n 0.41 0.7 0.19 0.83 0.76 71 1323 
n 0.39 0.7 0.21 0.73 0.47 3245 1828 
n 0.1 0.87 0.5 0.85 0.83 731 1741 
n 0.37 0.54 0.78 0.78 0.37 2312 1270 
n 0.69 0.85 0.11 0.44 0.6 2426 1851 
n 0.74 0.56 0.2 0.51 0.42 380 478 
n 0.6 0.71 0.34 0.5 0.82 2310 635 
n 0.51 0.29 0.17 0.58 0.86 2830 775 
n 0.83 0.87 0.51 0.19 0.3 3829 513 
n 0.42 0.14 0.18 0.84 0.76 3684 445 
n 0.29 0.75 0.68 0.61 0.41 171 514 
n 0.72 0.66 0.21 0.46 0.3 627 1261 
n 0.31 0.2 0.22 0.27 0.4 1490 1123 
n 0.41 0.25 0.42 0.53 0.23 61 81 
n 0.81 0.66 0.44 0.79 0.82 422 542 
n 0.11 0.42 0.23 0.7 0.51 2698 1221 
n 0.19 0.52 0.41 0.14 0.43 2372 127 
n 0.48 0.19 0.76 0.31 0.51 177 1390 
n 0.6 0.47 0.47 0.11 0.11 3084 748 
n 0.14 0.23 0.73 0.61 0.18 1213 910 
n 0.72 0.17 0.32 0.16 0.34 3 1817 
n 0.85 0.88 0.31 0.62 0.55 1782 995 
n 0.46 0.82 0.23 0.18 0.41 3896 742 
n 0.88 0.32 0.52 0.41 0.59 1829 812 
n 0.61 0.7 0.65 0.37 0.11 1286 550 
n 0.28 0.57 0.76 0.87 0.23 3017 108 
n 0.72 0.69 0.51 0.78 0.57 2132 1432 
n 0.83 0.16 0.81 0.54 0.51 2000 1110 
n 0.87 0.86 0.78 0.59 0.15 3317 1966 
n 0.4 0.26 0.38 0.74 0.68 1729 1498 
n 0.56 0.78 0.61 0.5 0.68 2408 1747 
n 0.64 0.72 0.86 0.26 0.14 3292 152 
n 0.73 0.25 0.12 0.54 0.15 193 1210 
n 0.13 0.42 0.15 0.89 0.59 782 1462 
n 0.37 0.59 0.78 0.14 0.42 2503 352 
n 0.38 0.12 0.3 0.72 0.74 1697 1924 
n 0.65 0.12 0.21 0.12 0.88 3821 147 
n 0.32 0.73 0.17 0.7 0.84 3370 791 
n 0.34 0.69 0.22 0.64 0.63 3162 367 
n 0.55 0.22 0.56 0.85 0.76 3938 516 
n 0.29 0.71 0.47 0.19 0.9 2741 1583 
n 0.43 0.13 0.21 0.64 0.51 2330 741 
n 0.69 0.58 0.83 0.86 0.15 3918 1088 
n 0.63 0.53 0.57 0.5 0.37 1794 1589 
n 0.9 0.74 0.1 0.74 0.77 2929 485 
n 0.68 0.23 0.34 0.63 0.79 3453 1998 
n 0.71 0.32 0.18 0.39 0.35 896 705 
n 0.31 0.78 0.19 0.81 0.12 399 850 
n 0.86 0.37 0.73 0.81 0.55 2614 195 
n 0.25 0.4 0.65 0.75 0.79 2800 653 
n 0.67 0.48 0.18 0.36 0.65 2630 20 
n 0.25 0.44 0.12 0.85 0.8 563 1513 
n 0.89 0.87 0.78 0.23 0.37 1090 1652 
n 0.47 0.32 0.82 0.59 0.88 2009 1163 
n 0.43 0.57 0.12 0.83 0.68 3876 1165 
n 0.74 0.43 0.43 0.38 0.36 3084 774 
n 0.31 0.31 0.39 0.54 0.57 1526 1612 
n 0.4 0.14 0.83 0.73 0.43 1612 328 
n 0.3 0.71 0.14 0.76 0.65 1423 1322 
n 0.54 0.71 0.5 0.82 0.75 3058 1276 
n 0.82 0.32 0.58 0.41 0.43 3782 1865 
n 0.65 0.69 0.72 0.45 0.7 347 252 
n 0.16 0.15 0.46 0.23 0.65 3904 1444 
n 0.4 0.33 0.32 0.65 0.63 2191 1579 
n 0.64 0.1 0.19 0.67 0.16 3220 1454 
n 0.49 0.32 0.65 0.51 0.27 468 319 
n 0.23 0.2 0.14 0.82 0.21 3611 1968 
n 0.22 0.53 0.31 0.52 0.55 3114 1629 
n 0.87 0.29 0.77 0.12 0.55 3515 1892 
n 0.52 0.71 0.14 0.68 0.6 3060 155 
n 0.37 0.66 0.13 0.56 0.24 2995 264 
n 0.45 0.55 0.14 0.5 0.38 202 233 
n 0.11 0.32 0.38 0.23 0.26 981 848 
n 0.2 0.32 0.59 0.84 0.6 1346 408 
n 0.63 0.38 0.55 0.48 0.83 781 670 
n 0.78 0.19 0.71 0.7 0.43 1009 1001 
n 0.55 0.31 0.71 0.55 0.75 2927 1777 
n 0.52 0.53 0.83 0.49 0.38 2982 949 
n 0.55 0.29 0.17 0.55 0.75 555 1121 
n 0.38 0.13 0.62 0.13 0.83 464 1302 
n 0.79 0.42 0.78 0.2 0.22 3452 637 
n 0.73 0.62 0.67 0.8 0.37 571 1982 
n 0.23 0.83 0.8 0.44 0.32 2656 128 
n 0.51 0.47 0.72 0.28 0.76 1623 1723 
n 0.17 0.31 0.68 0.63 0.7 2067 694 
n 0.81 0.36 0.49 0.62 0.77 1725 927 
n 0.3 0.1 0.64 0.7 0.15 3600 459 
n 0.6 0.33 0.87 0.44 0.35 1109 1196 
n 0.23 0.74 0.51 0.22 0.56 366 339 
n 0.41 0.13 0.16 0.75 0.17 778 1282 
n 0.37 0.14 0.63 0.42 0.23 386 1616 
n 0.44 0.5 0.31 0.27 0.24 3918 1217 
n 0.23 0.55 0.73 0.15 0.15 3332 1049 
n 0.74 0.11 0.77 0.53 0.29 2597 349 
n 0.69 0.82 0.72 0.51 0.49 811 1295 
n 0.23 0.74 0.79 0.46 0.86 241 1069 
n 0.33 0.33 0.56 0.57 0.9 2658 360 
n 0.13 0.25 0.19 0.54 0.31 394 1944 
n 0.31 0.89 0.3 0.73 0.54 3786 1862 
n 0.12 0.56 0.18 0.12 0.67 264 36 
n 0.22 0.32 0.27 0.67 0.86 2050 1833 
n 0.66 0.46 0.8 0.68 0.68 3538 125 
n 0.43 0.72 0.69 0.5 0.78 1646 1817 
n 0.47 0.75 0.65 0.43 0.67 2993 624 
n 0.33 0.12 0.63 0.66 0.67 547 25 
n 0.29 0.56 0.57 0.16 0.81 3373 1902 
n 0.58 0.44 0.16 0.31 0.34 460 267 
n 0.74 0.22 0.59 0.16 0.35 3060 781 
n 0.76 0.53 0.61 0.42 0.42 1828 456 
n 0.34 0.21 0.69 0.83 0.31 1021 962 
n 0.62 0.48 0.84 0.28 0.16 2347 388 
n 0.62 0.45 0.13 0.83 0.53 3535 1112 
n 0.21 0.18 0.3 0.11 0.75 1529 581 
n 0.81 0.61 0.9 0.27 0.87 1203 385 
n 0.33 0.7 0.88 0.84 0.39 1787 1902 
n 0.22 0.23 0.58 0.83 0.85 2740 1101 
n 0.84 0.46 0.51 0.27 0.66 555 1753 
n 0.14 0.44 0.81 0.79 0.57 47 363 
n 0.39 0.72 0.38 0.49 0.46 3935 540 
n 0.25 0.63 0.41 0.76 0.8 3062 329 
n 0.4 0.56 0.79 0.75 0.75 387 199 
n 0.69 0.56 0.51 0.56 0.77 2901 920 
n 0.31 0.32 0.67 0.66 0.72 931 512 
n 0.61 0.77 0.41 0.25 0.47 1766 692 
n 0.42 0.8 0.75 0.55 0.39 401 980 
n 0.14 0.36 0.21 0.35 0.46 149 1629 
n 0.53 0.14 0.51 0.78 0.22 2214 1977 
n 0.44 0.31 0.36 0.42 0.57 3805 1619 
n 0.86 0.14 0.6 0.74 0.6 1179 969 
n 0.62 0.13 0.89 0.74 0.5 1017 333 
n 0.32 0.16 0.49 0.82 0.74 2834 1512 
n 0.77 0.86 0.36 0.67 0.28 634 294 
n 0.61 0.25 0.58 0.63 0.43 1819 814 
n 0.48 0.76 0.66 0.34 0.59 1393 859 
n 0.47 0.4 0.22 0.72 0.22 1768 1578 
n 0.21 0.29 0.34 0.57 0.59 3023 871 
n 0.19 0.41 0.26 0.81 0.33 3248 1906 
n 0.71 0.47 0.45 0.72 0.85 1632 1742 
n 0.63 0.83 0.84 0.65 0.77 2223 990 
n 0.15 0.31 0.76 0.85 0.14 3868 697 
n 0.36 0.22 0.77 0.25 0.46 1541 354 
n 0.53 0.17 0.13 0.16 0.29 2374 1944 
n 0.86 0.32 0.25 0.58 0.34 1962 389 
n 0.17 0.18 0.12 0.62 0.68 3007 1524 
n 0.22 0.83 0.13 0.83 0.75 3220 1945 
n 0.28 0.46 0.59 0.6 0.75 2356 1568 
n 0.52 0.38 0.56 0.37 0.74 1604 706 
n 0.11 0.8 0.4 0.76 0.26 2028 1736 
n 0.17 0.49 0.89 0.8 0.34 2581 121 
n 0.37 0.62 0.14 0.25 0.34 2221 1578 
n 0.13 0.24 0.12 0.87 0.18 2944 632 
n 0.51 0.43 0.43 0.29 0.48 1082 1561 
n 0.31 0.83 0.87 0.8 0.15 997 942 
n 0.29 0.24 0.68 0.23 0.86 2334 523 
n 0.28 0.59 0.85 0.84 0.87 1264 1090 
n 0.59 0.37 0.13 0.47 0.55 1699 1294 
n 0.11 0.31 0.39 0.5 0.72 235 1059 
n 0.25 0.76 0.25 0.45 0.25 2592 248 
n 0.51 0.63 0.3 0.72 0.55 3642 699 
n 0.18 0.21 0.55 0.2 0.14 3599 514 
n 0.11 0.66 0.62 0.46 0.45 1766 678 
n 0.59 0.41 0.44 0.47 0.27 240 619 
n 0.78 0.84 0.88 0.69 0.58 1272 246 
n 0.22 0.38 0.25 0.13 0.5 3503 301 
n 0.76 0.86 0.52 0.75 0.32 80 1533 
n 0.83 0.87 0.15 0.8 0.27 1677 1238 
n 0.29 0.59 0.47 0.65 0.88 3766 154 
n 0.14 0.13 0.82 0.2 0.63 3946 459 
n 0.84 0.25 0.3 0.12 0.2 1994 1852 
n 0.81 0.64 0.51 0.48 0.3 278 165 
