t 150 15 3
n 0.46 0.6 0.2 1357 1905 
n 0.62 0.25 0.38 2650 802 
n 0.68 0.17 0.24 1774 107 
n 0.34 0.84 0.39 1307 964 
n 0.39 0.89 0.44 3806 746 
n 0.31 0.12 0.78 2687 1353 
n 0.76 0.26 0.74 43 1957 
n 0.65 0.25 0.18 3092 1668 
n 0.66 0.74 0.51 185 1542 
n 0.7 0.53 0.39 834 629 
n 0.27 0.55 0.59 40 462 
n 0.61 0.25 0.7 1183 1391 
n 0.41 0.71 0.78 2048 1628 
n 0.6 0.12 0.87 1097 643 
n 0.26 0.69 0.38 1838 1732 
n 0.48 0.75 0.28 234 1118 
n 0.36 0.48 0.41 3314 1881 
n 0.35 0.81 0.49 737 1285 
n 0.22 0.78 0.74 779 777 
n 0.62 0.18 0.87 2312 1949 
n 0.55 0.73 0.54 2576 189 
n 0.42 0.66 0.75 3078 1541 
n 0.72 0.32 0.47 2781 478 
n 0.35 0.54 0.9 705 1812 
n 0.17 0.55 0.1 3409 1917 
n 0.3 0.6 0.56 323 1714 
n 0.39 0.36 0.5 1660 1556 
n 0.74 0.8 0.15 3729 1188 
n 0.73 0.83 0.53 693 1383 
n 0.54 0.2 0.78 2361 640 
n 0.84 0.58 0.41 2433 1538 
n 0.56 0.5 0.41 554 1825 
n 0.88 0.56 0.21 913 317 
n 0.5 0.48 0.39 3586 1909 
n 0.69 0.67 0.2 2636 727 
n 0.84 0.63 0.86 1000 457 
n 0.69 0.8 0.64 482 1337 
n 0.8 0.77 0.21 3704 1082 
n 0.87 0.72 0.12 3635 1174 
n 0.64 0.82 0.18 1362 1526 
n 0.58 0.57 0.11 2049 417 
n 0.33 0.59 0.23 2552 1909 
n 0.8 0.21 0.69 3939 640 
n 0.82 0.31 0.79 219 898 
n 0.75 0.5 0.4 812 351 
n 0.19 0.88 0.26 901 1552 
n 0.41 0.53 0.15 2513 1572 
n 0.53 0.27 0.48 242 584 
n 0.63 0.38 0.63 826 1226 
n 0.19 0.68 0.57 3278 799 
n 0.41 0.36 0.8 86 1065 
n 0.49 0.52 0.4 14 454 
n 0.62 0.73 0.81 1327 1893 
n 0.61 0.33 0.26 2773 1286 
n 0.19 0.8 0.61 2469 1838 
n 0.29 0.68 0.85 3835 963 
n 0.34 0.59 0.83 1031 428 
n 0.14 0.46 0.82 3853 1712 
n 0.59 0.46 0.35 1868 197 
n 0.41 0.74 0.56 1544 863 
n 0.42 0.32 0.48 457 1607 
n 0.85 0.8 0.89 3174 1064 
n 0.61 0.89 0.62 192 1004 
n 0.54 0.78 0.32 2318 1925 
n 0.82 0.3 0.83 2232 1374 
n 0.87 0.34 0.76 396 828 
n 0.48 0.6 0.23 2365 1649 
n 0.31 0.17 0.73 2499 658 
n 0.34 0.83 0.18 1410 307 
n 0.19 0.3 0.41 2990 214 
n 0.47 0.26 0.72 3646 1018 
n 0.86 0.3 0.49 3394 1028 
n 0.3 0.37 0.55 1779 90 
n 0.67 0.36 0.83 1058 372 
n 0.11 0.19 0.31 2933 1459 
n 0.67 0.72 0.14 3099 173 
n 0.27 0.17 0.2 2178 978 
n 0.17 0.38 0.37 138 1610 
n 0.42 0.27 0.67 2082 1753 
n 0.57 0.53 0.85 2302 1127 
n 0.89 0.72 0.74 805 272 
n 0.85 0.32 0.84 22 1617 
n 0.51 0.9 0.3 3213 1085 
n 0.73 0.76 0.17 99 536 
n 0.87 0.36 0.59 1533 1780 
n 0.89 0.7 0.76 3564 676 
n 0.32 0.29 0.58 29 6 
n 0.82 0.47 0.74 3808 1375 
n 0.17 0.75 0.88 2221 291 
n 0.73 0.9 0.64 3499 1885 
n 0.49 0.89 0.27 3124 408 
n 0.34 0.44 0.41 781 671 
n 0.75 0.82 0.34 1027 1041 
n 0.38 0.31 0.2 3249 378 
n 0.52 0.35 0.4 3297 491 
n 0.28 0.66 0.19 213 220 
n 0.76 0.56 0.77 721 186 
n 0.63 0.86 0.12 3736 1542 
n 0.58 0.86 0.27 868 731 
n 0.22 0.8 0.25 960 303 
n 0.3 0.14 0.26 3825 1101 
n 0.57 0.48 0.69 2779 435 
n 0.19 0.62 0.17 201 693 
n 0.26 0.39 0.56 2502 1274 
n 0.52 0.85 0.42 765 833 
n 0.16 0.77 0.53 3105 1823 
n 0.62 0.58 0.79 1937 1400 
n 0.56 0.18 0.56 3364 1498 
n 0.62 0.22 0.85 3702 1624 
n 0.25 0.63 0.11 2164 1874 
n 0.29 0.31 0.45 3019 189 
n 0.34 0.18 0.46 3098 1594 
n 0.83 0.31 0.23 3239 1376 
n 0.42 0.65 0.83 3359 1693 
n 0.4 0.24 0.71 2081 1011 
n 0.14 0.82 0.68 1398 1100 
n 0.4 0.53 0.44 618 1953 
n 0.75 0.11 0.54 1878 59 
n 0.5 0.36 0.88 3803 886 
n 0.55 0.85 0.66 397 1217 
n 0.32 0.78 0.15 3035 152 
n 0.28 0.43 0.74 2502 146 
n 0.33 0.86 0.43 3230 380 
n 0.71 0.25 0.82 3479 1023 
n 0.29 0.79 0.29 958 1670 
n 0.12 0.84 0.29 3423 1241 
n 0.87 0.33 0.27 78 1066 
n 0.83 0.84 0.11 96 691 
n 0.42 0.66 0.66 3431 78 
n 0.86 0.64 0.71 2053 1461 
n 0.31 0.69 0.28 3048 1 
n 0.65 0.27 0.78 571 1711 
n 0.7 0.7 0.35 3393 782 
n 0.7 0.6 0.11 2835 1472 
n 0.41 0.12 0.1 144 1185 
n 0.29 0.77 0.8 923 108 
n 0.65 0.66 0.54 989 1997 
n 0.34 0.71 0.52 3061 1211 
n 0.72 0.15 0.54 2977 39 
n 0.27 0.13 0.43 1668 658 
n 0.11 0.16 0.5 878 715 
n 0.76 0.1 0.89 678 1599 
n 0.23 0.17 0.3 1086 868 
n 0.11 0.79 0.47 640 110 
n 0.27 0.5 0.59 3551 1673 
n 0.72 0.17 0.48 106 1267 
n 0.87 0.43 0.18 2243 1332 
n 0.63 0.48 0.89 3796 1401 
n 0.41 0.42 0.82 2643 1320 
n 0.89 0.73 0.81 48 267 
