t 150 20 4
n 0.26 0.74 0.67 0.75 1357 1905 
n 0.59 0.56 0.78 0.13 2650 802 
n 0.45 0.88 0.82 0.6 1774 107 
n 0.87 0.15 0.41 0.69 1307 964 
n 0.76 0.68 0.33 0.63 3806 746 
n 0.72 0.54 0.14 0.61 2687 1353 
n 0.9 0.11 0.25 0.58 43 1957 
n 0.1 0.6 0.28 0.55 3092 1668 
n 0.37 0.52 0.42 0.67 185 1542 
n 0.16 0.21 0.41 0.86 834 629 
n 0.75 0.27 0.73 0.56 40 462 
n 0.81 0.24 0.57 0.41 1183 1391 
n 0.53 0.49 0.34 0.69 2048 1628 
n 0.55 0.53 0.35 0.5 1097 643 
n 0.11 0.81 0.54 0.62 1838 1732 
n 0.5 0.25 0.25 0.87 234 1118 
n 0.21 0.7 0.32 0.41 3314 1881 
n 0.12 0.71 0.82 0.7 737 1285 
n 0.55 0.18 0.49 0.39 779 777 
n 0.57 0.87 0.1 0.73 2312 1949 
n 0.51 0.9 0.6 0.22 2576 189 
n 0.83 0.56 0.31 0.59 3078 1541 
n 0.55 0.84 0.7 0.46 2781 478 
n 0.16 0.12 0.24 0.73 705 1812 
n 0.85 0.85 0.44 0.45 3409 1917 
n 0.18 0.73 0.2 0.76 323 1714 
n 0.47 0.7 0.8 0.83 1660 1556 
n 0.35 0.5 0.78 0.5 3729 1188 
n 0.6 0.39 0.26 0.38 693 1383 
n 0.66 0.44 0.55 0.38 2361 640 
n 0.81 0.85 0.77 0.74 2433 1538 
n 0.18 0.82 0.88 0.87 554 1825 
n 0.87 0.51 0.48 0.54 913 317 
n 0.29 0.47 0.87 0.19 3586 1909 
n 0.71 0.23 0.15 0.61 2636 727 
n 0.62 0.68 0.79 0.35 1000 457 
n 0.82 0.72 0.71 0.42 482 1337 
n 0.46 0.33 0.61 0.21 3704 1082 
n 0.64 0.66 0.52 0.77 3635 1174 
n 0.31 0.48 0.43 0.51 1362 1526 
n 0.72 0.32 0.84 0.85 2049 417 
n 0.88 0.38 0.29 0.27 2552 1909 
n 0.73 0.61 0.41 0.62 3939 640 
n 0.59 0.77 0.41 0.54 219 898 
n 0.24 0.71 0.19 0.84 812 351 
n 0.27 0.18 0.77 0.19 901 1552 
n 0.52 0.4 0.46 0.3 2513 1572 
n 0.56 0.14 0.58 0.11 242 584 
n 0.51 0.8 0.19 0.39 826 1226 
n 0.57 0.7 0.62 0.45 3278 799 
n 0.45 0.44 0.66 0.68 86 1065 
n 0.7 0.37 0.53 0.49 14 454 
n 0.48 0.34 0.49 0.86 1327 1893 
n 0.38 0.11 0.8 0.41 2773 1286 
n 0.86 0.76 0.49 0.21 2469 1838 
n 0.24 0.6 0.16 0.33 3835 963 
n 0.16 0.23 0.68 0.72 1031 428 
n 0.89 0.5 0.34 0.73 3853 1712 
n 0.32 0.12 0.72 0.83 1868 197 
n 0.3 0.9 0.14 0.16 1544 863 
n 0.76 0.86 0.46 0.28 457 1607 
n 0.21 0.88 0.71 0.72 3174 1064 
n 0.62 0.65 0.52 0.21 192 1004 
n 0.16 0.27 0.69 0.2 2318 1925 
n 0.7 0.85 0.58 0.18 2232 1374 
n 0.15 0.27 0.64 0.31 396 828 
n 0.16 0.65 0.23 0.82 2365 1649 
n 0.42 0.13 0.83 0.13 2499 658 
n 0.37 0.36 0.47 0.5 1410 307 
n 0.3 0.39 0.45 0.5 2990 214 
n 0.3 0.71 0.13 0.83 3646 1018 
n 0.41 0.65 0.72 0.78 3394 1028 
n 0.29 0.63 0.85 0.52 1779 90 
n 0.51 0.74 0.24 0.49 1058 372 
n 0.4 0.73 0.16 0.76 2933 1459 
n 0.1 0.86 0.47 0.34 3099 173 
n 0.49 0.49 0.53 0.33 2178 978 
n 0.55 0.23 0.42 0.11 138 1610 
n 0.67 0.41 0.35 0.58 2082 1753 
n 0.12 0.22 0.5 0.14 2302 1127 
n 0.26 0.31 0.25 0.68 805 272 
n 0.2 0.64 0.44 0.44 22 1617 
n 0.11 0.44 0.76 0.44 3213 1085 
n 0.21 0.21 0.19 0.66 99 536 
n 0.7 0.42 0.67 0.22 1533 1780 
n 0.78 0.5 0.87 0.22 3564 676 
n 0.57 0.62 0.4 0.51 29 6 
n 0.59 0.11 0.8 0.87 3808 1375 
n 0.49 0.69 0.76 0.28 2221 291 
n 0.28 0.61 0.39 0.64 3499 1885 
n 0.56 0.89 0.4 0.62 3124 408 
n 0.13 0.29 0.52 0.59 781 671 
n 0.65 0.26 0.52 0.63 1027 1041 
n 0.42 0.87 0.36 0.64 3249 378 
n 0.39 0.11 0.54 0.55 3297 491 
n 0.66 0.52 0.33 0.72 213 220 
n 0.29 0.8 0.64 0.42 721 186 
n 0.45 0.46 0.16 0.31 3736 1542 
n 0.86 0.36 0.52 0.4 868 731 
n 0.15 0.87 0.58 0.31 960 303 
n 0.13 0.52 0.72 0.25 3825 1101 
n 0.78 0.85 0.84 0.72 2779 435 
n 0.58 0.14 0.59 0.41 201 693 
n 0.46 0.66 0.42 0.61 2502 1274 
n 0.24 0.87 0.74 0.77 765 833 
n 0.71 0.68 0.86 0.74 3105 1823 
n 0.25 0.6 0.84 0.39 1937 1400 
n 0.31 0.78 0.16 0.16 3364 1498 
n 0.24 0.58 0.34 0.23 3702 1624 
n 0.71 0.27 0.1 0.39 2164 1874 
n 0.81 0.28 0.29 0.64 3019 189 
n 0.33 0.39 0.86 0.59 3098 1594 
n 0.86 0.65 0.84 0.69 3239 1376 
n 0.33 0.88 0.14 0.59 3359 1693 
n 0.47 0.78 0.75 0.68 2081 1011 
n 0.42 0.21 0.43 0.69 1398 1100 
n 0.51 0.75 0.22 0.15 618 1953 
n 0.43 0.32 0.76 0.44 1878 59 
n 0.72 0.73 0.29 0.21 3803 886 
n 0.81 0.32 0.47 0.83 397 1217 
n 0.14 0.68 0.9 0.21 3035 152 
n 0.2 0.69 0.2 0.85 2502 146 
n 0.78 0.62 0.59 0.55 3230 380 
n 0.14 0.37 0.55 0.56 3479 1023 
n 0.58 0.65 0.4 0.43 958 1670 
n 0.73 0.62 0.13 0.8 3423 1241 
n 0.58 0.76 0.58 0.58 78 1066 
n 0.73 0.57 0.73 0.25 96 691 
n 0.74 0.17 0.47 0.42 3431 78 
n 0.55 0.53 0.84 0.42 2053 1461 
n 0.59 0.84 0.32 0.72 3048 1 
n 0.9 0.39 0.54 0.17 571 1711 
n 0.2 0.31 0.56 0.7 3393 782 
n 0.77 0.59 0.21 0.78 2835 1472 
n 0.76 0.21 0.19 0.77 144 1185 
n 0.71 0.39 0.78 0.53 923 108 
n 0.53 0.3 0.13 0.37 989 1997 
n 0.17 0.4 0.62 0.71 3061 1211 
n 0.33 0.74 0.3 0.12 2977 39 
n 0.15 0.72 0.44 0.56 1668 658 
n 0.76 0.7 0.68 0.52 878 715 
n 0.37 0.6 0.61 0.17 678 1599 
n 0.36 0.26 0.4 0.57 1086 868 
n 0.74 0.62 0.85 0.42 640 110 
n 0.33 0.65 0.28 0.44 3551 1673 
n 0.1 0.26 0.59 0.28 106 1267 
n 0.26 0.26 0.26 0.45 2243 1332 
n 0.8 0.63 0.84 0.75 3796 1401 
n 0.44 0.3 0.89 0.43 2643 1320 
n 0.36 0.13 0.88 0.8 48 267 
