t 100 15 5
n 0.61 0.21 0.64 0.66 0.52 3140 1401 
n 0.77 0.31 0.48 0.43 0.51 556 1056 
n 0.72 0.32 0.84 0.85 0.88 3675 1522 
n 0.38 0.29 0.27 0.73 0.61 1182 1853 
n 0.41 0.62 0.59 0.77 0.41 3595 111 
n 0.54 0.24 0.71 0.19 0.84 962 1895 
n 0.27 0.18 0.77 0.19 0.52 2030 1186 
n 0.4 0.46 0.3 0.56 0.14 3507 1851 
n 0.58 0.11 0.51 0.8 0.19 2642 1269 
n 0.39 0.57 0.7 0.62 0.45 3438 901 
n 0.45 0.44 0.66 0.68 0.7 3858 1472 
n 0.37 0.53 0.49 0.48 0.34 2937 1568 
n 0.49 0.86 0.38 0.11 0.8 376 1018 
n 0.41 0.86 0.76 0.49 0.21 839 1355 
n 0.24 0.6 0.16 0.33 0.16 706 1925 
n 0.23 0.68 0.72 0.89 0.5 749 920 
n 0.34 0.73 0.32 0.12 0.72 298 615 
n 0.83 0.3 0.9 0.14 0.16 694 552 
n 0.76 0.86 0.46 0.28 0.21 387 190 
n 0.88 0.71 0.72 0.62 0.65 2801 695 
n 0.52 0.21 0.16 0.27 0.69 3133 1143 
n 0.2 0.7 0.85 0.58 0.18 1517 266 
n 0.15 0.27 0.64 0.31 0.16 1538 224 
n 0.65 0.23 0.82 0.42 0.13 844 520 
n 0.83 0.13 0.37 0.36 0.47 2639 1239 
n 0.5 0.3 0.39 0.45 0.5 3123 217 
n 0.3 0.71 0.13 0.83 0.41 2489 1520 
n 0.65 0.72 0.78 0.29 0.63 3834 1827 
n 0.85 0.52 0.51 0.74 0.24 3417 1808 
n 0.49 0.4 0.73 0.16 0.76 2938 543 
n 0.1 0.86 0.47 0.34 0.49 71 1323 
n 0.49 0.53 0.33 0.55 0.23 3245 1828 
n 0.42 0.11 0.67 0.41 0.35 731 1741 
n 0.58 0.12 0.22 0.5 0.14 2312 1270 
n 0.26 0.31 0.25 0.68 0.2 2426 1851 
n 0.64 0.44 0.44 0.11 0.44 380 478 
n 0.76 0.44 0.21 0.21 0.19 2310 635 
n 0.66 0.7 0.42 0.67 0.22 2830 775 
n 0.78 0.5 0.87 0.22 0.57 3829 513 
n 0.62 0.4 0.51 0.59 0.11 3684 445 
n 0.8 0.87 0.49 0.69 0.76 171 514 
n 0.28 0.28 0.61 0.39 0.64 627 1261 
n 0.56 0.89 0.4 0.62 0.13 1490 1123 
n 0.29 0.52 0.59 0.65 0.26 61 81 
n 0.52 0.63 0.42 0.87 0.36 422 542 
n 0.64 0.39 0.11 0.54 0.55 2698 1221 
n 0.66 0.52 0.33 0.72 0.29 2372 127 
n 0.8 0.64 0.42 0.45 0.46 177 1390 
n 0.16 0.31 0.86 0.36 0.52 3084 748 
n 0.4 0.15 0.87 0.58 0.31 1213 910 
n 0.13 0.52 0.72 0.25 0.78 3 1817 
n 0.85 0.84 0.72 0.58 0.14 1782 995 
n 0.59 0.41 0.46 0.66 0.42 3896 742 
n 0.61 0.24 0.87 0.74 0.77 1829 812 
n 0.71 0.68 0.86 0.74 0.25 1286 550 
n 0.6 0.84 0.39 0.31 0.78 3017 108 
n 0.16 0.16 0.24 0.58 0.34 2132 1432 
n 0.23 0.71 0.27 0.1 0.39 2000 1110 
n 0.81 0.28 0.29 0.64 0.33 3317 1966 
n 0.39 0.86 0.59 0.86 0.65 1729 1498 
n 0.84 0.69 0.33 0.88 0.14 2408 1747 
n 0.59 0.47 0.78 0.75 0.68 3292 152 
n 0.42 0.21 0.43 0.69 0.51 193 1210 
n 0.75 0.22 0.15 0.43 0.32 782 1462 
n 0.76 0.44 0.72 0.73 0.29 2503 352 
n 0.21 0.81 0.32 0.47 0.83 1697 1924 
n 0.14 0.68 0.9 0.21 0.2 3821 147 
n 0.69 0.2 0.85 0.78 0.62 3370 791 
n 0.59 0.55 0.14 0.37 0.55 3162 367 
n 0.56 0.58 0.65 0.4 0.43 3938 516 
n 0.73 0.62 0.13 0.8 0.58 2741 1583 
n 0.76 0.58 0.58 0.73 0.57 2330 741 
n 0.73 0.25 0.74 0.17 0.47 3918 1088 
n 0.42 0.55 0.53 0.84 0.42 1794 1589 
n 0.59 0.84 0.32 0.72 0.9 2929 485 
n 0.39 0.54 0.17 0.2 0.31 3453 1998 
n 0.56 0.7 0.77 0.59 0.21 896 705 
n 0.78 0.76 0.21 0.19 0.77 399 850 
n 0.71 0.39 0.78 0.53 0.53 2614 195 
n 0.3 0.13 0.37 0.17 0.4 2800 653 
n 0.62 0.71 0.33 0.74 0.3 2630 20 
n 0.12 0.15 0.72 0.44 0.56 563 1513 
n 0.76 0.7 0.68 0.52 0.37 1090 1652 
n 0.6 0.61 0.17 0.36 0.26 2009 1163 
n 0.4 0.57 0.74 0.62 0.85 3876 1165 
n 0.42 0.33 0.65 0.28 0.44 3084 774 
n 0.1 0.26 0.59 0.28 0.26 1526 1612 
n 0.26 0.26 0.45 0.8 0.63 1612 328 
n 0.84 0.75 0.44 0.3 0.89 1423 1322 
n 0.43 0.36 0.13 0.88 0.8 3058 1276 
n 0.31 0.76 0.66 0.38 0.71 3782 1865 
n 0.35 0.2 0.41 0.26 0.56 347 252 
n 0.83 0.72 0.69 0.55 0.79 3904 1444 
n 0.59 0.51 0.23 0.45 0.81 2191 1579 
n 0.86 0.42 0.72 0.87 0.41 3220 1454 
n 0.69 0.51 0.23 0.41 0.17 468 319 
n 0.71 0.37 0.24 0.54 0.58 3611 1968 
n 0.36 0.12 0.27 0.17 0.76 3114 1629 
n 0.12 0.3 0.68 0.11 0.5 3515 1892 
n 0.72 0.53 0.33 0.8 0.83 3060 155 
