t 200 10 3
n 0.48 0.39 0.69 3140 1401 
n 0.67 0.2 0.84 556 1056 
n 0.63 0.86 0.69 3675 1522 
n 0.8 0.64 0.8 1182 1853 
n 0.77 0.21 0.87 3595 111 
n 0.72 0.12 0.64 962 1895 
n 0.82 0.18 0.58 2030 1186 
n 0.57 0.11 0.33 3507 1851 
n 0.59 0.23 0.8 2642 1269 
n 0.21 0.69 0.82 3438 901 
n 0.31 0.79 0.75 3858 1472 
n 0.5 0.4 0.19 2937 1568 
n 0.88 0.26 0.41 376 1018 
n 0.53 0.15 0.53 839 1355 
n 0.27 0.48 0.63 706 1925 
n 0.38 0.63 0.19 749 920 
n 0.68 0.57 0.41 298 615 
n 0.36 0.8 0.49 694 552 
n 0.52 0.4 0.62 387 190 
n 0.73 0.81 0.61 2801 695 
n 0.33 0.26 0.19 3133 1143 
n 0.8 0.61 0.29 1517 266 
n 0.68 0.85 0.34 1538 224 
n 0.59 0.83 0.14 844 520 
n 0.46 0.82 0.59 2639 1239 
n 0.46 0.35 0.41 3123 217 
n 0.74 0.56 0.42 2489 1520 
n 0.32 0.48 0.85 3834 1827 
n 0.8 0.89 0.61 3417 1808 
n 0.89 0.62 0.54 2938 543 
n 0.78 0.32 0.82 71 1323 
n 0.3 0.83 0.87 3245 1828 
n 0.34 0.76 0.48 731 1741 
n 0.6 0.23 0.31 2312 1270 
n 0.17 0.73 0.34 2426 1851 
n 0.83 0.18 0.19 380 478 
n 0.3 0.41 0.47 2310 635 
n 0.26 0.72 0.86 2830 775 
n 0.3 0.49 0.3 3829 513 
n 0.37 0.55 0.67 3684 445 
n 0.36 0.83 0.11 171 514 
n 0.19 0.31 0.67 627 1261 
n 0.72 0.14 0.27 1490 1123 
n 0.17 0.2 0.17 61 81 
n 0.38 0.37 0.42 422 542 
n 0.27 0.67 0.57 2698 1221 
n 0.53 0.85 0.89 2372 127 
n 0.72 0.74 0.85 177 1390 
n 0.32 0.84 0.51 3084 748 
n 0.9 0.3 0.73 1213 910 
n 0.76 0.17 0.87 3 1817 
n 0.36 0.59 0.89 1782 995 
n 0.7 0.76 0.32 3896 742 
n 0.29 0.58 0.82 1829 812 
n 0.47 0.74 0.17 1286 550 
n 0.75 0.88 0.73 3017 108 
n 0.9 0.64 0.49 2132 1432 
n 0.89 0.27 0.34 2000 1110 
n 0.44 0.41 0.75 3317 1966 
n 0.82 0.34 0.38 1729 1498 
n 0.31 0.2 0.52 2408 1747 
n 0.35 0.4 0.28 3292 152 
n 0.66 0.19 0.76 193 1210 
n 0.56 0.77 0.63 782 1462 
n 0.86 0.12 0.58 2503 352 
n 0.86 0.27 0.22 1697 1924 
n 0.8 0.25 0.3 3821 147 
n 0.14 0.26 0.57 3370 791 
n 0.48 0.69 0.19 3162 367 
n 0.62 0.17 0.26 3938 516 
n 0.39 0.56 0.52 2741 1583 
n 0.85 0.42 0.16 2330 741 
n 0.77 0.53 0.62 3918 1088 
n 0.58 0.79 0.56 1794 1589 
n 0.18 0.56 0.62 2929 485 
n 0.22 0.85 0.25 3453 1998 
n 0.63 0.11 0.29 896 705 
n 0.31 0.45 0.34 399 850 
n 0.18 0.46 0.83 2614 195 
n 0.31 0.23 0.42 2800 653 
n 0.65 0.83 0.4 2630 20 
n 0.24 0.71 0.14 563 1513 
n 0.82 0.68 0.4 1090 1652 
n 0.53 0.44 0.75 2009 1163 
n 0.11 0.54 0.5 3876 1165 
n 0.36 0.88 0.55 3084 774 
n 0.85 0.66 0.32 1526 1612 
n 0.78 0.15 0.28 1612 328 
n 0.43 0.74 0.33 1423 1322 
n 0.86 0.43 0.71 3058 1276 
n 0.25 0.82 0.29 3782 1865 
n 0.79 0.29 0.12 347 252 
n 0.84 0.29 0.87 3904 1444 
n 0.33 0.27 0.83 2191 1579 
n 0.84 0.11 0.42 3220 1454 
n 0.66 0.66 0.86 468 319 
n 0.64 0.71 0.31 3611 1968 
n 0.69 0.28 0.65 3114 1629 
n 0.27 0.78 0.7 3515 1892 
n 0.7 0.35 0.7 3060 155 
n 0.6 0.11 0.41 2995 264 
n 0.12 0.1 0.29 202 233 
n 0.77 0.8 0.65 981 848 
n 0.66 0.54 0.34 1346 408 
n 0.71 0.52 0.72 781 670 
n 0.15 0.54 0.27 1009 1001 
n 0.13 0.43 0.11 2927 1777 
n 0.16 0.5 0.76 2982 949 
n 0.1 0.89 0.23 555 1121 
n 0.17 0.3 0.11 464 1302 
n 0.79 0.47 0.27 3452 637 
n 0.5 0.59 0.72 571 1982 
n 0.17 0.48 0.87 2656 128 
n 0.43 0.18 0.63 1623 1723 
n 0.48 0.89 0.41 2067 694 
n 0.42 0.82 0.89 1725 927 
n 0.73 0.81 0.26 3600 459 
n 0.74 0.67 0.75 1109 1196 
n 0.59 0.56 0.78 366 339 
n 0.13 0.45 0.88 778 1282 
n 0.82 0.6 0.87 386 1616 
n 0.15 0.41 0.69 3918 1217 
n 0.76 0.68 0.33 3332 1049 
n 0.63 0.72 0.54 2597 349 
n 0.14 0.61 0.9 811 1295 
n 0.11 0.25 0.58 241 1069 
n 0.1 0.6 0.28 2658 360 
n 0.55 0.37 0.52 394 1944 
n 0.42 0.67 0.16 3786 1862 
n 0.21 0.41 0.86 264 36 
n 0.75 0.27 0.73 2050 1833 
n 0.56 0.81 0.24 3538 125 
n 0.57 0.41 0.53 1646 1817 
n 0.49 0.34 0.69 2993 624 
n 0.55 0.53 0.35 547 25 
n 0.5 0.11 0.81 3373 1902 
n 0.54 0.62 0.5 460 267 
n 0.25 0.25 0.87 3060 781 
n 0.21 0.7 0.32 1828 456 
n 0.41 0.12 0.71 1021 962 
n 0.82 0.7 0.55 2347 388 
n 0.18 0.49 0.39 3535 1112 
n 0.57 0.87 0.1 1529 581 
n 0.73 0.51 0.9 1203 385 
n 0.6 0.22 0.83 1787 1902 
n 0.56 0.31 0.59 2740 1101 
n 0.55 0.84 0.7 555 1753 
n 0.46 0.16 0.12 47 363 
n 0.24 0.73 0.85 3935 540 
n 0.85 0.44 0.45 3062 329 
n 0.18 0.73 0.2 387 199 
n 0.76 0.47 0.7 2901 920 
n 0.8 0.83 0.35 931 512 
n 0.5 0.78 0.5 1766 692 
n 0.6 0.39 0.26 401 980 
n 0.38 0.66 0.44 149 1629 
n 0.55 0.38 0.81 2214 1977 
n 0.85 0.77 0.74 3805 1619 
n 0.18 0.82 0.88 1179 969 
n 0.87 0.87 0.51 1017 333 
n 0.48 0.54 0.29 2834 1512 
n 0.47 0.87 0.19 634 294 
n 0.71 0.23 0.15 1819 814 
n 0.61 0.62 0.68 1393 859 
n 0.79 0.35 0.82 1768 1578 
n 0.72 0.71 0.42 3023 871 
n 0.46 0.33 0.61 3248 1906 
n 0.21 0.64 0.66 1632 1742 
n 0.52 0.77 0.31 2223 990 
n 0.48 0.43 0.51 3868 697 
n 0.72 0.32 0.84 1541 354 
n 0.85 0.88 0.38 2374 1944 
n 0.29 0.27 0.73 1962 389 
n 0.61 0.41 0.62 3007 1524 
n 0.59 0.77 0.41 3220 1945 
n 0.54 0.24 0.71 2356 1568 
n 0.19 0.84 0.27 1604 706 
n 0.18 0.77 0.19 2028 1736 
n 0.52 0.4 0.46 2581 121 
n 0.3 0.56 0.14 2221 1578 
n 0.58 0.11 0.51 2944 632 
n 0.8 0.19 0.39 1082 1561 
n 0.57 0.7 0.62 997 942 
n 0.45 0.45 0.44 2334 523 
n 0.66 0.68 0.7 1264 1090 
n 0.37 0.53 0.49 1699 1294 
n 0.48 0.34 0.49 235 1059 
n 0.86 0.38 0.11 2592 248 
n 0.8 0.41 0.86 3642 699 
n 0.76 0.49 0.21 3599 514 
n 0.24 0.6 0.16 1766 678 
n 0.33 0.16 0.23 240 619 
n 0.68 0.72 0.89 1272 246 
n 0.5 0.34 0.73 3503 301 
n 0.32 0.12 0.72 80 1533 
n 0.83 0.3 0.9 1677 1238 
n 0.14 0.16 0.76 3766 154 
n 0.86 0.46 0.28 3946 459 
n 0.21 0.88 0.71 1994 1852 
n 0.72 0.62 0.65 278 165 
