t 100 20 3
n 0.44 0.44 0.5 3140 1401 
n 0.88 0.68 0.84 556 1056 
n 0.15 0.45 0.66 3675 1522 
n 0.13 0.49 0.28 1182 1853 
n 0.65 0.9 0.51 3595 111 
n 0.55 0.51 0.32 962 1895 
n 0.51 0.89 0.26 2030 1186 
n 0.65 0.81 0.85 3507 1851 
n 0.59 0.28 0.45 2642 1269 
n 0.66 0.3 0.34 3438 901 
n 0.6 0.85 0.45 3858 1472 
n 0.3 0.14 0.63 2937 1568 
n 0.36 0.13 0.64 376 1018 
n 0.41 0.78 0.58 839 1355 
n 0.61 0.76 0.44 706 1925 
n 0.21 0.66 0.34 749 920 
n 0.49 0.77 0.65 298 615 
n 0.15 0.8 0.6 694 552 
n 0.1 0.28 0.11 387 190 
n 0.52 0.46 0.56 2801 695 
n 0.44 0.62 0.43 3133 1143 
n 0.22 0.84 0.82 1517 266 
n 0.25 0.48 0.79 1538 224 
n 0.46 0.77 0.83 844 520 
n 0.75 0.16 0.67 2639 1239 
n 0.58 0.88 0.41 3123 217 
n 0.57 0.17 0.74 2489 1520 
n 0.17 0.6 0.31 3834 1827 
n 0.51 0.14 0.27 3417 1808 
n 0.52 0.37 0.73 2938 543 
n 0.17 0.57 0.8 71 1323 
n 0.82 0.84 0.15 3245 1828 
n 0.39 0.18 0.54 731 1741 
n 0.36 0.46 0.6 2312 1270 
n 0.2 0.62 0.25 2426 1851 
n 0.38 0.68 0.17 380 478 
n 0.24 0.34 0.84 2310 635 
n 0.39 0.39 0.89 2830 775 
n 0.44 0.31 0.12 3829 513 
n 0.78 0.76 0.26 3684 445 
n 0.74 0.65 0.25 171 514 
n 0.18 0.66 0.74 627 1261 
n 0.51 0.7 0.53 1490 1123 
n 0.39 0.27 0.55 61 81 
n 0.59 0.61 0.25 422 542 
n 0.7 0.41 0.71 2698 1221 
n 0.78 0.6 0.12 2372 127 
n 0.87 0.26 0.69 177 1390 
n 0.38 0.48 0.75 3084 748 
n 0.28 0.36 0.48 1213 910 
n 0.41 0.35 0.81 3 1817 
n 0.49 0.22 0.78 1782 995 
n 0.74 0.62 0.18 3896 742 
n 0.87 0.55 0.73 1829 812 
n 0.54 0.42 0.66 1286 550 
n 0.75 0.72 0.32 3017 108 
n 0.47 0.35 0.54 2132 1432 
n 0.9 0.17 0.55 2000 1110 
n 0.1 0.3 0.6 3317 1966 
n 0.56 0.39 0.36 1729 1498 
n 0.5 0.74 0.8 2408 1747 
n 0.15 0.73 0.83 3292 152 
n 0.53 0.54 0.2 193 1210 
n 0.78 0.84 0.58 782 1462 
n 0.41 0.56 0.5 2503 352 
n 0.41 0.88 0.56 1697 1924 
n 0.21 0.5 0.48 3821 147 
n 0.39 0.69 0.67 3370 791 
n 0.2 0.84 0.63 3162 367 
n 0.86 0.69 0.8 3938 516 
n 0.64 0.8 0.77 2741 1583 
n 0.21 0.87 0.72 2330 741 
n 0.12 0.64 0.82 3918 1088 
n 0.18 0.58 0.57 1794 1589 
n 0.11 0.33 0.59 2929 485 
n 0.23 0.8 0.21 3453 1998 
n 0.69 0.82 0.31 896 705 
n 0.79 0.75 0.5 399 850 
n 0.4 0.19 0.88 2614 195 
n 0.26 0.41 0.53 2800 653 
n 0.15 0.53 0.27 2630 20 
n 0.48 0.63 0.38 563 1513 
n 0.63 0.19 0.68 1090 1652 
n 0.57 0.41 0.36 2009 1163 
n 0.8 0.49 0.52 3876 1165 
n 0.4 0.62 0.73 3084 774 
n 0.81 0.61 0.33 1526 1612 
n 0.26 0.19 0.8 1612 328 
n 0.61 0.29 0.68 1423 1322 
n 0.85 0.34 0.59 3058 1276 
n 0.83 0.14 0.46 3782 1865 
n 0.82 0.59 0.46 347 252 
n 0.35 0.41 0.74 3904 1444 
n 0.56 0.42 0.32 2191 1579 
n 0.48 0.85 0.8 3220 1454 
n 0.89 0.61 0.89 468 319 
n 0.62 0.54 0.78 3611 1968 
n 0.32 0.82 0.3 3114 1629 
n 0.83 0.87 0.34 3515 1892 
n 0.76 0.48 0.6 3060 155 
