t 100 20 4
n 0.23 0.31 0.17 0.73 3140 1401 
n 0.34 0.83 0.18 0.19 556 1056 
n 0.3 0.41 0.47 0.26 3675 1522 
n 0.72 0.86 0.3 0.49 1182 1853 
n 0.3 0.37 0.55 0.67 3595 111 
n 0.36 0.83 0.11 0.19 962 1895 
n 0.31 0.67 0.72 0.14 2030 1186 
n 0.27 0.17 0.2 0.17 3507 1851 
n 0.38 0.37 0.42 0.27 2642 1269 
n 0.67 0.57 0.53 0.85 3438 901 
n 0.89 0.72 0.74 0.85 3858 1472 
n 0.32 0.84 0.51 0.9 2937 1568 
n 0.3 0.73 0.76 0.17 376 1018 
n 0.87 0.36 0.59 0.89 839 1355 
n 0.7 0.76 0.32 0.29 706 1925 
n 0.58 0.82 0.47 0.74 749 920 
n 0.17 0.75 0.88 0.73 298 615 
n 0.9 0.64 0.49 0.89 694 552 
n 0.27 0.34 0.44 0.41 387 190 
n 0.75 0.82 0.34 0.38 2801 695 
n 0.31 0.2 0.52 0.35 3133 1143 
n 0.4 0.28 0.66 0.19 1517 266 
n 0.76 0.56 0.77 0.63 1538 224 
n 0.86 0.12 0.58 0.86 844 520 
n 0.27 0.22 0.8 0.25 2639 1239 
n 0.3 0.14 0.26 0.57 3123 217 
n 0.48 0.69 0.19 0.62 2489 1520 
n 0.17 0.26 0.39 0.56 3834 1827 
n 0.52 0.85 0.42 0.16 3417 1808 
n 0.77 0.53 0.62 0.58 2938 543 
n 0.79 0.56 0.18 0.56 71 1323 
n 0.62 0.22 0.85 0.25 3245 1828 
n 0.63 0.11 0.29 0.31 731 1741 
n 0.45 0.34 0.18 0.46 2312 1270 
n 0.83 0.31 0.23 0.42 2426 1851 
n 0.65 0.83 0.4 0.24 380 478 
n 0.71 0.14 0.82 0.68 2310 635 
n 0.4 0.53 0.44 0.75 2830 775 
n 0.11 0.54 0.5 0.36 3829 513 
n 0.88 0.55 0.85 0.66 3684 445 
n 0.32 0.78 0.15 0.28 171 514 
n 0.43 0.74 0.33 0.86 627 1261 
n 0.43 0.71 0.25 0.82 1490 1123 
n 0.29 0.79 0.29 0.12 61 81 
n 0.84 0.29 0.87 0.33 422 542 
n 0.27 0.83 0.84 0.11 2698 1221 
n 0.42 0.66 0.66 0.86 2372 127 
n 0.64 0.71 0.31 0.69 177 1390 
n 0.28 0.65 0.27 0.78 3084 748 
n 0.7 0.7 0.35 0.7 1213 910 
n 0.6 0.11 0.41 0.12 3 1817 
n 0.1 0.29 0.77 0.8 1782 995 
n 0.65 0.66 0.54 0.34 3896 742 
n 0.71 0.52 0.72 0.15 1829 812 
n 0.54 0.27 0.13 0.43 1286 550 
n 0.11 0.16 0.5 0.76 3017 108 
n 0.1 0.89 0.23 0.17 2132 1432 
n 0.3 0.11 0.79 0.47 2000 1110 
n 0.27 0.5 0.59 0.72 3317 1966 
n 0.17 0.48 0.87 0.43 1729 1498 
n 0.18 0.63 0.48 0.89 2408 1747 
n 0.41 0.42 0.82 0.89 3292 152 
n 0.73 0.81 0.26 0.74 193 1210 
n 0.67 0.75 0.59 0.56 782 1462 
n 0.78 0.13 0.45 0.88 2503 352 
n 0.82 0.6 0.87 0.15 1697 1924 
n 0.41 0.69 0.76 0.68 3821 147 
n 0.33 0.63 0.72 0.54 3370 791 
n 0.14 0.61 0.9 0.11 3162 367 
n 0.25 0.58 0.1 0.6 3938 516 
n 0.28 0.55 0.37 0.52 2741 1583 
n 0.42 0.67 0.16 0.21 2330 741 
n 0.41 0.86 0.75 0.27 3918 1088 
n 0.73 0.56 0.81 0.24 1794 1589 
n 0.57 0.41 0.53 0.49 2929 485 
n 0.34 0.69 0.55 0.53 3453 1998 
n 0.35 0.5 0.11 0.81 896 705 
n 0.54 0.62 0.5 0.25 399 850 
n 0.25 0.87 0.21 0.7 2614 195 
n 0.32 0.41 0.12 0.71 2800 653 
n 0.82 0.7 0.55 0.18 2630 20 
n 0.49 0.39 0.57 0.87 563 1513 
n 0.1 0.73 0.51 0.9 1090 1652 
n 0.6 0.22 0.83 0.56 2009 1163 
n 0.31 0.59 0.55 0.84 3876 1165 
n 0.7 0.46 0.16 0.12 3084 774 
n 0.24 0.73 0.85 0.85 1526 1612 
n 0.44 0.45 0.18 0.73 1612 328 
n 0.2 0.76 0.47 0.7 1423 1322 
n 0.8 0.83 0.35 0.5 3058 1276 
n 0.78 0.5 0.6 0.39 3782 1865 
n 0.26 0.38 0.66 0.44 347 252 
n 0.55 0.38 0.81 0.85 3904 1444 
n 0.77 0.74 0.18 0.82 2191 1579 
n 0.88 0.87 0.87 0.51 3220 1454 
n 0.48 0.54 0.29 0.47 468 319 
n 0.87 0.19 0.71 0.23 3611 1968 
n 0.15 0.61 0.62 0.68 3114 1629 
n 0.79 0.35 0.82 0.72 3515 1892 
n 0.71 0.42 0.46 0.33 3060 155 
