t 200 15 4
n 0.52 0.21 0.16 0.27 3140 1401 
n 0.69 0.2 0.7 0.85 556 1056 
n 0.58 0.18 0.15 0.27 3675 1522 
n 0.64 0.31 0.16 0.65 1182 1853 
n 0.23 0.82 0.42 0.13 3595 111 
n 0.83 0.13 0.37 0.36 962 1895 
n 0.47 0.5 0.3 0.39 2030 1186 
n 0.45 0.5 0.3 0.71 3507 1851 
n 0.13 0.83 0.41 0.65 2642 1269 
n 0.72 0.78 0.29 0.63 3438 901 
n 0.85 0.52 0.51 0.74 3858 1472 
n 0.24 0.49 0.4 0.73 2937 1568 
n 0.16 0.76 0.1 0.86 376 1018 
n 0.47 0.34 0.49 0.49 839 1355 
n 0.53 0.33 0.55 0.23 706 1925 
n 0.42 0.11 0.67 0.41 749 920 
n 0.35 0.58 0.12 0.22 298 615 
n 0.5 0.14 0.26 0.31 694 552 
n 0.25 0.68 0.2 0.64 387 190 
n 0.44 0.44 0.11 0.44 2801 695 
n 0.76 0.44 0.21 0.21 3133 1143 
n 0.19 0.66 0.7 0.42 1517 266 
n 0.67 0.22 0.78 0.5 1538 224 
n 0.87 0.22 0.57 0.62 844 520 
n 0.4 0.51 0.59 0.11 2639 1239 
n 0.8 0.87 0.49 0.69 3123 217 
n 0.76 0.28 0.28 0.61 2489 1520 
n 0.39 0.64 0.56 0.89 3834 1827 
n 0.4 0.62 0.13 0.29 3417 1808 
n 0.52 0.59 0.65 0.26 2938 543 
n 0.52 0.63 0.42 0.87 71 1323 
n 0.36 0.64 0.39 0.11 3245 1828 
n 0.54 0.55 0.66 0.52 731 1741 
n 0.33 0.72 0.29 0.8 2312 1270 
n 0.64 0.42 0.45 0.46 2426 1851 
n 0.16 0.31 0.86 0.36 380 478 
n 0.52 0.4 0.15 0.87 2310 635 
n 0.58 0.31 0.13 0.52 2830 775 
n 0.72 0.25 0.78 0.85 3829 513 
n 0.84 0.72 0.58 0.14 3684 445 
n 0.59 0.41 0.46 0.66 171 514 
n 0.42 0.61 0.24 0.87 627 1261 
n 0.74 0.77 0.71 0.68 1490 1123 
n 0.86 0.74 0.25 0.6 61 81 
n 0.84 0.39 0.31 0.78 422 542 
n 0.16 0.16 0.24 0.58 2698 1221 
n 0.34 0.23 0.71 0.27 2372 127 
n 0.1 0.39 0.81 0.28 177 1390 
n 0.29 0.64 0.33 0.39 3084 748 
n 0.86 0.59 0.86 0.65 1213 910 
n 0.84 0.69 0.33 0.88 3 1817 
n 0.14 0.59 0.47 0.78 1782 995 
n 0.75 0.68 0.42 0.21 3896 742 
n 0.43 0.69 0.51 0.75 1829 812 
n 0.22 0.15 0.43 0.32 1286 550 
n 0.76 0.44 0.72 0.73 3017 108 
n 0.29 0.21 0.81 0.32 2132 1432 
n 0.47 0.83 0.14 0.68 2000 1110 
n 0.9 0.21 0.2 0.69 3317 1966 
n 0.2 0.85 0.78 0.62 1729 1498 
n 0.59 0.55 0.14 0.37 2408 1747 
n 0.55 0.56 0.58 0.65 3292 152 
n 0.4 0.43 0.73 0.62 193 1210 
n 0.13 0.8 0.58 0.76 782 1462 
n 0.58 0.58 0.73 0.57 2503 352 
n 0.73 0.25 0.74 0.17 1697 1924 
n 0.47 0.42 0.55 0.53 3821 147 
n 0.84 0.42 0.59 0.84 3370 791 
n 0.32 0.72 0.9 0.39 3162 367 
n 0.54 0.17 0.2 0.31 3938 516 
n 0.56 0.7 0.77 0.59 2741 1583 
n 0.21 0.78 0.76 0.21 2330 741 
n 0.19 0.77 0.71 0.39 3918 1088 
n 0.78 0.53 0.53 0.3 1794 1589 
n 0.13 0.37 0.17 0.4 2929 485 
n 0.62 0.71 0.33 0.74 3453 1998 
n 0.3 0.12 0.15 0.72 896 705 
n 0.44 0.56 0.76 0.7 399 850 
n 0.68 0.52 0.37 0.6 2614 195 
n 0.61 0.17 0.36 0.26 2800 653 
n 0.4 0.57 0.74 0.62 2630 20 
n 0.85 0.42 0.33 0.65 563 1513 
n 0.28 0.44 0.1 0.26 1090 1652 
n 0.59 0.28 0.26 0.26 2009 1163 
n 0.26 0.45 0.8 0.63 3876 1165 
n 0.84 0.75 0.44 0.3 3084 774 
n 0.89 0.43 0.36 0.13 1526 1612 
n 0.88 0.8 0.31 0.76 1612 328 
n 0.66 0.38 0.71 0.35 1423 1322 
n 0.2 0.41 0.26 0.56 3058 1276 
n 0.83 0.72 0.69 0.55 3782 1865 
n 0.79 0.59 0.51 0.23 347 252 
n 0.45 0.81 0.86 0.42 3904 1444 
n 0.72 0.87 0.41 0.69 2191 1579 
n 0.51 0.23 0.41 0.17 3220 1454 
n 0.71 0.37 0.24 0.54 468 319 
n 0.58 0.36 0.12 0.27 3611 1968 
n 0.17 0.76 0.12 0.3 3114 1629 
n 0.68 0.11 0.5 0.72 3515 1892 
n 0.53 0.33 0.8 0.83 3060 155 
n 0.46 0.66 0.32 0.75 2995 264 
n 0.45 0.67 0.81 0.13 202 233 
n 0.41 0.5 0.38 0.16 981 848 
n 0.65 0.58 0.24 0.38 1346 408 
n 0.79 0.16 0.4 0.83 781 670 
n 0.84 0.43 0.72 0.18 1009 1001 
n 0.26 0.54 0.75 0.24 2927 1777 
n 0.37 0.14 0.27 0.7 2982 949 
n 0.19 0.79 0.82 0.18 555 1121 
n 0.89 0.34 0.8 0.84 464 1302 
n 0.31 0.69 0.85 0.6 3452 637 
n 0.63 0.84 0.87 0.23 571 1982 
n 0.44 0.56 0.74 0.44 2656 128 
n 0.17 0.54 0.13 0.32 1623 1723 
n 0.11 0.3 0.15 0.65 2067 694 
n 0.32 0.48 0.55 0.8 1725 927 
n 0.79 0.78 0.6 0.77 3600 459 
n 0.62 0.39 0.54 0.22 1109 1196 
n 0.1 0.37 0.72 0.87 366 339 
n 0.61 0.55 0.33 0.46 778 1282 
n 0.28 0.76 0.35 0.76 386 1616 
n 0.4 0.62 0.38 0.83 3918 1217 
n 0.61 0.21 0.38 0.58 3332 1049 
n 0.76 0.62 0.71 0.88 2597 349 
n 0.39 0.78 0.33 0.71 811 1295 
n 0.55 0.51 0.48 0.52 241 1069 
n 0.25 0.88 0.62 0.75 2658 360 
n 0.71 0.84 0.19 0.4 394 1944 
n 0.85 0.34 0.4 0.24 3786 1862 
n 0.89 0.22 0.88 0.43 264 36 
n 0.27 0.23 0.38 0.32 2050 1833 
n 0.87 0.82 0.35 0.62 3538 125 
n 0.18 0.52 0.67 0.43 1646 1817 
n 0.11 0.24 0.65 0.15 2993 624 
n 0.21 0.16 0.56 0.33 547 25 
n 0.8 0.83 0.42 0.72 3373 1902 
n 0.8 0.16 0.74 0.32 460 267 
n 0.47 0.29 0.53 0.52 3060 781 
n 0.83 0.3 0.77 0.66 1828 456 
n 0.36 0.14 0.79 0.6 1021 962 
n 0.49 0.44 0.26 0.5 2347 388 
n 0.59 0.86 0.34 0.45 3535 1112 
n 0.79 0.65 0.77 0.31 1529 581 
n 0.59 0.37 0.71 0.25 1203 385 
n 0.21 0.17 0.52 0.25 1787 1902 
n 0.15 0.19 0.1 0.57 2740 1101 
n 0.87 0.54 0.56 0.62 555 1753 
n 0.18 0.23 0.83 0.17 47 363 
n 0.73 0.41 0.88 0.34 3935 540 
n 0.22 0.84 0.22 0.23 3062 329 
n 0.15 0.64 0.24 0.74 387 199 
n 0.79 0.31 0.13 0.53 2901 920 
n 0.48 0.81 0.23 0.3 931 512 
n 0.23 0.74 0.52 0.81 1766 692 
n 0.62 0.33 0.2 0.47 401 980 
n 0.69 0.6 0.22 0.45 149 1629 
n 0.4 0.26 0.23 0.5 2214 1977 
n 0.2 0.85 0.67 0.72 3805 1619 
n 0.84 0.81 0.44 0.86 1179 969 
n 0.53 0.15 0.18 0.62 1017 333 
n 0.61 0.32 0.25 0.55 2834 1512 
n 0.57 0.32 0.84 0.79 634 294 
n 0.24 0.82 0.23 0.1 1819 814 
n 0.19 0.9 0.55 0.51 1393 859 
n 0.24 0.56 0.77 0.65 1768 1578 
n 0.2 0.67 0.56 0.53 3023 871 
n 0.76 0.49 0.44 0.67 3248 1906 
n 0.79 0.3 0.19 0.72 1632 1742 
n 0.31 0.58 0.73 0.19 2223 990 
n 0.86 0.4 0.14 0.86 3868 697 
n 0.26 0.13 0.25 0.69 1541 354 
n 0.49 0.49 0.67 0.24 2374 1944 
n 0.34 0.63 0.77 0.57 1962 389 
n 0.4 0.72 0.42 0.89 3007 1524 
n 0.85 0.4 0.11 0.58 3220 1945 
n 0.8 0.77 0.18 0.19 2356 1568 
n 0.39 0.68 0.26 0.13 1604 706 
n 0.48 0.59 0.42 0.4 2028 1736 
n 0.7 0.79 0.52 0.32 2581 121 
n 0.74 0.65 0.26 0.64 2221 1578 
n 0.22 0.41 0.3 0.13 2944 632 
n 0.27 0.65 0.64 0.61 1082 1561 
n 0.42 0.33 0.17 0.38 997 942 
n 0.27 0.57 0.36 0.51 2334 523 
n 0.43 0.26 0.24 0.76 1264 1090 
n 0.78 0.63 0.11 0.28 1699 1294 
n 0.15 0.29 0.48 0.46 235 1059 
n 0.78 0.79 0.72 0.11 2592 248 
n 0.23 0.43 0.88 0.38 3642 699 
n 0.39 0.89 0.32 0.4 3599 514 
n 0.19 0.28 0.86 0.18 1766 678 
n 0.2 0.8 0.64 0.81 240 619 
n 0.73 0.27 0.21 0.84 1272 246 
n 0.45 0.64 0.88 0.61 3503 301 
n 0.73 0.55 0.23 0.23 80 1533 
n 0.41 0.19 0.86 0.26 1677 1238 
n 0.43 0.18 0.6 0.16 3766 154 
n 0.61 0.14 0.77 0.57 3946 459 
n 0.63 0.37 0.17 0.46 1994 1852 
n 0.19 0.23 0.83 0.67 278 165 
