t 150 20 5
n 0.31 0.76 0.66 0.38 0.71 1357 1905 
n 0.35 0.2 0.41 0.26 0.56 2650 802 
n 0.83 0.72 0.69 0.55 0.79 1774 107 
n 0.59 0.51 0.23 0.45 0.81 1307 964 
n 0.86 0.42 0.72 0.87 0.41 3806 746 
n 0.69 0.51 0.23 0.41 0.17 2687 1353 
n 0.71 0.37 0.24 0.54 0.58 43 1957 
n 0.36 0.12 0.27 0.17 0.76 3092 1668 
n 0.12 0.3 0.68 0.11 0.5 185 1542 
n 0.72 0.53 0.33 0.8 0.83 834 629 
n 0.46 0.66 0.32 0.75 0.45 40 462 
n 0.67 0.81 0.13 0.41 0.5 1183 1391 
n 0.38 0.16 0.65 0.58 0.24 2048 1628 
n 0.38 0.79 0.16 0.4 0.83 1097 643 
n 0.84 0.43 0.72 0.18 0.26 1838 1732 
n 0.54 0.75 0.24 0.37 0.14 234 1118 
n 0.27 0.7 0.19 0.79 0.82 3314 1881 
n 0.18 0.89 0.34 0.8 0.84 737 1285 
n 0.31 0.69 0.85 0.6 0.63 779 777 
n 0.84 0.87 0.23 0.44 0.56 2312 1949 
n 0.74 0.44 0.17 0.54 0.13 2576 189 
n 0.32 0.11 0.3 0.15 0.65 3078 1541 
n 0.32 0.48 0.55 0.8 0.79 2781 478 
n 0.78 0.6 0.77 0.62 0.39 705 1812 
n 0.54 0.22 0.1 0.37 0.72 3409 1917 
n 0.87 0.61 0.55 0.33 0.46 323 1714 
n 0.28 0.76 0.35 0.76 0.4 1660 1556 
n 0.62 0.38 0.83 0.61 0.21 3729 1188 
n 0.38 0.58 0.76 0.62 0.71 693 1383 
n 0.88 0.39 0.78 0.33 0.71 2361 640 
n 0.55 0.51 0.48 0.52 0.25 2433 1538 
n 0.88 0.62 0.75 0.71 0.84 554 1825 
n 0.19 0.4 0.85 0.34 0.4 913 317 
n 0.24 0.89 0.22 0.88 0.43 3586 1909 
n 0.27 0.23 0.38 0.32 0.87 2636 727 
n 0.82 0.35 0.62 0.18 0.52 1000 457 
n 0.67 0.43 0.11 0.24 0.65 482 1337 
n 0.15 0.21 0.16 0.56 0.33 3704 1082 
n 0.8 0.83 0.42 0.72 0.8 3635 1174 
n 0.16 0.74 0.32 0.47 0.29 1362 1526 
n 0.53 0.52 0.83 0.3 0.77 2049 417 
n 0.66 0.36 0.14 0.79 0.6 2552 1909 
n 0.49 0.44 0.26 0.5 0.59 3939 640 
n 0.86 0.34 0.45 0.79 0.65 219 898 
n 0.77 0.31 0.59 0.37 0.71 812 351 
n 0.25 0.21 0.17 0.52 0.25 901 1552 
n 0.15 0.19 0.1 0.57 0.87 2513 1572 
n 0.54 0.56 0.62 0.18 0.23 242 584 
n 0.83 0.17 0.73 0.41 0.88 826 1226 
n 0.34 0.22 0.84 0.22 0.23 3278 799 
n 0.15 0.64 0.24 0.74 0.79 86 1065 
n 0.31 0.13 0.53 0.48 0.81 14 454 
n 0.23 0.3 0.23 0.74 0.52 1327 1893 
n 0.81 0.62 0.33 0.2 0.47 2773 1286 
n 0.69 0.6 0.22 0.45 0.4 2469 1838 
n 0.26 0.23 0.5 0.2 0.85 3835 963 
n 0.67 0.72 0.84 0.81 0.44 1031 428 
n 0.86 0.53 0.15 0.18 0.62 3853 1712 
n 0.61 0.32 0.25 0.55 0.57 1868 197 
n 0.32 0.84 0.79 0.24 0.82 1544 863 
n 0.23 0.1 0.19 0.9 0.55 457 1607 
n 0.51 0.24 0.56 0.77 0.65 3174 1064 
n 0.2 0.67 0.56 0.53 0.76 192 1004 
n 0.49 0.44 0.67 0.79 0.3 2318 1925 
n 0.19 0.72 0.31 0.58 0.73 2232 1374 
n 0.19 0.86 0.4 0.14 0.86 396 828 
n 0.26 0.13 0.25 0.69 0.49 2365 1649 
n 0.49 0.67 0.24 0.34 0.63 2499 658 
n 0.77 0.57 0.4 0.72 0.42 1410 307 
n 0.89 0.85 0.4 0.11 0.58 2990 214 
n 0.8 0.77 0.18 0.19 0.39 3646 1018 
n 0.68 0.26 0.13 0.48 0.59 3394 1028 
n 0.42 0.4 0.7 0.79 0.52 1779 90 
n 0.32 0.74 0.65 0.26 0.64 1058 372 
n 0.22 0.41 0.3 0.13 0.27 2933 1459 
n 0.65 0.64 0.61 0.42 0.33 3099 173 
n 0.17 0.38 0.27 0.57 0.36 2178 978 
n 0.51 0.43 0.26 0.24 0.76 138 1610 
n 0.78 0.63 0.11 0.28 0.15 2082 1753 
n 0.29 0.48 0.46 0.78 0.79 2302 1127 
n 0.72 0.11 0.23 0.43 0.88 805 272 
n 0.38 0.39 0.89 0.32 0.4 22 1617 
n 0.19 0.28 0.86 0.18 0.2 3213 1085 
n 0.8 0.64 0.81 0.73 0.27 99 536 
n 0.21 0.84 0.45 0.64 0.88 1533 1780 
n 0.61 0.73 0.55 0.23 0.23 3564 676 
n 0.41 0.19 0.86 0.26 0.43 29 6 
n 0.18 0.6 0.16 0.61 0.14 3808 1375 
n 0.77 0.57 0.63 0.37 0.17 2221 291 
n 0.46 0.19 0.23 0.83 0.67 3499 1885 
n 0.85 0.71 0.46 0.39 0.67 3124 408 
n 0.79 0.67 0.18 0.42 0.66 781 671 
n 0.57 0.76 0.14 0.36 0.32 1027 1041 
n 0.85 0.75 0.35 0.33 0.89 3249 378 
n 0.46 0.62 0.81 0.89 0.72 3297 491 
n 0.11 0.89 0.22 0.34 0.73 213 220 
n 0.19 0.79 0.11 0.76 0.6 721 186 
n 0.52 0.56 0.51 0.8 0.13 3736 1542 
n 0.56 0.19 0.62 0.81 0.74 868 731 
n 0.35 0.29 0.62 0.75 0.71 960 303 
n 0.88 0.86 0.69 0.75 0.4 3825 1101 
n 0.65 0.58 0.79 0.62 0.71 2779 435 
n 0.45 0.87 0.21 0.42 0.28 201 693 
n 0.45 0.54 0.26 0.37 0.52 2502 1274 
n 0.2 0.71 0.72 0.5 0.32 765 833 
n 0.76 0.7 0.55 0.77 0.62 3105 1823 
n 0.34 0.63 0.5 0.11 0.31 1937 1400 
n 0.44 0.14 0.41 0.41 0.35 3364 1498 
n 0.84 0.28 0.61 0.34 0.55 3702 1624 
n 0.65 0.7 0.9 0.55 0.42 2164 1874 
n 0.22 0.6 0.64 0.68 0.41 3019 189 
n 0.66 0.27 0.22 0.74 0.34 3098 1594 
n 0.32 0.22 0.38 0.56 0.82 3239 1376 
n 0.41 0.72 0.87 0.1 0.21 3359 1693 
n 0.87 0.33 0.28 0.29 0.39 2081 1011 
n 0.25 0.53 0.16 0.83 0.16 1398 1100 
n 0.53 0.68 0.28 0.63 0.26 618 1953 
n 0.34 0.56 0.47 0.15 0.56 1878 59 
n 0.6 0.6 0.73 0.74 0.71 3803 886 
n 0.76 0.69 0.26 0.18 0.63 397 1217 
n 0.41 0.7 0.19 0.83 0.76 3035 152 
n 0.39 0.7 0.21 0.73 0.47 2502 146 
n 0.1 0.87 0.5 0.85 0.83 3230 380 
n 0.37 0.54 0.78 0.78 0.37 3479 1023 
n 0.69 0.85 0.11 0.44 0.6 958 1670 
n 0.74 0.56 0.2 0.51 0.42 3423 1241 
n 0.6 0.71 0.34 0.5 0.82 78 1066 
n 0.51 0.29 0.17 0.58 0.86 96 691 
n 0.83 0.87 0.51 0.19 0.3 3431 78 
n 0.42 0.14 0.18 0.84 0.76 2053 1461 
n 0.29 0.75 0.68 0.61 0.41 3048 1 
n 0.72 0.66 0.21 0.46 0.3 571 1711 
n 0.31 0.2 0.22 0.27 0.4 3393 782 
n 0.41 0.25 0.42 0.53 0.23 2835 1472 
n 0.81 0.66 0.44 0.79 0.82 144 1185 
n 0.11 0.42 0.23 0.7 0.51 923 108 
n 0.19 0.52 0.41 0.14 0.43 989 1997 
n 0.48 0.19 0.76 0.31 0.51 3061 1211 
n 0.6 0.47 0.47 0.11 0.11 2977 39 
n 0.14 0.23 0.73 0.61 0.18 1668 658 
n 0.72 0.17 0.32 0.16 0.34 878 715 
n 0.85 0.88 0.31 0.62 0.55 678 1599 
n 0.46 0.82 0.23 0.18 0.41 1086 868 
n 0.88 0.32 0.52 0.41 0.59 640 110 
n 0.61 0.7 0.65 0.37 0.11 3551 1673 
n 0.28 0.57 0.76 0.87 0.23 106 1267 
n 0.72 0.69 0.51 0.78 0.57 2243 1332 
n 0.83 0.16 0.81 0.54 0.51 3796 1401 
n 0.87 0.86 0.78 0.59 0.15 2643 1320 
n 0.4 0.26 0.38 0.74 0.68 48 267 
