t 100 5 3
n 0.44 0.44 0.5 1357 1905 
n 0.88 0.68 0.84 2650 802 
n 0.15 0.45 0.66 1774 107 
n 0.13 0.49 0.28 1307 964 
n 0.65 0.9 0.51 3806 746 
n 0.55 0.51 0.32 2687 1353 
n 0.51 0.89 0.26 43 1957 
n 0.65 0.81 0.85 3092 1668 
n 0.59 0.28 0.45 185 1542 
n 0.66 0.3 0.34 834 629 
n 0.6 0.85 0.45 40 462 
n 0.3 0.14 0.63 1183 1391 
n 0.36 0.13 0.64 2048 1628 
n 0.41 0.78 0.58 1097 643 
n 0.61 0.76 0.44 1838 1732 
n 0.21 0.66 0.34 234 1118 
n 0.49 0.77 0.65 3314 1881 
n 0.15 0.8 0.6 737 1285 
n 0.1 0.28 0.11 779 777 
n 0.52 0.46 0.56 2312 1949 
n 0.44 0.62 0.43 2576 189 
n 0.22 0.84 0.82 3078 1541 
n 0.25 0.48 0.79 2781 478 
n 0.46 0.77 0.83 705 1812 
n 0.75 0.16 0.67 3409 1917 
n 0.58 0.88 0.41 323 1714 
n 0.57 0.17 0.74 1660 1556 
n 0.17 0.6 0.31 3729 1188 
n 0.51 0.14 0.27 693 1383 
n 0.52 0.37 0.73 2361 640 
n 0.17 0.57 0.8 2433 1538 
n 0.82 0.84 0.15 554 1825 
n 0.39 0.18 0.54 913 317 
n 0.36 0.46 0.6 3586 1909 
n 0.2 0.62 0.25 2636 727 
n 0.38 0.68 0.17 1000 457 
n 0.24 0.34 0.84 482 1337 
n 0.39 0.39 0.89 3704 1082 
n 0.44 0.31 0.12 3635 1174 
n 0.78 0.76 0.26 1362 1526 
n 0.74 0.65 0.25 2049 417 
n 0.18 0.66 0.74 2552 1909 
n 0.51 0.7 0.53 3939 640 
n 0.39 0.27 0.55 219 898 
n 0.59 0.61 0.25 812 351 
n 0.7 0.41 0.71 901 1552 
n 0.78 0.6 0.12 2513 1572 
n 0.87 0.26 0.69 242 584 
n 0.38 0.48 0.75 826 1226 
n 0.28 0.36 0.48 3278 799 
n 0.41 0.35 0.81 86 1065 
n 0.49 0.22 0.78 14 454 
n 0.74 0.62 0.18 1327 1893 
n 0.87 0.55 0.73 2773 1286 
n 0.54 0.42 0.66 2469 1838 
n 0.75 0.72 0.32 3835 963 
n 0.47 0.35 0.54 1031 428 
n 0.9 0.17 0.55 3853 1712 
n 0.1 0.3 0.6 1868 197 
n 0.56 0.39 0.36 1544 863 
n 0.5 0.74 0.8 457 1607 
n 0.15 0.73 0.83 3174 1064 
n 0.53 0.54 0.2 192 1004 
n 0.78 0.84 0.58 2318 1925 
n 0.41 0.56 0.5 2232 1374 
n 0.41 0.88 0.56 396 828 
n 0.21 0.5 0.48 2365 1649 
n 0.39 0.69 0.67 2499 658 
n 0.2 0.84 0.63 1410 307 
n 0.86 0.69 0.8 2990 214 
n 0.64 0.8 0.77 3646 1018 
n 0.21 0.87 0.72 3394 1028 
n 0.12 0.64 0.82 1779 90 
n 0.18 0.58 0.57 1058 372 
n 0.11 0.33 0.59 2933 1459 
n 0.23 0.8 0.21 3099 173 
n 0.69 0.82 0.31 2178 978 
n 0.79 0.75 0.5 138 1610 
n 0.4 0.19 0.88 2082 1753 
n 0.26 0.41 0.53 2302 1127 
n 0.15 0.53 0.27 805 272 
n 0.48 0.63 0.38 22 1617 
n 0.63 0.19 0.68 3213 1085 
n 0.57 0.41 0.36 99 536 
n 0.8 0.49 0.52 1533 1780 
n 0.4 0.62 0.73 3564 676 
n 0.81 0.61 0.33 29 6 
n 0.26 0.19 0.8 3808 1375 
n 0.61 0.29 0.68 2221 291 
n 0.85 0.34 0.59 3499 1885 
n 0.83 0.14 0.46 3124 408 
n 0.82 0.59 0.46 781 671 
n 0.35 0.41 0.74 1027 1041 
n 0.56 0.42 0.32 3249 378 
n 0.48 0.85 0.8 3297 491 
n 0.89 0.61 0.89 213 220 
n 0.62 0.54 0.78 721 186 
n 0.32 0.82 0.3 3736 1542 
n 0.83 0.87 0.34 868 731 
n 0.76 0.48 0.6 960 303 
