t 100 15 4
n 0.23 0.31 0.17 0.73 1357 1905 
n 0.34 0.83 0.18 0.19 2650 802 
n 0.3 0.41 0.47 0.26 1774 107 
n 0.72 0.86 0.3 0.49 1307 964 
n 0.3 0.37 0.55 0.67 3806 746 
n 0.36 0.83 0.11 0.19 2687 1353 
n 0.31 0.67 0.72 0.14 43 1957 
n 0.27 0.17 0.2 0.17 3092 1668 
n 0.38 0.37 0.42 0.27 185 1542 
n 0.67 0.57 0.53 0.85 834 629 
n 0.89 0.72 0.74 0.85 40 462 
n 0.32 0.84 0.51 0.9 1183 1391 
n 0.3 0.73 0.76 0.17 2048 1628 
n 0.87 0.36 0.59 0.89 1097 643 
n 0.7 0.76 0.32 0.29 1838 1732 
n 0.58 0.82 0.47 0.74 234 1118 
n 0.17 0.75 0.88 0.73 3314 1881 
n 0.9 0.64 0.49 0.89 737 1285 
n 0.27 0.34 0.44 0.41 779 777 
n 0.75 0.82 0.34 0.38 2312 1949 
n 0.31 0.2 0.52 0.35 2576 189 
n 0.4 0.28 0.66 0.19 3078 1541 
n 0.76 0.56 0.77 0.63 2781 478 
n 0.86 0.12 0.58 0.86 705 1812 
n 0.27 0.22 0.8 0.25 3409 1917 
n 0.3 0.14 0.26 0.57 323 1714 
n 0.48 0.69 0.19 0.62 1660 1556 
n 0.17 0.26 0.39 0.56 3729 1188 
n 0.52 0.85 0.42 0.16 693 1383 
n 0.77 0.53 0.62 0.58 2361 640 
n 0.79 0.56 0.18 0.56 2433 1538 
n 0.62 0.22 0.85 0.25 554 1825 
n 0.63 0.11 0.29 0.31 913 317 
n 0.45 0.34 0.18 0.46 3586 1909 
n 0.83 0.31 0.23 0.42 2636 727 
n 0.65 0.83 0.4 0.24 1000 457 
n 0.71 0.14 0.82 0.68 482 1337 
n 0.4 0.53 0.44 0.75 3704 1082 
n 0.11 0.54 0.5 0.36 3635 1174 
n 0.88 0.55 0.85 0.66 1362 1526 
n 0.32 0.78 0.15 0.28 2049 417 
n 0.43 0.74 0.33 0.86 2552 1909 
n 0.43 0.71 0.25 0.82 3939 640 
n 0.29 0.79 0.29 0.12 219 898 
n 0.84 0.29 0.87 0.33 812 351 
n 0.27 0.83 0.84 0.11 901 1552 
n 0.42 0.66 0.66 0.86 2513 1572 
n 0.64 0.71 0.31 0.69 242 584 
n 0.28 0.65 0.27 0.78 826 1226 
n 0.7 0.7 0.35 0.7 3278 799 
n 0.6 0.11 0.41 0.12 86 1065 
n 0.1 0.29 0.77 0.8 14 454 
n 0.65 0.66 0.54 0.34 1327 1893 
n 0.71 0.52 0.72 0.15 2773 1286 
n 0.54 0.27 0.13 0.43 2469 1838 
n 0.11 0.16 0.5 0.76 3835 963 
n 0.1 0.89 0.23 0.17 1031 428 
n 0.3 0.11 0.79 0.47 3853 1712 
n 0.27 0.5 0.59 0.72 1868 197 
n 0.17 0.48 0.87 0.43 1544 863 
n 0.18 0.63 0.48 0.89 457 1607 
n 0.41 0.42 0.82 0.89 3174 1064 
n 0.73 0.81 0.26 0.74 192 1004 
n 0.67 0.75 0.59 0.56 2318 1925 
n 0.78 0.13 0.45 0.88 2232 1374 
n 0.82 0.6 0.87 0.15 396 828 
n 0.41 0.69 0.76 0.68 2365 1649 
n 0.33 0.63 0.72 0.54 2499 658 
n 0.14 0.61 0.9 0.11 1410 307 
n 0.25 0.58 0.1 0.6 2990 214 
n 0.28 0.55 0.37 0.52 3646 1018 
n 0.42 0.67 0.16 0.21 3394 1028 
n 0.41 0.86 0.75 0.27 1779 90 
n 0.73 0.56 0.81 0.24 1058 372 
n 0.57 0.41 0.53 0.49 2933 1459 
n 0.34 0.69 0.55 0.53 3099 173 
n 0.35 0.5 0.11 0.81 2178 978 
n 0.54 0.62 0.5 0.25 138 1610 
n 0.25 0.87 0.21 0.7 2082 1753 
n 0.32 0.41 0.12 0.71 2302 1127 
n 0.82 0.7 0.55 0.18 805 272 
n 0.49 0.39 0.57 0.87 22 1617 
n 0.1 0.73 0.51 0.9 3213 1085 
n 0.6 0.22 0.83 0.56 99 536 
n 0.31 0.59 0.55 0.84 1533 1780 
n 0.7 0.46 0.16 0.12 3564 676 
n 0.24 0.73 0.85 0.85 29 6 
n 0.44 0.45 0.18 0.73 3808 1375 
n 0.2 0.76 0.47 0.7 2221 291 
n 0.8 0.83 0.35 0.5 3499 1885 
n 0.78 0.5 0.6 0.39 3124 408 
n 0.26 0.38 0.66 0.44 781 671 
n 0.55 0.38 0.81 0.85 1027 1041 
n 0.77 0.74 0.18 0.82 3249 378 
n 0.88 0.87 0.87 0.51 3297 491 
n 0.48 0.54 0.29 0.47 213 220 
n 0.87 0.19 0.71 0.23 721 186 
n 0.15 0.61 0.62 0.68 3736 1542 
n 0.79 0.35 0.82 0.72 868 731 
n 0.71 0.42 0.46 0.33 960 303 
