t 100 20 5
n 0.61 0.21 0.64 0.66 0.52 1357 1905 
n 0.77 0.31 0.48 0.43 0.51 2650 802 
n 0.72 0.32 0.84 0.85 0.88 1774 107 
n 0.38 0.29 0.27 0.73 0.61 1307 964 
n 0.41 0.62 0.59 0.77 0.41 3806 746 
n 0.54 0.24 0.71 0.19 0.84 2687 1353 
n 0.27 0.18 0.77 0.19 0.52 43 1957 
n 0.4 0.46 0.3 0.56 0.14 3092 1668 
n 0.58 0.11 0.51 0.8 0.19 185 1542 
n 0.39 0.57 0.7 0.62 0.45 834 629 
n 0.45 0.44 0.66 0.68 0.7 40 462 
n 0.37 0.53 0.49 0.48 0.34 1183 1391 
n 0.49 0.86 0.38 0.11 0.8 2048 1628 
n 0.41 0.86 0.76 0.49 0.21 1097 643 
n 0.24 0.6 0.16 0.33 0.16 1838 1732 
n 0.23 0.68 0.72 0.89 0.5 234 1118 
n 0.34 0.73 0.32 0.12 0.72 3314 1881 
n 0.83 0.3 0.9 0.14 0.16 737 1285 
n 0.76 0.86 0.46 0.28 0.21 779 777 
n 0.88 0.71 0.72 0.62 0.65 2312 1949 
n 0.52 0.21 0.16 0.27 0.69 2576 189 
n 0.2 0.7 0.85 0.58 0.18 3078 1541 
n 0.15 0.27 0.64 0.31 0.16 2781 478 
n 0.65 0.23 0.82 0.42 0.13 705 1812 
n 0.83 0.13 0.37 0.36 0.47 3409 1917 
n 0.5 0.3 0.39 0.45 0.5 323 1714 
n 0.3 0.71 0.13 0.83 0.41 1660 1556 
n 0.65 0.72 0.78 0.29 0.63 3729 1188 
n 0.85 0.52 0.51 0.74 0.24 693 1383 
n 0.49 0.4 0.73 0.16 0.76 2361 640 
n 0.1 0.86 0.47 0.34 0.49 2433 1538 
n 0.49 0.53 0.33 0.55 0.23 554 1825 
n 0.42 0.11 0.67 0.41 0.35 913 317 
n 0.58 0.12 0.22 0.5 0.14 3586 1909 
n 0.26 0.31 0.25 0.68 0.2 2636 727 
n 0.64 0.44 0.44 0.11 0.44 1000 457 
n 0.76 0.44 0.21 0.21 0.19 482 1337 
n 0.66 0.7 0.42 0.67 0.22 3704 1082 
n 0.78 0.5 0.87 0.22 0.57 3635 1174 
n 0.62 0.4 0.51 0.59 0.11 1362 1526 
n 0.8 0.87 0.49 0.69 0.76 2049 417 
n 0.28 0.28 0.61 0.39 0.64 2552 1909 
n 0.56 0.89 0.4 0.62 0.13 3939 640 
n 0.29 0.52 0.59 0.65 0.26 219 898 
n 0.52 0.63 0.42 0.87 0.36 812 351 
n 0.64 0.39 0.11 0.54 0.55 901 1552 
n 0.66 0.52 0.33 0.72 0.29 2513 1572 
n 0.8 0.64 0.42 0.45 0.46 242 584 
n 0.16 0.31 0.86 0.36 0.52 826 1226 
n 0.4 0.15 0.87 0.58 0.31 3278 799 
n 0.13 0.52 0.72 0.25 0.78 86 1065 
n 0.85 0.84 0.72 0.58 0.14 14 454 
n 0.59 0.41 0.46 0.66 0.42 1327 1893 
n 0.61 0.24 0.87 0.74 0.77 2773 1286 
n 0.71 0.68 0.86 0.74 0.25 2469 1838 
n 0.6 0.84 0.39 0.31 0.78 3835 963 
n 0.16 0.16 0.24 0.58 0.34 1031 428 
n 0.23 0.71 0.27 0.1 0.39 3853 1712 
n 0.81 0.28 0.29 0.64 0.33 1868 197 
n 0.39 0.86 0.59 0.86 0.65 1544 863 
n 0.84 0.69 0.33 0.88 0.14 457 1607 
n 0.59 0.47 0.78 0.75 0.68 3174 1064 
n 0.42 0.21 0.43 0.69 0.51 192 1004 
n 0.75 0.22 0.15 0.43 0.32 2318 1925 
n 0.76 0.44 0.72 0.73 0.29 2232 1374 
n 0.21 0.81 0.32 0.47 0.83 396 828 
n 0.14 0.68 0.9 0.21 0.2 2365 1649 
n 0.69 0.2 0.85 0.78 0.62 2499 658 
n 0.59 0.55 0.14 0.37 0.55 1410 307 
n 0.56 0.58 0.65 0.4 0.43 2990 214 
n 0.73 0.62 0.13 0.8 0.58 3646 1018 
n 0.76 0.58 0.58 0.73 0.57 3394 1028 
n 0.73 0.25 0.74 0.17 0.47 1779 90 
n 0.42 0.55 0.53 0.84 0.42 1058 372 
n 0.59 0.84 0.32 0.72 0.9 2933 1459 
n 0.39 0.54 0.17 0.2 0.31 3099 173 
n 0.56 0.7 0.77 0.59 0.21 2178 978 
n 0.78 0.76 0.21 0.19 0.77 138 1610 
n 0.71 0.39 0.78 0.53 0.53 2082 1753 
n 0.3 0.13 0.37 0.17 0.4 2302 1127 
n 0.62 0.71 0.33 0.74 0.3 805 272 
n 0.12 0.15 0.72 0.44 0.56 22 1617 
n 0.76 0.7 0.68 0.52 0.37 3213 1085 
n 0.6 0.61 0.17 0.36 0.26 99 536 
n 0.4 0.57 0.74 0.62 0.85 1533 1780 
n 0.42 0.33 0.65 0.28 0.44 3564 676 
n 0.1 0.26 0.59 0.28 0.26 29 6 
n 0.26 0.26 0.45 0.8 0.63 3808 1375 
n 0.84 0.75 0.44 0.3 0.89 2221 291 
n 0.43 0.36 0.13 0.88 0.8 3499 1885 
n 0.31 0.76 0.66 0.38 0.71 3124 408 
n 0.35 0.2 0.41 0.26 0.56 781 671 
n 0.83 0.72 0.69 0.55 0.79 1027 1041 
n 0.59 0.51 0.23 0.45 0.81 3249 378 
n 0.86 0.42 0.72 0.87 0.41 3297 491 
n 0.69 0.51 0.23 0.41 0.17 213 220 
n 0.71 0.37 0.24 0.54 0.58 721 186 
n 0.36 0.12 0.27 0.17 0.76 3736 1542 
n 0.12 0.3 0.68 0.11 0.5 868 731 
n 0.72 0.53 0.33 0.8 0.83 960 303 
