t 100 10 5
n 0.61 0.21 0.64 0.66 0.52 2995 264 
n 0.77 0.31 0.48 0.43 0.51 202 233 
n 0.72 0.32 0.84 0.85 0.88 981 848 
n 0.38 0.29 0.27 0.73 0.61 1346 408 
n 0.41 0.62 0.59 0.77 0.41 781 670 
n 0.54 0.24 0.71 0.19 0.84 1009 1001 
n 0.27 0.18 0.77 0.19 0.52 2927 1777 
n 0.4 0.46 0.3 0.56 0.14 2982 949 
n 0.58 0.11 0.51 0.8 0.19 555 1121 
n 0.39 0.57 0.7 0.62 0.45 464 1302 
n 0.45 0.44 0.66 0.68 0.7 3452 637 
n 0.37 0.53 0.49 0.48 0.34 571 1982 
n 0.49 0.86 0.38 0.11 0.8 2656 128 
n 0.41 0.86 0.76 0.49 0.21 1623 1723 
n 0.24 0.6 0.16 0.33 0.16 2067 694 
n 0.23 0.68 0.72 0.89 0.5 1725 927 
n 0.34 0.73 0.32 0.12 0.72 3600 459 
n 0.83 0.3 0.9 0.14 0.16 1109 1196 
n 0.76 0.86 0.46 0.28 0.21 366 339 
n 0.88 0.71 0.72 0.62 0.65 778 1282 
n 0.52 0.21 0.16 0.27 0.69 386 1616 
n 0.2 0.7 0.85 0.58 0.18 3918 1217 
n 0.15 0.27 0.64 0.31 0.16 3332 1049 
n 0.65 0.23 0.82 0.42 0.13 2597 349 
n 0.83 0.13 0.37 0.36 0.47 811 1295 
n 0.5 0.3 0.39 0.45 0.5 241 1069 
n 0.3 0.71 0.13 0.83 0.41 2658 360 
n 0.65 0.72 0.78 0.29 0.63 394 1944 
n 0.85 0.52 0.51 0.74 0.24 3786 1862 
n 0.49 0.4 0.73 0.16 0.76 264 36 
n 0.1 0.86 0.47 0.34 0.49 2050 1833 
n 0.49 0.53 0.33 0.55 0.23 3538 125 
n 0.42 0.11 0.67 0.41 0.35 1646 1817 
n 0.58 0.12 0.22 0.5 0.14 2993 624 
n 0.26 0.31 0.25 0.68 0.2 547 25 
n 0.64 0.44 0.44 0.11 0.44 3373 1902 
n 0.76 0.44 0.21 0.21 0.19 460 267 
n 0.66 0.7 0.42 0.67 0.22 3060 781 
n 0.78 0.5 0.87 0.22 0.57 1828 456 
n 0.62 0.4 0.51 0.59 0.11 1021 962 
n 0.8 0.87 0.49 0.69 0.76 2347 388 
n 0.28 0.28 0.61 0.39 0.64 3535 1112 
n 0.56 0.89 0.4 0.62 0.13 1529 581 
n 0.29 0.52 0.59 0.65 0.26 1203 385 
n 0.52 0.63 0.42 0.87 0.36 1787 1902 
n 0.64 0.39 0.11 0.54 0.55 2740 1101 
n 0.66 0.52 0.33 0.72 0.29 555 1753 
n 0.8 0.64 0.42 0.45 0.46 47 363 
n 0.16 0.31 0.86 0.36 0.52 3935 540 
n 0.4 0.15 0.87 0.58 0.31 3062 329 
n 0.13 0.52 0.72 0.25 0.78 387 199 
n 0.85 0.84 0.72 0.58 0.14 2901 920 
n 0.59 0.41 0.46 0.66 0.42 931 512 
n 0.61 0.24 0.87 0.74 0.77 1766 692 
n 0.71 0.68 0.86 0.74 0.25 401 980 
n 0.6 0.84 0.39 0.31 0.78 149 1629 
n 0.16 0.16 0.24 0.58 0.34 2214 1977 
n 0.23 0.71 0.27 0.1 0.39 3805 1619 
n 0.81 0.28 0.29 0.64 0.33 1179 969 
n 0.39 0.86 0.59 0.86 0.65 1017 333 
n 0.84 0.69 0.33 0.88 0.14 2834 1512 
n 0.59 0.47 0.78 0.75 0.68 634 294 
n 0.42 0.21 0.43 0.69 0.51 1819 814 
n 0.75 0.22 0.15 0.43 0.32 1393 859 
n 0.76 0.44 0.72 0.73 0.29 1768 1578 
n 0.21 0.81 0.32 0.47 0.83 3023 871 
n 0.14 0.68 0.9 0.21 0.2 3248 1906 
n 0.69 0.2 0.85 0.78 0.62 1632 1742 
n 0.59 0.55 0.14 0.37 0.55 2223 990 
n 0.56 0.58 0.65 0.4 0.43 3868 697 
n 0.73 0.62 0.13 0.8 0.58 1541 354 
n 0.76 0.58 0.58 0.73 0.57 2374 1944 
n 0.73 0.25 0.74 0.17 0.47 1962 389 
n 0.42 0.55 0.53 0.84 0.42 3007 1524 
n 0.59 0.84 0.32 0.72 0.9 3220 1945 
n 0.39 0.54 0.17 0.2 0.31 2356 1568 
n 0.56 0.7 0.77 0.59 0.21 1604 706 
n 0.78 0.76 0.21 0.19 0.77 2028 1736 
n 0.71 0.39 0.78 0.53 0.53 2581 121 
n 0.3 0.13 0.37 0.17 0.4 2221 1578 
n 0.62 0.71 0.33 0.74 0.3 2944 632 
n 0.12 0.15 0.72 0.44 0.56 1082 1561 
n 0.76 0.7 0.68 0.52 0.37 997 942 
n 0.6 0.61 0.17 0.36 0.26 2334 523 
n 0.4 0.57 0.74 0.62 0.85 1264 1090 
n 0.42 0.33 0.65 0.28 0.44 1699 1294 
n 0.1 0.26 0.59 0.28 0.26 235 1059 
n 0.26 0.26 0.45 0.8 0.63 2592 248 
n 0.84 0.75 0.44 0.3 0.89 3642 699 
n 0.43 0.36 0.13 0.88 0.8 3599 514 
n 0.31 0.76 0.66 0.38 0.71 1766 678 
n 0.35 0.2 0.41 0.26 0.56 240 619 
n 0.83 0.72 0.69 0.55 0.79 1272 246 
n 0.59 0.51 0.23 0.45 0.81 3503 301 
n 0.86 0.42 0.72 0.87 0.41 80 1533 
n 0.69 0.51 0.23 0.41 0.17 1677 1238 
n 0.71 0.37 0.24 0.54 0.58 3766 154 
n 0.36 0.12 0.27 0.17 0.76 3946 459 
n 0.12 0.3 0.68 0.11 0.5 1994 1852 
n 0.72 0.53 0.33 0.8 0.83 278 165 
