t 100 20 4
n 0.23 0.31 0.17 0.73 2995 264 
n 0.34 0.83 0.18 0.19 202 233 
n 0.3 0.41 0.47 0.26 981 848 
n 0.72 0.86 0.3 0.49 1346 408 
n 0.3 0.37 0.55 0.67 781 670 
n 0.36 0.83 0.11 0.19 1009 1001 
n 0.31 0.67 0.72 0.14 2927 1777 
n 0.27 0.17 0.2 0.17 2982 949 
n 0.38 0.37 0.42 0.27 555 1121 
n 0.67 0.57 0.53 0.85 464 1302 
n 0.89 0.72 0.74 0.85 3452 637 
n 0.32 0.84 0.51 0.9 571 1982 
n 0.3 0.73 0.76 0.17 2656 128 
n 0.87 0.36 0.59 0.89 1623 1723 
n 0.7 0.76 0.32 0.29 2067 694 
n 0.58 0.82 0.47 0.74 1725 927 
n 0.17 0.75 0.88 0.73 3600 459 
n 0.9 0.64 0.49 0.89 1109 1196 
n 0.27 0.34 0.44 0.41 366 339 
n 0.75 0.82 0.34 0.38 778 1282 
n 0.31 0.2 0.52 0.35 386 1616 
n 0.4 0.28 0.66 0.19 3918 1217 
n 0.76 0.56 0.77 0.63 3332 1049 
n 0.86 0.12 0.58 0.86 2597 349 
n 0.27 0.22 0.8 0.25 811 1295 
n 0.3 0.14 0.26 0.57 241 1069 
n 0.48 0.69 0.19 0.62 2658 360 
n 0.17 0.26 0.39 0.56 394 1944 
n 0.52 0.85 0.42 0.16 3786 1862 
n 0.77 0.53 0.62 0.58 264 36 
n 0.79 0.56 0.18 0.56 2050 1833 
n 0.62 0.22 0.85 0.25 3538 125 
n 0.63 0.11 0.29 0.31 1646 1817 
n 0.45 0.34 0.18 0.46 2993 624 
n 0.83 0.31 0.23 0.42 547 25 
n 0.65 0.83 0.4 0.24 3373 1902 
n 0.71 0.14 0.82 0.68 460 267 
n 0.4 0.53 0.44 0.75 3060 781 
n 0.11 0.54 0.5 0.36 1828 456 
n 0.88 0.55 0.85 0.66 1021 962 
n 0.32 0.78 0.15 0.28 2347 388 
n 0.43 0.74 0.33 0.86 3535 1112 
n 0.43 0.71 0.25 0.82 1529 581 
n 0.29 0.79 0.29 0.12 1203 385 
n 0.84 0.29 0.87 0.33 1787 1902 
n 0.27 0.83 0.84 0.11 2740 1101 
n 0.42 0.66 0.66 0.86 555 1753 
n 0.64 0.71 0.31 0.69 47 363 
n 0.28 0.65 0.27 0.78 3935 540 
n 0.7 0.7 0.35 0.7 3062 329 
n 0.6 0.11 0.41 0.12 387 199 
n 0.1 0.29 0.77 0.8 2901 920 
n 0.65 0.66 0.54 0.34 931 512 
n 0.71 0.52 0.72 0.15 1766 692 
n 0.54 0.27 0.13 0.43 401 980 
n 0.11 0.16 0.5 0.76 149 1629 
n 0.1 0.89 0.23 0.17 2214 1977 
n 0.3 0.11 0.79 0.47 3805 1619 
n 0.27 0.5 0.59 0.72 1179 969 
n 0.17 0.48 0.87 0.43 1017 333 
n 0.18 0.63 0.48 0.89 2834 1512 
n 0.41 0.42 0.82 0.89 634 294 
n 0.73 0.81 0.26 0.74 1819 814 
n 0.67 0.75 0.59 0.56 1393 859 
n 0.78 0.13 0.45 0.88 1768 1578 
n 0.82 0.6 0.87 0.15 3023 871 
n 0.41 0.69 0.76 0.68 3248 1906 
n 0.33 0.63 0.72 0.54 1632 1742 
n 0.14 0.61 0.9 0.11 2223 990 
n 0.25 0.58 0.1 0.6 3868 697 
n 0.28 0.55 0.37 0.52 1541 354 
n 0.42 0.67 0.16 0.21 2374 1944 
n 0.41 0.86 0.75 0.27 1962 389 
n 0.73 0.56 0.81 0.24 3007 1524 
n 0.57 0.41 0.53 0.49 3220 1945 
n 0.34 0.69 0.55 0.53 2356 1568 
n 0.35 0.5 0.11 0.81 1604 706 
n 0.54 0.62 0.5 0.25 2028 1736 
n 0.25 0.87 0.21 0.7 2581 121 
n 0.32 0.41 0.12 0.71 2221 1578 
n 0.82 0.7 0.55 0.18 2944 632 
n 0.49 0.39 0.57 0.87 1082 1561 
n 0.1 0.73 0.51 0.9 997 942 
n 0.6 0.22 0.83 0.56 2334 523 
n 0.31 0.59 0.55 0.84 1264 1090 
n 0.7 0.46 0.16 0.12 1699 1294 
n 0.24 0.73 0.85 0.85 235 1059 
n 0.44 0.45 0.18 0.73 2592 248 
n 0.2 0.76 0.47 0.7 3642 699 
n 0.8 0.83 0.35 0.5 3599 514 
n 0.78 0.5 0.6 0.39 1766 678 
n 0.26 0.38 0.66 0.44 240 619 
n 0.55 0.38 0.81 0.85 1272 246 
n 0.77 0.74 0.18 0.82 3503 301 
n 0.88 0.87 0.87 0.51 80 1533 
n 0.48 0.54 0.29 0.47 1677 1238 
n 0.87 0.19 0.71 0.23 3766 154 
n 0.15 0.61 0.62 0.68 3946 459 
n 0.79 0.35 0.82 0.72 1994 1852 
n 0.71 0.42 0.46 0.33 278 165 
