t 100 10 3
n 0.44 0.44 0.5 2995 264 
n 0.88 0.68 0.84 202 233 
n 0.15 0.45 0.66 981 848 
n 0.13 0.49 0.28 1346 408 
n 0.65 0.9 0.51 781 670 
n 0.55 0.51 0.32 1009 1001 
n 0.51 0.89 0.26 2927 1777 
n 0.65 0.81 0.85 2982 949 
n 0.59 0.28 0.45 555 1121 
n 0.66 0.3 0.34 464 1302 
n 0.6 0.85 0.45 3452 637 
n 0.3 0.14 0.63 571 1982 
n 0.36 0.13 0.64 2656 128 
n 0.41 0.78 0.58 1623 1723 
n 0.61 0.76 0.44 2067 694 
n 0.21 0.66 0.34 1725 927 
n 0.49 0.77 0.65 3600 459 
n 0.15 0.8 0.6 1109 1196 
n 0.1 0.28 0.11 366 339 
n 0.52 0.46 0.56 778 1282 
n 0.44 0.62 0.43 386 1616 
n 0.22 0.84 0.82 3918 1217 
n 0.25 0.48 0.79 3332 1049 
n 0.46 0.77 0.83 2597 349 
n 0.75 0.16 0.67 811 1295 
n 0.58 0.88 0.41 241 1069 
n 0.57 0.17 0.74 2658 360 
n 0.17 0.6 0.31 394 1944 
n 0.51 0.14 0.27 3786 1862 
n 0.52 0.37 0.73 264 36 
n 0.17 0.57 0.8 2050 1833 
n 0.82 0.84 0.15 3538 125 
n 0.39 0.18 0.54 1646 1817 
n 0.36 0.46 0.6 2993 624 
n 0.2 0.62 0.25 547 25 
n 0.38 0.68 0.17 3373 1902 
n 0.24 0.34 0.84 460 267 
n 0.39 0.39 0.89 3060 781 
n 0.44 0.31 0.12 1828 456 
n 0.78 0.76 0.26 1021 962 
n 0.74 0.65 0.25 2347 388 
n 0.18 0.66 0.74 3535 1112 
n 0.51 0.7 0.53 1529 581 
n 0.39 0.27 0.55 1203 385 
n 0.59 0.61 0.25 1787 1902 
n 0.7 0.41 0.71 2740 1101 
n 0.78 0.6 0.12 555 1753 
n 0.87 0.26 0.69 47 363 
n 0.38 0.48 0.75 3935 540 
n 0.28 0.36 0.48 3062 329 
n 0.41 0.35 0.81 387 199 
n 0.49 0.22 0.78 2901 920 
n 0.74 0.62 0.18 931 512 
n 0.87 0.55 0.73 1766 692 
n 0.54 0.42 0.66 401 980 
n 0.75 0.72 0.32 149 1629 
n 0.47 0.35 0.54 2214 1977 
n 0.9 0.17 0.55 3805 1619 
n 0.1 0.3 0.6 1179 969 
n 0.56 0.39 0.36 1017 333 
n 0.5 0.74 0.8 2834 1512 
n 0.15 0.73 0.83 634 294 
n 0.53 0.54 0.2 1819 814 
n 0.78 0.84 0.58 1393 859 
n 0.41 0.56 0.5 1768 1578 
n 0.41 0.88 0.56 3023 871 
n 0.21 0.5 0.48 3248 1906 
n 0.39 0.69 0.67 1632 1742 
n 0.2 0.84 0.63 2223 990 
n 0.86 0.69 0.8 3868 697 
n 0.64 0.8 0.77 1541 354 
n 0.21 0.87 0.72 2374 1944 
n 0.12 0.64 0.82 1962 389 
n 0.18 0.58 0.57 3007 1524 
n 0.11 0.33 0.59 3220 1945 
n 0.23 0.8 0.21 2356 1568 
n 0.69 0.82 0.31 1604 706 
n 0.79 0.75 0.5 2028 1736 
n 0.4 0.19 0.88 2581 121 
n 0.26 0.41 0.53 2221 1578 
n 0.15 0.53 0.27 2944 632 
n 0.48 0.63 0.38 1082 1561 
n 0.63 0.19 0.68 997 942 
n 0.57 0.41 0.36 2334 523 
n 0.8 0.49 0.52 1264 1090 
n 0.4 0.62 0.73 1699 1294 
n 0.81 0.61 0.33 235 1059 
n 0.26 0.19 0.8 2592 248 
n 0.61 0.29 0.68 3642 699 
n 0.85 0.34 0.59 3599 514 
n 0.83 0.14 0.46 1766 678 
n 0.82 0.59 0.46 240 619 
n 0.35 0.41 0.74 1272 246 
n 0.56 0.42 0.32 3503 301 
n 0.48 0.85 0.8 80 1533 
n 0.89 0.61 0.89 1677 1238 
n 0.62 0.54 0.78 3766 154 
n 0.32 0.82 0.3 3946 459 
n 0.83 0.87 0.34 1994 1852 
n 0.76 0.48 0.6 278 165 
