t 105 10 4
n 0.67 0.72 0.14 0.27 63 71 
n 0.17 0.2 0.17 0.38 94 71 
n 0.37 0.42 0.27 0.67 142 370 
n 0.57 0.53 0.85 0.89 173 1276 
n 0.72 0.74 0.85 0.32 205 1213 
n 0.84 0.51 0.9 0.3 213 69 
n 0.73 0.76 0.17 0.87 244 69 
n 0.36 0.59 0.89 0.7 276 630 
n 0.76 0.32 0.29 0.58 283 732 
n 0.82 0.47 0.74 0.17 362 69 
n 0.75 0.88 0.73 0.9 394 69 
n 0.64 0.49 0.89 0.27 449 370 
n 0.34 0.44 0.41 0.75 480 1276 
n 0.82 0.34 0.38 0.31 512 1213 
n 0.2 0.52 0.35 0.4 528 157 
n 0.28 0.66 0.19 0.76 583 630 
n 0.56 0.77 0.63 0.86 591 732 
n 0.12 0.58 0.86 0.27 638 654 
n 0.22 0.8 0.25 0.3 638 496 
n 0.14 0.26 0.57 0.48 638 314 
n 0.69 0.19 0.62 0.17 638 142 
n 0.26 0.39 0.56 0.52 669 142 
n 0.85 0.42 0.16 0.77 677 315 
n 0.53 0.62 0.58 0.79 677 496 
n 0.56 0.18 0.56 0.62 677 654 
n 0.22 0.85 0.25 0.63 709 654 
n 0.11 0.29 0.31 0.45 709 496 
n 0.34 0.18 0.46 0.83 709 315 
n 0.31 0.23 0.42 0.65 701 142 
n 0.83 0.4 0.24 0.71 764 220 
n 0.14 0.82 0.68 0.4 811 189 
n 0.53 0.44 0.75 0.11 843 173 
n 0.54 0.5 0.36 0.88 858 370 
n 0.55 0.85 0.66 0.32 890 1276 
n 0.78 0.15 0.28 0.43 921 1213 
n 0.74 0.33 0.86 0.43 992 630 
n 0.71 0.25 0.82 0.29 1000 732 
n 0.79 0.29 0.12 0.84 1197 1276 
n 0.29 0.87 0.33 0.27 1228 1213 
n 0.83 0.84 0.11 0.42 1276 205 
n 0.66 0.66 0.86 0.64 1299 630 
n 0.71 0.31 0.69 0.28 1307 732 
n 0.65 0.27 0.78 0.7 1362 654 
n 0.7 0.35 0.7 0.6 1362 496 
n 0.11 0.41 0.12 0.1 1362 291 
n 0.29 0.77 0.8 0.65 1425 654 
n 0.66 0.54 0.34 0.71 1425 496 
n 0.52 0.72 0.15 0.54 1425 291 
n 0.27 0.13 0.43 0.11 1417 173 
n 0.16 0.5 0.76 0.1 1488 291 
n 0.89 0.23 0.17 0.3 1488 496 
n 0.11 0.79 0.47 0.27 1488 654 
n 0.5 0.59 0.72 0.17 1551 654 
n 0.48 0.87 0.43 0.18 1551 496 
n 0.63 0.48 0.89 0.41 1551 291 
n 0.42 0.82 0.89 0.73 1614 291 
n 0.81 0.26 0.74 0.67 1614 496 
n 0.75 0.59 0.56 0.78 1614 654 
n 0.13 0.45 0.88 0.82 1732 189 
n 0.6 0.87 0.15 0.41 1811 1276 
n 0.69 0.76 0.68 0.33 1843 1213 
n 0.63 0.72 0.54 0.14 1913 630 
n 0.61 0.9 0.11 0.25 1921 732 
n 0.58 0.1 0.6 0.28 2087 370 
n 0.55 0.37 0.52 0.42 2118 1276 
n 0.67 0.16 0.21 0.41 2150 1213 
n 0.86 0.75 0.27 0.73 2189 205 
n 0.56 0.81 0.24 0.57 2220 189 
n 0.41 0.53 0.49 0.34 2220 630 
n 0.69 0.55 0.53 0.35 2228 732 
n 0.5 0.11 0.81 0.54 2244 142 
n 0.62 0.5 0.25 0.25 2276 315 
n 0.87 0.21 0.7 0.32 2276 496 
n 0.41 0.12 0.71 0.82 2276 654 
n 0.7 0.55 0.18 0.49 2315 654 
n 0.39 0.57 0.87 0.1 2315 496 
n 0.73 0.51 0.9 0.6 2315 315 
n 0.22 0.83 0.56 0.31 2331 142 
n 0.59 0.55 0.84 0.7 2346 315 
n 0.46 0.16 0.12 0.24 2346 496 
n 0.73 0.85 0.85 0.44 2346 654 
n 0.45 0.18 0.73 0.2 2362 142 
n 0.76 0.47 0.7 0.8 2402 157 
n 0.83 0.35 0.5 0.78 2402 220 
n 0.5 0.6 0.39 0.26 2480 142 
n 0.38 0.66 0.44 0.55 2496 370 
n 0.38 0.81 0.85 0.77 2528 1276 
n 0.74 0.18 0.82 0.88 2559 1213 
n 0.87 0.87 0.51 0.48 2630 630 
n 0.54 0.29 0.47 0.87 2638 732 
n 0.19 0.71 0.23 0.15 2756 69 
n 0.61 0.62 0.68 0.79 2787 69 
n 0.35 0.82 0.72 0.71 2803 370 
n 0.42 0.46 0.33 0.61 2835 1276 
n 0.21 0.64 0.66 0.52 2866 1213 
n 0.77 0.31 0.48 0.43 2906 69 
n 0.51 0.72 0.32 0.84 2937 69 
n 0.85 0.88 0.38 0.29 2937 630 
n 0.27 0.73 0.61 0.41 2945 732 
n 0.62 0.59 0.77 0.41 3016 1276 
n 0.54 0.24 0.71 0.19 3055 69 
n 0.84 0.27 0.18 0.77 3087 69 
n 0.19 0.52 0.4 0.46 606 220 
n 0.3 0.56 0.14 0.58 1165 370 
n 0.11 0.51 0.8 0.19 1780 370 
