t 105 5 3
n 0.49 0.28 0.65 63 71 
n 0.9 0.51 0.55 94 71 
n 0.51 0.32 0.51 142 370 
n 0.89 0.26 0.65 173 1276 
n 0.81 0.85 0.59 205 1213 
n 0.28 0.45 0.66 213 69 
n 0.3 0.34 0.6 244 69 
n 0.85 0.45 0.3 276 630 
n 0.14 0.63 0.36 283 732 
n 0.13 0.64 0.41 362 69 
n 0.78 0.58 0.61 394 69 
n 0.76 0.44 0.21 449 370 
n 0.66 0.34 0.49 480 1276 
n 0.77 0.65 0.15 512 1213 
n 0.8 0.6 0.1 528 157 
n 0.28 0.11 0.52 583 630 
n 0.46 0.56 0.44 591 732 
n 0.62 0.43 0.22 638 654 
n 0.84 0.82 0.25 638 496 
n 0.48 0.79 0.46 638 314 
n 0.77 0.83 0.75 638 142 
n 0.16 0.67 0.58 669 142 
n 0.88 0.41 0.57 677 315 
n 0.17 0.74 0.17 677 496 
n 0.6 0.31 0.51 677 654 
n 0.14 0.27 0.52 709 654 
n 0.37 0.73 0.17 709 496 
n 0.57 0.8 0.82 709 315 
n 0.84 0.15 0.39 701 142 
n 0.18 0.54 0.36 764 220 
n 0.46 0.6 0.2 811 189 
n 0.62 0.25 0.38 843 173 
n 0.68 0.17 0.24 858 370 
n 0.34 0.84 0.39 890 1276 
n 0.39 0.89 0.44 921 1213 
n 0.31 0.12 0.78 992 630 
n 0.76 0.26 0.74 1000 732 
n 0.65 0.25 0.18 1197 1276 
n 0.66 0.74 0.51 1228 1213 
n 0.7 0.53 0.39 1276 205 
n 0.27 0.55 0.59 1299 630 
n 0.61 0.25 0.7 1307 732 
n 0.41 0.71 0.78 1362 654 
n 0.6 0.12 0.87 1362 496 
n 0.26 0.69 0.38 1362 291 
n 0.48 0.75 0.28 1425 654 
n 0.36 0.48 0.41 1425 496 
n 0.35 0.81 0.49 1425 291 
n 0.22 0.78 0.74 1417 173 
n 0.62 0.18 0.87 1488 291 
n 0.55 0.73 0.54 1488 496 
n 0.42 0.66 0.75 1488 654 
n 0.72 0.32 0.47 1551 654 
n 0.35 0.54 0.9 1551 496 
n 0.17 0.55 0.1 1551 291 
n 0.3 0.6 0.56 1614 291 
n 0.39 0.36 0.5 1614 496 
n 0.74 0.8 0.15 1614 654 
n 0.73 0.83 0.53 1732 189 
n 0.54 0.2 0.78 1811 1276 
n 0.84 0.58 0.41 1843 1213 
n 0.56 0.5 0.41 1913 630 
n 0.88 0.56 0.21 1921 732 
n 0.5 0.48 0.39 2087 370 
n 0.69 0.67 0.2 2118 1276 
n 0.84 0.63 0.86 2150 1213 
n 0.69 0.8 0.64 2189 205 
n 0.8 0.77 0.21 2220 189 
n 0.87 0.72 0.12 2220 630 
n 0.64 0.82 0.18 2228 732 
n 0.58 0.57 0.11 2244 142 
n 0.33 0.59 0.23 2276 315 
n 0.8 0.21 0.69 2276 496 
n 0.82 0.31 0.79 2276 654 
n 0.75 0.5 0.4 2315 654 
n 0.19 0.88 0.26 2315 496 
n 0.41 0.53 0.15 2315 315 
n 0.53 0.27 0.48 2331 142 
n 0.63 0.38 0.63 2346 315 
n 0.19 0.68 0.57 2346 496 
n 0.41 0.36 0.8 2346 654 
n 0.49 0.52 0.4 2362 142 
n 0.62 0.73 0.81 2402 157 
n 0.61 0.33 0.26 2402 220 
n 0.19 0.8 0.61 2480 142 
n 0.29 0.68 0.85 2496 370 
n 0.34 0.59 0.83 2528 1276 
n 0.14 0.46 0.82 2559 1213 
n 0.59 0.46 0.35 2630 630 
n 0.41 0.74 0.56 2638 732 
n 0.42 0.32 0.48 2756 69 
n 0.85 0.8 0.89 2787 69 
n 0.61 0.89 0.62 2803 370 
n 0.54 0.78 0.32 2835 1276 
n 0.82 0.3 0.83 2866 1213 
n 0.87 0.34 0.76 2906 69 
n 0.48 0.6 0.23 2937 69 
n 0.31 0.17 0.73 2937 630 
n 0.34 0.83 0.18 2945 732 
n 0.19 0.3 0.41 3016 1276 
n 0.47 0.26 0.72 3055 69 
n 0.86 0.3 0.49 3087 69 
n 0.3 0.37 0.55 606 220 
n 0.67 0.36 0.83 1165 370 
n 0.11 0.19 0.31 1780 370 
