t 105 5 5
n 0.39 0.57 0.7 0.62 0.45 63 71 
n 0.45 0.44 0.66 0.68 0.7 94 71 
n 0.37 0.53 0.49 0.48 0.34 142 370 
n 0.49 0.86 0.38 0.11 0.8 173 1276 
n 0.41 0.86 0.76 0.49 0.21 205 1213 
n 0.24 0.6 0.16 0.33 0.16 213 69 
n 0.23 0.68 0.72 0.89 0.5 244 69 
n 0.34 0.73 0.32 0.12 0.72 276 630 
n 0.83 0.3 0.9 0.14 0.16 283 732 
n 0.76 0.86 0.46 0.28 0.21 362 69 
n 0.88 0.71 0.72 0.62 0.65 394 69 
n 0.52 0.21 0.16 0.27 0.69 449 370 
n 0.2 0.7 0.85 0.58 0.18 480 1276 
n 0.15 0.27 0.64 0.31 0.16 512 1213 
n 0.65 0.23 0.82 0.42 0.13 528 157 
n 0.83 0.13 0.37 0.36 0.47 583 630 
n 0.5 0.3 0.39 0.45 0.5 591 732 
n 0.3 0.71 0.13 0.83 0.41 638 654 
n 0.65 0.72 0.78 0.29 0.63 638 496 
n 0.85 0.52 0.51 0.74 0.24 638 314 
n 0.49 0.4 0.73 0.16 0.76 638 142 
n 0.1 0.86 0.47 0.34 0.49 669 142 
n 0.49 0.53 0.33 0.55 0.23 677 315 
n 0.42 0.11 0.67 0.41 0.35 677 496 
n 0.58 0.12 0.22 0.5 0.14 677 654 
n 0.26 0.31 0.25 0.68 0.2 709 654 
n 0.64 0.44 0.44 0.11 0.44 709 496 
n 0.76 0.44 0.21 0.21 0.19 709 315 
n 0.66 0.7 0.42 0.67 0.22 701 142 
n 0.78 0.5 0.87 0.22 0.57 764 220 
n 0.62 0.4 0.51 0.59 0.11 811 189 
n 0.8 0.87 0.49 0.69 0.76 843 173 
n 0.28 0.28 0.61 0.39 0.64 858 370 
n 0.56 0.89 0.4 0.62 0.13 890 1276 
n 0.29 0.52 0.59 0.65 0.26 921 1213 
n 0.52 0.63 0.42 0.87 0.36 992 630 
n 0.64 0.39 0.11 0.54 0.55 1000 732 
n 0.66 0.52 0.33 0.72 0.29 1197 1276 
n 0.8 0.64 0.42 0.45 0.46 1228 1213 
n 0.16 0.31 0.86 0.36 0.52 1276 205 
n 0.4 0.15 0.87 0.58 0.31 1299 630 
n 0.13 0.52 0.72 0.25 0.78 1307 732 
n 0.85 0.84 0.72 0.58 0.14 1362 654 
n 0.59 0.41 0.46 0.66 0.42 1362 496 
n 0.61 0.24 0.87 0.74 0.77 1362 291 
n 0.71 0.68 0.86 0.74 0.25 1425 654 
n 0.6 0.84 0.39 0.31 0.78 1425 496 
n 0.16 0.16 0.24 0.58 0.34 1425 291 
n 0.23 0.71 0.27 0.1 0.39 1417 173 
n 0.81 0.28 0.29 0.64 0.33 1488 291 
n 0.39 0.86 0.59 0.86 0.65 1488 496 
n 0.84 0.69 0.33 0.88 0.14 1488 654 
n 0.59 0.47 0.78 0.75 0.68 1551 654 
n 0.42 0.21 0.43 0.69 0.51 1551 496 
n 0.75 0.22 0.15 0.43 0.32 1551 291 
n 0.76 0.44 0.72 0.73 0.29 1614 291 
n 0.21 0.81 0.32 0.47 0.83 1614 496 
n 0.14 0.68 0.9 0.21 0.2 1614 654 
n 0.69 0.2 0.85 0.78 0.62 1732 189 
n 0.59 0.55 0.14 0.37 0.55 1811 1276 
n 0.56 0.58 0.65 0.4 0.43 1843 1213 
n 0.73 0.62 0.13 0.8 0.58 1913 630 
n 0.76 0.58 0.58 0.73 0.57 1921 732 
n 0.73 0.25 0.74 0.17 0.47 2087 370 
n 0.42 0.55 0.53 0.84 0.42 2118 1276 
n 0.59 0.84 0.32 0.72 0.9 2150 1213 
n 0.39 0.54 0.17 0.2 0.31 2189 205 
n 0.56 0.7 0.77 0.59 0.21 2220 189 
n 0.78 0.76 0.21 0.19 0.77 2220 630 
n 0.71 0.39 0.78 0.53 0.53 2228 732 
n 0.3 0.13 0.37 0.17 0.4 2244 142 
n 0.62 0.71 0.33 0.74 0.3 2276 315 
n 0.12 0.15 0.72 0.44 0.56 2276 496 
n 0.76 0.7 0.68 0.52 0.37 2276 654 
n 0.6 0.61 0.17 0.36 0.26 2315 654 
n 0.4 0.57 0.74 0.62 0.85 2315 496 
n 0.42 0.33 0.65 0.28 0.44 2315 315 
n 0.1 0.26 0.59 0.28 0.26 2331 142 
n 0.26 0.26 0.45 0.8 0.63 2346 315 
n 0.84 0.75 0.44 0.3 0.89 2346 496 
n 0.43 0.36 0.13 0.88 0.8 2346 654 
n 0.31 0.76 0.66 0.38 0.71 2362 142 
n 0.35 0.2 0.41 0.26 0.56 2402 157 
n 0.83 0.72 0.69 0.55 0.79 2402 220 
n 0.59 0.51 0.23 0.45 0.81 2480 142 
n 0.86 0.42 0.72 0.87 0.41 2496 370 
n 0.69 0.51 0.23 0.41 0.17 2528 1276 
n 0.71 0.37 0.24 0.54 0.58 2559 1213 
n 0.36 0.12 0.27 0.17 0.76 2630 630 
n 0.12 0.3 0.68 0.11 0.5 2638 732 
n 0.72 0.53 0.33 0.8 0.83 2756 69 
n 0.46 0.66 0.32 0.75 0.45 2787 69 
n 0.67 0.81 0.13 0.41 0.5 2803 370 
n 0.38 0.16 0.65 0.58 0.24 2835 1276 
n 0.38 0.79 0.16 0.4 0.83 2866 1213 
n 0.84 0.43 0.72 0.18 0.26 2906 69 
n 0.54 0.75 0.24 0.37 0.14 2937 69 
n 0.27 0.7 0.19 0.79 0.82 2937 630 
n 0.18 0.89 0.34 0.8 0.84 2945 732 
n 0.31 0.69 0.85 0.6 0.63 3016 1276 
n 0.84 0.87 0.23 0.44 0.56 3055 69 
n 0.74 0.44 0.17 0.54 0.13 3087 69 
n 0.32 0.11 0.3 0.15 0.65 606 220 
n 0.32 0.48 0.55 0.8 0.79 1165 370 
n 0.78 0.6 0.77 0.62 0.39 1780 370 
