t 318 10 3
n 0.83 0.31 0.23 63 71 
n 0.42 0.65 0.83 94 71 
n 0.4 0.24 0.71 142 370 
n 0.14 0.82 0.68 173 1276 
n 0.4 0.53 0.44 205 1213 
n 0.75 0.11 0.54 213 69 
n 0.5 0.36 0.88 244 69 
n 0.55 0.85 0.66 276 630 
n 0.32 0.78 0.15 283 732 
n 0.28 0.43 0.74 362 69 
n 0.33 0.86 0.43 394 69 
n 0.71 0.25 0.82 449 370 
n 0.29 0.79 0.29 480 1276 
n 0.12 0.84 0.29 512 1213 
n 0.87 0.33 0.27 528 157 
n 0.83 0.84 0.11 583 630 
n 0.42 0.66 0.66 591 732 
n 0.86 0.64 0.71 638 654 
n 0.31 0.69 0.28 638 496 
n 0.65 0.27 0.78 638 314 
n 0.7 0.7 0.35 638 142 
n 0.7 0.6 0.11 669 142 
n 0.41 0.12 0.1 677 315 
n 0.29 0.77 0.8 677 496 
n 0.65 0.66 0.54 677 654 
n 0.34 0.71 0.52 709 654 
n 0.72 0.15 0.54 709 496 
n 0.27 0.13 0.43 709 315 
n 0.11 0.16 0.5 701 142 
n 0.76 0.1 0.89 764 220 
n 0.23 0.17 0.3 811 189 
n 0.11 0.79 0.47 843 173 
n 0.27 0.5 0.59 858 370 
n 0.72 0.17 0.48 890 1276 
n 0.87 0.43 0.18 921 1213 
n 0.63 0.48 0.89 992 630 
n 0.41 0.42 0.82 1000 732 
n 0.89 0.73 0.81 1197 1276 
n 0.26 0.74 0.67 1228 1213 
n 0.75 0.59 0.56 1276 205 
n 0.78 0.13 0.45 1299 630 
n 0.88 0.82 0.6 1307 732 
n 0.87 0.15 0.41 1362 654 
n 0.69 0.76 0.68 1362 496 
n 0.33 0.63 0.72 1362 291 
n 0.54 0.14 0.61 1425 654 
n 0.9 0.11 0.25 1425 496 
n 0.58 0.1 0.6 1425 291 
n 0.28 0.55 0.37 1417 173 
n 0.52 0.42 0.67 1488 291 
n 0.16 0.21 0.41 1488 496 
n 0.86 0.75 0.27 1488 654 
n 0.73 0.56 0.81 1551 654 
n 0.24 0.57 0.41 1551 496 
n 0.53 0.49 0.34 1551 291 
n 0.69 0.55 0.53 1614 291 
n 0.35 0.5 0.11 1614 496 
n 0.81 0.54 0.62 1614 654 
n 0.5 0.25 0.25 1732 189 
n 0.87 0.21 0.7 1811 1276 
n 0.32 0.41 0.12 1843 1213 
n 0.71 0.82 0.7 1913 630 
n 0.55 0.18 0.49 1921 732 
n 0.39 0.57 0.87 2087 370 
n 0.1 0.73 0.51 2118 1276 
n 0.9 0.6 0.22 2150 1213 
n 0.83 0.56 0.31 2189 205 
n 0.59 0.55 0.84 2220 189 
n 0.7 0.46 0.16 2220 630 
n 0.12 0.24 0.73 2228 732 
n 0.85 0.85 0.44 2244 142 
n 0.45 0.18 0.73 2276 315 
n 0.2 0.76 0.47 2276 496 
n 0.7 0.8 0.83 2276 654 
n 0.35 0.5 0.78 2315 654 
n 0.5 0.6 0.39 2315 496 
n 0.26 0.38 0.66 2315 315 
n 0.44 0.55 0.38 2331 142 
n 0.81 0.85 0.77 2346 315 
n 0.74 0.18 0.82 2346 496 
n 0.88 0.87 0.87 2346 654 
n 0.51 0.48 0.54 2362 142 
n 0.29 0.47 0.87 2402 157 
n 0.19 0.71 0.23 2402 220 
n 0.15 0.61 0.62 2480 142 
n 0.68 0.79 0.35 2496 370 
n 0.82 0.72 0.71 2528 1276 
n 0.42 0.46 0.33 2559 1213 
n 0.61 0.21 0.64 2630 630 
n 0.66 0.52 0.77 2638 732 
n 0.31 0.48 0.43 2756 69 
n 0.51 0.72 0.32 2787 69 
n 0.84 0.85 0.88 2803 370 
n 0.38 0.29 0.27 2835 1276 
n 0.73 0.61 0.41 2866 1213 
n 0.62 0.59 0.77 2906 69 
n 0.41 0.54 0.24 2937 69 
n 0.71 0.19 0.84 2937 630 
n 0.27 0.18 0.77 2945 732 
n 0.19 0.52 0.4 3016 1276 
n 0.46 0.3 0.56 3055 69 
n 0.14 0.58 0.11 3087 69 
n 0.51 0.8 0.19 606 220 
n 0.39 0.57 0.7 1165 370 
n 0.62 0.45 0.45 1780 370 
n 0.44 0.66 0.68 63 1402 
n 0.7 0.37 0.53 94 1402 
n 0.49 0.48 0.34 142 1701 
n 0.49 0.86 0.38 173 2607 
n 0.11 0.8 0.41 205 2544 
n 0.86 0.76 0.49 213 1400 
n 0.21 0.24 0.6 244 1400 
n 0.16 0.33 0.16 276 1961 
n 0.23 0.68 0.72 283 2063 
n 0.89 0.5 0.34 362 1400 
n 0.73 0.32 0.12 394 1400 
n 0.72 0.83 0.3 449 1701 
n 0.9 0.14 0.16 480 2607 
n 0.76 0.86 0.46 512 2544 
n 0.28 0.21 0.88 528 1488 
n 0.71 0.72 0.62 583 1961 
n 0.65 0.52 0.21 591 2063 
n 0.16 0.27 0.69 638 1985 
n 0.2 0.7 0.85 638 1827 
n 0.58 0.18 0.15 638 1645 
n 0.27 0.64 0.31 638 1473 
n 0.16 0.65 0.23 669 1473 
n 0.82 0.42 0.13 677 1646 
n 0.83 0.13 0.37 677 1827 
n 0.36 0.47 0.5 677 1985 
n 0.3 0.39 0.45 709 1985 
n 0.5 0.3 0.71 709 1827 
n 0.13 0.83 0.41 709 1646 
n 0.65 0.72 0.78 701 1473 
n 0.29 0.63 0.85 764 1551 
n 0.52 0.51 0.74 811 1520 
n 0.24 0.49 0.4 843 1504 
n 0.73 0.16 0.76 858 1701 
n 0.1 0.86 0.47 890 2607 
n 0.34 0.49 0.49 921 2544 
n 0.53 0.33 0.55 992 1961 
n 0.23 0.42 0.11 1000 2063 
n 0.67 0.41 0.35 1197 2607 
n 0.58 0.12 0.22 1228 2544 
n 0.5 0.14 0.26 1276 1536 
n 0.31 0.25 0.68 1299 1961 
n 0.2 0.64 0.44 1307 2063 
n 0.44 0.11 0.44 1362 1985 
n 0.76 0.44 0.21 1362 1827 
n 0.21 0.19 0.66 1362 1622 
n 0.7 0.42 0.67 1425 1985 
n 0.22 0.78 0.5 1425 1827 
n 0.87 0.22 0.57 1425 1622 
n 0.62 0.4 0.51 1417 1504 
n 0.59 0.11 0.8 1488 1622 
n 0.87 0.49 0.69 1488 1827 
n 0.76 0.28 0.28 1488 1985 
n 0.61 0.39 0.64 1551 1985 
n 0.56 0.89 0.4 1551 1827 
n 0.62 0.13 0.29 1551 1622 
n 0.52 0.59 0.65 1614 1622 
n 0.26 0.52 0.63 1614 1827 
n 0.42 0.87 0.36 1614 1985 
n 0.64 0.39 0.11 1732 1520 
n 0.54 0.55 0.66 1811 2607 
n 0.52 0.33 0.72 1843 2544 
n 0.29 0.8 0.64 1913 1961 
n 0.42 0.45 0.46 1921 2063 
n 0.16 0.31 0.86 2087 1701 
n 0.36 0.52 0.4 2118 2607 
n 0.15 0.87 0.58 2150 2544 
n 0.31 0.13 0.52 2189 1536 
n 0.72 0.25 0.78 2220 1520 
n 0.85 0.84 0.72 2220 1961 
n 0.58 0.14 0.59 2228 2063 
n 0.41 0.46 0.66 2244 1473 
n 0.42 0.61 0.24 2276 1646 
n 0.87 0.74 0.77 2276 1827 
n 0.71 0.68 0.86 2276 1985 
n 0.74 0.25 0.6 2315 1985 
n 0.84 0.39 0.31 2315 1827 
n 0.78 0.16 0.16 2315 1646 
n 0.24 0.58 0.34 2331 1473 
n 0.23 0.71 0.27 2346 1646 
n 0.1 0.39 0.81 2346 1827 
n 0.28 0.29 0.64 2346 1985 
n 0.33 0.39 0.86 2362 1473 
n 0.59 0.86 0.65 2402 1488 
n 0.84 0.69 0.33 2402 1551 
n 0.88 0.14 0.59 2480 1473 
n 0.47 0.78 0.75 2496 1701 
n 0.68 0.42 0.21 2528 2607 
n 0.43 0.69 0.51 2559 2544 
n 0.75 0.22 0.15 2630 1961 
n 0.43 0.32 0.76 2638 2063 
n 0.44 0.72 0.73 2756 1400 
n 0.29 0.21 0.81 2787 1400 
n 0.32 0.47 0.83 2803 1701 
n 0.14 0.68 0.9 2835 2607 
n 0.21 0.2 0.69 2866 2544 
n 0.2 0.85 0.78 2906 1400 
n 0.62 0.59 0.55 2937 1400 
n 0.14 0.37 0.55 2937 1961 
n 0.56 0.58 0.65 2945 2063 
n 0.4 0.43 0.73 3016 2607 
n 0.62 0.13 0.8 3055 1400 
n 0.58 0.76 0.58 3087 1400 
n 0.58 0.73 0.57 606 1551 
n 0.73 0.25 0.74 1165 1701 
n 0.17 0.47 0.42 1780 1701 
n 0.55 0.53 0.84 63 2733 
n 0.42 0.59 0.84 94 2733 
n 0.32 0.72 0.9 142 3032 
n 0.39 0.54 0.17 173 3938 
n 0.2 0.31 0.56 205 3875 
n 0.7 0.77 0.59 213 2731 
n 0.21 0.78 0.76 244 2731 
n 0.21 0.19 0.77 276 3292 
n 0.71 0.39 0.78 283 3394 
n 0.53 0.53 0.3 362 2731 
n 0.13 0.37 0.17 394 2731 
n 0.4 0.62 0.71 449 3032 
n 0.33 0.74 0.3 480 3938 
n 0.12 0.15 0.72 512 3875 
n 0.44 0.56 0.76 528 2819 
n 0.7 0.68 0.52 583 3292 
n 0.37 0.6 0.61 591 3394 
n 0.17 0.36 0.26 638 3316 
n 0.4 0.57 0.74 638 3158 
n 0.62 0.85 0.42 638 2976 
n 0.33 0.65 0.28 638 2804 
n 0.44 0.1 0.26 669 2804 
n 0.59 0.28 0.26 677 2977 
n 0.26 0.26 0.45 677 3158 
n 0.8 0.63 0.84 677 3316 
n 0.75 0.44 0.3 709 3316 
n 0.89 0.43 0.36 709 3158 
n 0.13 0.88 0.8 709 2977 
n 0.31 0.76 0.66 701 2804 
n 0.38 0.71 0.35 764 2882 
n 0.2 0.41 0.26 811 2851 
n 0.56 0.83 0.72 843 2835 
n 0.69 0.55 0.79 858 3032 
n 0.59 0.51 0.23 890 3938 
n 0.45 0.81 0.86 921 3875 
n 0.42 0.72 0.87 992 3292 
n 0.41 0.69 0.51 1000 3394 
n 0.23 0.41 0.17 1197 3938 
n 0.71 0.37 0.24 1228 3875 
n 0.54 0.58 0.36 1276 2867 
n 0.12 0.27 0.17 1299 3292 
n 0.76 0.12 0.3 1307 3394 
n 0.68 0.11 0.5 1362 3316 
n 0.72 0.53 0.33 1362 3158 
n 0.8 0.83 0.46 1362 2953 
n 0.66 0.32 0.75 1425 3316 
n 0.45 0.67 0.81 1425 3158 
n 0.13 0.41 0.5 1425 2953 
n 0.38 0.16 0.65 1417 2835 
n 0.58 0.24 0.38 1488 2953 
n 0.79 0.16 0.4 1488 3158 
n 0.83 0.84 0.43 1488 3316 
n 0.72 0.18 0.26 1551 3316 
n 0.54 0.75 0.24 1551 3158 
n 0.37 0.14 0.27 1551 2953 
n 0.7 0.19 0.79 1614 2953 
n 0.82 0.18 0.89 1614 3158 
n 0.34 0.8 0.84 1614 3316 
n 0.31 0.69 0.85 1732 2851 
n 0.6 0.63 0.84 1811 3938 
n 0.87 0.23 0.44 1843 3875 
n 0.56 0.74 0.44 1913 3292 
n 0.17 0.54 0.13 1921 3394 
n 0.32 0.11 0.3 2087 3032 
n 0.15 0.65 0.32 2118 3938 
n 0.48 0.55 0.8 2150 3875 
n 0.79 0.78 0.6 2189 2867 
n 0.77 0.62 0.39 2220 2851 
n 0.54 0.22 0.1 2220 3292 
n 0.37 0.72 0.87 2228 3394 
n 0.61 0.55 0.33 2244 2804 
n 0.46 0.28 0.76 2276 2977 
n 0.35 0.76 0.4 2276 3158 
n 0.62 0.38 0.83 2276 3316 
n 0.61 0.21 0.38 2315 3316 
n 0.58 0.76 0.62 2315 3158 
n 0.71 0.88 0.39 2315 2977 
n 0.78 0.33 0.71 2331 2804 
n 0.55 0.51 0.48 2346 2977 
n 0.52 0.25 0.88 2346 3158 
n 0.62 0.75 0.71 2346 3316 
n 0.84 0.19 0.4 2362 2804 
n 0.85 0.34 0.4 2402 2819 
n 0.24 0.89 0.22 2402 2882 
n 0.88 0.43 0.27 2480 2804 
n 0.23 0.38 0.32 2496 3032 
n 0.87 0.82 0.35 2528 3938 
n 0.62 0.18 0.52 2559 3875 
n 0.67 0.43 0.11 2630 3292 
n 0.24 0.65 0.15 2638 3394 
n 0.21 0.16 0.56 2756 2731 
n 0.33 0.8 0.83 2787 2731 
n 0.42 0.72 0.8 2803 3032 
n 0.16 0.74 0.32 2835 3938 
n 0.47 0.29 0.53 2866 3875 
n 0.52 0.83 0.3 2906 2731 
n 0.77 0.66 0.36 2937 2731 
n 0.14 0.79 0.6 2937 3292 
n 0.49 0.44 0.26 2945 3394 
n 0.5 0.59 0.86 3016 3938 
n 0.34 0.45 0.79 3055 2731 
n 0.65 0.77 0.31 3087 2731 
n 0.59 0.37 0.71 606 2882 
n 0.25 0.21 0.17 1165 3032 
n 0.52 0.25 0.15 1780 3032 
n 0.19 0.1 0.57 1417 -79 
n 0.87 0.54 0.56 1496 -79 
n 0.62 0.18 0.23 1693 4055 
