t 318 20 4
n 0.83 0.17 0.73 0.41 63 71 
n 0.88 0.34 0.22 0.84 94 71 
n 0.22 0.23 0.15 0.64 142 370 
n 0.24 0.74 0.79 0.31 173 1276 
n 0.13 0.53 0.48 0.81 205 1213 
n 0.23 0.3 0.23 0.74 213 69 
n 0.52 0.81 0.62 0.33 244 69 
n 0.2 0.47 0.69 0.6 276 630 
n 0.22 0.45 0.4 0.26 283 732 
n 0.23 0.5 0.2 0.85 362 69 
n 0.67 0.72 0.84 0.81 394 69 
n 0.44 0.86 0.53 0.15 449 370 
n 0.18 0.62 0.61 0.32 480 1276 
n 0.25 0.55 0.57 0.32 512 1213 
n 0.84 0.79 0.24 0.82 528 157 
n 0.23 0.1 0.19 0.9 583 630 
n 0.55 0.51 0.24 0.56 591 732 
n 0.77 0.65 0.2 0.67 638 654 
n 0.56 0.53 0.76 0.49 638 496 
n 0.44 0.67 0.79 0.3 638 314 
n 0.19 0.72 0.31 0.58 638 142 
n 0.73 0.19 0.86 0.4 669 142 
n 0.14 0.86 0.26 0.13 677 315 
n 0.25 0.69 0.49 0.49 677 496 
n 0.67 0.24 0.34 0.63 677 654 
n 0.77 0.57 0.4 0.72 709 654 
n 0.42 0.89 0.85 0.4 709 496 
n 0.11 0.58 0.8 0.77 709 315 
n 0.18 0.19 0.39 0.68 701 142 
n 0.26 0.13 0.48 0.59 764 220 
n 0.42 0.4 0.7 0.79 811 189 
n 0.52 0.32 0.74 0.65 843 173 
n 0.26 0.64 0.22 0.41 858 370 
n 0.3 0.13 0.27 0.65 890 1276 
n 0.64 0.61 0.42 0.33 921 1213 
n 0.17 0.38 0.27 0.57 992 630 
n 0.36 0.51 0.43 0.26 1000 732 
n 0.24 0.76 0.78 0.63 1197 1276 
n 0.11 0.28 0.15 0.29 1228 1213 
n 0.48 0.46 0.78 0.79 1276 205 
n 0.72 0.11 0.23 0.43 1299 630 
n 0.88 0.38 0.39 0.89 1307 732 
n 0.32 0.4 0.19 0.28 1362 654 
n 0.86 0.18 0.2 0.8 1362 496 
n 0.64 0.81 0.73 0.27 1362 291 
n 0.21 0.84 0.45 0.64 1425 654 
n 0.88 0.61 0.73 0.55 1425 496 
n 0.23 0.23 0.41 0.19 1425 291 
n 0.86 0.26 0.43 0.18 1417 173 
n 0.6 0.16 0.61 0.14 1488 291 
n 0.77 0.57 0.63 0.37 1488 496 
n 0.17 0.46 0.19 0.23 1488 654 
n 0.83 0.67 0.85 0.71 1551 654 
n 0.46 0.39 0.67 0.79 1551 496 
n 0.67 0.18 0.42 0.66 1551 291 
n 0.57 0.76 0.14 0.36 1614 291 
n 0.32 0.85 0.75 0.35 1614 496 
n 0.33 0.89 0.46 0.62 1614 654 
n 0.81 0.89 0.72 0.11 1732 189 
n 0.89 0.22 0.34 0.73 1811 1276 
n 0.19 0.79 0.11 0.76 1843 1213 
n 0.6 0.52 0.56 0.51 1913 630 
n 0.8 0.13 0.56 0.19 1921 732 
n 0.62 0.81 0.74 0.35 2087 370 
n 0.29 0.62 0.75 0.71 2118 1276 
n 0.88 0.86 0.69 0.75 2150 1213 
n 0.4 0.65 0.58 0.79 2189 205 
n 0.62 0.71 0.45 0.87 2220 189 
n 0.21 0.42 0.28 0.45 2220 630 
n 0.54 0.26 0.37 0.52 2228 732 
n 0.2 0.71 0.72 0.5 2244 142 
n 0.32 0.76 0.7 0.55 2276 315 
n 0.77 0.62 0.34 0.63 2276 496 
n 0.5 0.11 0.31 0.44 2276 654 
n 0.14 0.41 0.41 0.35 2315 654 
n 0.84 0.28 0.61 0.34 2315 496 
n 0.55 0.65 0.7 0.9 2315 315 
n 0.55 0.42 0.22 0.6 2331 142 
n 0.64 0.68 0.41 0.66 2346 315 
n 0.27 0.22 0.74 0.34 2346 496 
n 0.32 0.22 0.38 0.56 2346 654 
n 0.82 0.41 0.72 0.87 2362 142 
n 0.1 0.21 0.87 0.33 2402 157 
n 0.28 0.29 0.39 0.25 2402 220 
n 0.53 0.16 0.83 0.16 2480 142 
n 0.53 0.68 0.28 0.63 2496 370 
n 0.26 0.34 0.56 0.47 2528 1276 
n 0.15 0.56 0.6 0.6 2559 1213 
n 0.73 0.74 0.71 0.76 2630 630 
n 0.69 0.26 0.18 0.63 2638 732 
n 0.41 0.7 0.19 0.83 2756 69 
n 0.76 0.39 0.7 0.21 2787 69 
n 0.73 0.47 0.1 0.87 2803 370 
n 0.5 0.85 0.83 0.37 2835 1276 
n 0.54 0.78 0.78 0.37 2866 1213 
n 0.69 0.85 0.11 0.44 2906 69 
n 0.6 0.74 0.56 0.2 2937 69 
n 0.51 0.42 0.6 0.71 2937 630 
n 0.34 0.5 0.82 0.51 2945 732 
n 0.29 0.17 0.58 0.86 3016 1276 
n 0.83 0.87 0.51 0.19 3055 69 
n 0.3 0.42 0.14 0.18 3087 69 
n 0.84 0.76 0.29 0.75 606 220 
n 0.68 0.61 0.41 0.72 1165 370 
n 0.66 0.21 0.46 0.3 1780 370 
n 0.31 0.2 0.22 0.27 63 1402 
n 0.4 0.41 0.25 0.42 94 1402 
n 0.53 0.23 0.81 0.66 142 1701 
n 0.44 0.79 0.82 0.11 173 2607 
n 0.42 0.23 0.7 0.51 205 2544 
n 0.19 0.52 0.41 0.14 213 1400 
n 0.43 0.48 0.19 0.76 244 1400 
n 0.31 0.51 0.6 0.47 276 1961 
n 0.47 0.11 0.11 0.14 283 2063 
n 0.23 0.73 0.61 0.18 362 1400 
n 0.72 0.17 0.32 0.16 394 1400 
n 0.34 0.85 0.88 0.31 449 1701 
n 0.62 0.55 0.46 0.82 480 2607 
n 0.23 0.18 0.41 0.88 512 2544 
n 0.32 0.52 0.41 0.59 528 1488 
n 0.61 0.7 0.65 0.37 583 1961 
n 0.11 0.28 0.57 0.76 591 2063 
n 0.87 0.23 0.72 0.69 638 1985 
n 0.51 0.78 0.57 0.83 638 1827 
n 0.16 0.81 0.54 0.51 638 1645 
n 0.87 0.86 0.78 0.59 638 1473 
n 0.15 0.4 0.26 0.38 669 1473 
n 0.74 0.68 0.56 0.78 677 1646 
n 0.61 0.5 0.68 0.64 677 1827 
n 0.72 0.86 0.26 0.14 677 1985 
n 0.73 0.25 0.12 0.54 709 1985 
n 0.15 0.13 0.42 0.15 709 1827 
n 0.89 0.59 0.37 0.59 709 1646 
n 0.78 0.14 0.42 0.38 701 1473 
n 0.12 0.3 0.72 0.74 764 1551 
n 0.65 0.12 0.21 0.12 811 1520 
n 0.88 0.32 0.73 0.17 843 1504 
n 0.7 0.84 0.34 0.69 858 1701 
n 0.22 0.64 0.63 0.55 890 2607 
n 0.22 0.56 0.85 0.76 921 2544 
n 0.29 0.71 0.47 0.19 992 1961 
n 0.9 0.43 0.13 0.21 1000 2063 
n 0.64 0.51 0.69 0.58 1197 2607 
n 0.83 0.86 0.15 0.63 1228 2544 
n 0.53 0.57 0.5 0.37 1276 1536 
n 0.9 0.74 0.1 0.74 1299 1961 
n 0.77 0.68 0.23 0.34 1307 2063 
n 0.63 0.79 0.71 0.32 1362 1985 
n 0.18 0.39 0.35 0.31 1362 1827 
n 0.78 0.19 0.81 0.12 1362 1622 
n 0.86 0.37 0.73 0.81 1425 1985 
n 0.55 0.25 0.4 0.65 1425 1827 
n 0.75 0.79 0.67 0.48 1425 1622 
n 0.18 0.36 0.65 0.25 1417 1504 
n 0.44 0.12 0.85 0.8 1488 1622 
n 0.89 0.87 0.78 0.23 1488 1827 
n 0.37 0.47 0.32 0.82 1488 1985 
n 0.59 0.88 0.43 0.57 1551 1985 
n 0.12 0.83 0.68 0.74 1551 1827 
n 0.43 0.43 0.38 0.36 1551 1622 
n 0.31 0.31 0.39 0.54 1614 1622 
n 0.57 0.4 0.14 0.83 1614 1827 
n 0.73 0.43 0.3 0.71 1614 1985 
n 0.14 0.76 0.65 0.54 1732 1520 
n 0.71 0.5 0.82 0.75 1811 2607 
n 0.82 0.32 0.58 0.41 1843 2544 
n 0.43 0.65 0.69 0.72 1913 1961 
n 0.45 0.7 0.16 0.15 1921 2063 
n 0.46 0.23 0.65 0.4 2087 1701 
n 0.33 0.32 0.65 0.63 2118 2607 
n 0.64 0.1 0.19 0.67 2150 2544 
n 0.16 0.49 0.32 0.65 2189 1536 
n 0.51 0.27 0.23 0.2 2220 1520 
n 0.14 0.82 0.21 0.22 2220 1961 
n 0.53 0.31 0.52 0.55 2228 2063 
n 0.87 0.29 0.77 0.12 2244 1473 
n 0.55 0.52 0.71 0.14 2276 1646 
n 0.68 0.6 0.37 0.66 2276 1827 
n 0.13 0.56 0.24 0.45 2276 1985 
n 0.55 0.14 0.5 0.38 2315 1985 
n 0.11 0.32 0.38 0.23 2315 1827 
n 0.26 0.2 0.32 0.59 2315 1646 
n 0.84 0.6 0.63 0.38 2331 1473 
n 0.55 0.48 0.83 0.78 2346 1646 
n 0.19 0.71 0.7 0.43 2346 1827 
n 0.55 0.31 0.71 0.55 2346 1985 
n 0.75 0.52 0.53 0.83 2362 1473 
n 0.49 0.38 0.55 0.29 2402 1488 
n 0.17 0.55 0.75 0.38 2402 1551 
n 0.13 0.62 0.13 0.83 2480 1473 
n 0.79 0.42 0.78 0.2 2496 1701 
n 0.22 0.73 0.62 0.67 2528 2607 
n 0.8 0.37 0.23 0.83 2559 2544 
n 0.8 0.44 0.32 0.51 2630 1961 
n 0.47 0.72 0.28 0.76 2638 2063 
n 0.17 0.31 0.68 0.63 2756 1400 
n 0.7 0.81 0.36 0.49 2787 1400 
n 0.62 0.77 0.3 0.1 2803 1701 
n 0.64 0.7 0.15 0.6 2835 2607 
n 0.33 0.87 0.44 0.35 2866 2544 
n 0.23 0.74 0.51 0.22 2906 1400 
n 0.56 0.41 0.13 0.16 2937 1400 
n 0.75 0.17 0.37 0.14 2937 1961 
n 0.63 0.42 0.23 0.44 2945 2063 
n 0.5 0.31 0.27 0.24 3016 2607 
n 0.23 0.55 0.73 0.15 3055 1400 
n 0.15 0.74 0.11 0.77 3087 1400 
n 0.53 0.29 0.69 0.82 606 1551 
n 0.72 0.51 0.49 0.23 1165 1701 
n 0.74 0.79 0.46 0.86 1780 1701 
n 0.33 0.33 0.56 0.57 63 2733 
n 0.9 0.13 0.25 0.19 94 2733 
n 0.54 0.31 0.31 0.89 142 3032 
n 0.3 0.73 0.54 0.12 173 3938 
n 0.56 0.18 0.12 0.67 205 3875 
n 0.22 0.32 0.27 0.67 213 2731 
n 0.86 0.66 0.46 0.8 244 2731 
n 0.68 0.68 0.43 0.72 276 3292 
n 0.69 0.5 0.78 0.47 283 3394 
n 0.75 0.65 0.43 0.67 362 2731 
n 0.33 0.12 0.63 0.66 394 2731 
n 0.67 0.29 0.56 0.57 449 3032 
n 0.16 0.81 0.58 0.44 480 3938 
n 0.16 0.31 0.34 0.74 512 3875 
n 0.22 0.59 0.16 0.35 528 2819 
n 0.76 0.53 0.61 0.42 583 3292 
n 0.42 0.34 0.21 0.69 591 3394 
n 0.83 0.31 0.62 0.48 638 3316 
n 0.84 0.28 0.16 0.62 638 3158 
n 0.45 0.13 0.83 0.53 638 2976 
n 0.21 0.18 0.3 0.11 638 2804 
n 0.75 0.81 0.61 0.9 669 2804 
n 0.27 0.87 0.33 0.7 677 2977 
n 0.88 0.84 0.39 0.22 677 3158 
n 0.23 0.58 0.83 0.85 677 3316 
n 0.84 0.46 0.51 0.27 709 3316 
n 0.66 0.14 0.44 0.81 709 3158 
n 0.79 0.57 0.39 0.72 709 2977 
n 0.38 0.49 0.46 0.25 701 2804 
n 0.63 0.41 0.76 0.8 764 2882 
n 0.4 0.56 0.79 0.75 811 2851 
n 0.75 0.69 0.56 0.51 843 2835 
n 0.56 0.77 0.31 0.32 858 3032 
n 0.67 0.66 0.72 0.61 890 3938 
n 0.77 0.41 0.25 0.47 921 3875 
n 0.42 0.8 0.75 0.55 992 3292 
n 0.39 0.14 0.36 0.21 1000 3394 
n 0.35 0.46 0.53 0.14 1197 3938 
n 0.51 0.78 0.22 0.44 1228 3875 
n 0.31 0.36 0.42 0.57 1276 2867 
n 0.86 0.14 0.6 0.74 1299 3292 
n 0.6 0.62 0.13 0.89 1307 3394 
n 0.74 0.5 0.32 0.16 1362 3316 
n 0.49 0.82 0.74 0.77 1362 3158 
n 0.86 0.36 0.67 0.28 1362 2953 
n 0.61 0.25 0.58 0.63 1425 3316 
n 0.43 0.48 0.76 0.66 1425 3158 
n 0.34 0.59 0.47 0.4 1425 2953 
n 0.22 0.72 0.22 0.21 1417 2835 
n 0.29 0.34 0.57 0.59 1488 2953 
n 0.19 0.41 0.26 0.81 1488 3158 
n 0.33 0.71 0.47 0.45 1488 3316 
n 0.72 0.85 0.63 0.83 1551 3316 
n 0.84 0.65 0.77 0.15 1551 3158 
n 0.31 0.76 0.85 0.14 1551 2953 
n 0.36 0.22 0.77 0.25 1614 2953 
n 0.46 0.53 0.17 0.13 1614 3158 
n 0.16 0.29 0.86 0.32 1614 3316 
n 0.25 0.58 0.34 0.17 1732 2851 
n 0.18 0.12 0.62 0.68 1811 3938 
n 0.22 0.83 0.13 0.83 1843 3875 
n 0.75 0.28 0.46 0.59 1913 3292 
n 0.6 0.75 0.52 0.38 1921 3394 
n 0.56 0.37 0.74 0.11 2087 3032 
n 0.8 0.4 0.76 0.26 2118 3938 
n 0.17 0.49 0.89 0.8 2150 3875 
n 0.34 0.37 0.62 0.14 2189 2867 
n 0.25 0.34 0.13 0.24 2220 2851 
n 0.12 0.87 0.18 0.51 2220 3292 
n 0.43 0.43 0.29 0.48 2228 3394 
n 0.31 0.83 0.87 0.8 2244 2804 
n 0.15 0.29 0.24 0.68 2276 2977 
n 0.23 0.86 0.28 0.59 2276 3158 
n 0.85 0.84 0.87 0.59 2276 3316 
n 0.37 0.13 0.47 0.55 2315 3316 
n 0.11 0.31 0.39 0.5 2315 3158 
n 0.72 0.25 0.76 0.25 2315 2977 
n 0.45 0.25 0.51 0.63 2331 2804 
n 0.3 0.72 0.55 0.18 2346 2977 
n 0.21 0.55 0.2 0.14 2346 3158 
n 0.11 0.66 0.62 0.46 2346 3316 
n 0.45 0.59 0.41 0.44 2362 2804 
n 0.47 0.27 0.78 0.84 2402 2819 
n 0.88 0.69 0.58 0.22 2402 2882 
n 0.38 0.25 0.13 0.5 2480 2804 
n 0.76 0.86 0.52 0.75 2496 3032 
n 0.32 0.83 0.87 0.15 2528 3938 
n 0.8 0.27 0.29 0.59 2559 3875 
n 0.47 0.65 0.88 0.14 2630 3292 
n 0.13 0.82 0.2 0.63 2638 3394 
n 0.84 0.25 0.3 0.12 2756 2731 
n 0.2 0.81 0.64 0.51 2787 2731 
n 0.48 0.3 0.44 0.55 2803 3032 
n 0.18 0.81 0.2 0.68 2835 3938 
n 0.53 0.71 0.14 0.18 2866 3875 
n 0.72 0.52 0.39 0.1 2906 2731 
n 0.22 0.35 0.24 0.61 2937 2731 
n 0.37 0.1 0.63 0.88 2937 3292 
n 0.41 0.73 0.16 0.55 2945 3394 
n 0.85 0.36 0.32 0.68 3016 3938 
n 0.17 0.67 0.84 0.18 3055 2731 
n 0.68 0.89 0.58 0.23 3087 2731 
n 0.19 0.26 0.32 0.13 606 2882 
n 0.72 0.23 0.72 0.12 1165 3032 
n 0.61 0.32 0.17 0.15 1780 3032 
n 0.25 0.87 0.44 0.55 1417 -79 
n 0.66 0.77 0.67 0.44 1496 -79 
n 0.1 0.75 0.84 0.53 1693 4055 
