t 318 5 5
n 0.47 0.43 0.79 0.58 0.48 63 71 
n 0.41 0.74 0.29 0.74 0.61 94 71 
n 0.54 0.89 0.6 0.62 0.64 142 370 
n 0.63 0.12 0.4 0.37 0.64 173 1276 
n 0.72 0.31 0.14 0.61 0.8 205 1213 
n 0.24 0.79 0.66 0.4 0.31 213 69 
n 0.17 0.64 0.64 0.6 0.53 244 69 
n 0.16 0.76 0.13 0.38 0.32 276 630 
n 0.57 0.36 0.46 0.77 0.71 283 732 
n 0.41 0.62 0.22 0.34 0.58 362 69 
n 0.82 0.8 0.5 0.84 0.48 394 69 
n 0.67 0.33 0.6 0.8 0.64 449 370 
n 0.86 0.28 0.2 0.44 0.22 480 1276 
n 0.52 0.25 0.23 0.44 0.49 512 1213 
n 0.81 0.41 0.13 0.21 0.79 528 157 
n 0.49 0.38 0.55 0.29 0.74 583 630 
n 0.7 0.43 0.86 0.24 0.32 591 732 
n 0.29 0.26 0.86 0.49 0.76 638 654 
n 0.41 0.37 0.9 0.73 0.86 638 496 
n 0.45 0.81 0.59 0.29 0.69 638 314 
n 0.79 0.36 0.33 0.41 0.16 638 142 
n 0.32 0.55 0.28 0.67 0.36 669 142 
n 0.63 0.2 0.36 0.51 0.21 677 315 
n 0.45 0.44 0.42 0.43 0.66 677 496 
n 0.89 0.52 0.76 0.67 0.86 677 654 
n 0.33 0.68 0.19 0.57 0.59 709 654 
n 0.38 0.62 0.31 0.88 0.21 709 496 
n 0.45 0.49 0.23 0.15 0.73 709 315 
n 0.38 0.2 0.22 0.19 0.3 701 142 
n 0.7 0.84 0.74 0.12 0.12 764 220 
n 0.73 0.82 0.49 0.54 0.24 811 189 
n 0.14 0.36 0.72 0.44 0.28 843 173 
n 0.42 0.63 0.76 0.79 0.12 858 370 
n 0.77 0.49 0.28 0.66 0.78 890 1276 
n 0.27 0.47 0.4 0.19 0.15 921 1213 
n 0.69 0.49 0.85 0.85 0.53 992 630 
n 0.52 0.55 0.38 0.76 0.41 1000 732 
n 0.82 0.54 0.87 0.81 0.84 1197 1276 
n 0.16 0.87 0.18 0.87 0.22 1228 1213 
n 0.59 0.37 0.22 0.66 0.81 1276 205 
n 0.49 0.15 0.55 0.84 0.61 1299 630 
n 0.74 0.13 0.83 0.69 0.87 1307 732 
n 0.8 0.38 0.15 0.35 0.82 1362 654 
n 0.64 0.37 0.16 0.57 0.72 1362 496 
n 0.7 0.28 0.63 0.26 0.43 1362 291 
n 0.26 0.84 0.34 0.53 0.11 1425 654 
n 0.46 0.55 0.86 0.85 0.8 1425 496 
n 0.36 0.14 0.48 0.17 0.41 1425 291 
n 0.86 0.34 0.49 0.69 0.39 1417 173 
n 0.16 0.8 0.27 0.32 0.25 1488 291 
n 0.28 0.5 0.71 0.8 0.29 1488 496 
n 0.85 0.87 0.23 0.71 0.59 1488 654 
n 0.73 0.89 0.88 0.28 0.61 1551 654 
n 0.59 0.9 0.71 0.59 0.57 1551 496 
n 0.89 0.44 0.69 0.2 0.83 1551 291 
n 0.51 0.41 0.43 0.68 0.31 1614 291 
n 0.67 0.53 0.53 0.58 0.89 1614 496 
n 0.86 0.55 0.83 0.29 0.33 1614 654 
n 0.27 0.88 0.11 0.69 0.87 1732 189 
n 0.82 0.29 0.63 0.8 0.53 1811 1276 
n 0.38 0.61 0.42 0.39 0.66 1843 1213 
n 0.73 0.65 0.56 0.76 0.12 1913 630 
n 0.63 0.27 0.52 0.62 0.62 1921 732 
n 0.15 0.72 0.13 0.84 0.14 2087 370 
n 0.12 0.77 0.29 0.27 0.83 2118 1276 
n 0.42 0.43 0.83 0.76 0.61 2150 1213 
n 0.21 0.51 0.59 0.29 0.39 2189 205 
n 0.4 0.32 0.35 0.73 0.56 2220 189 
n 0.85 0.82 0.12 0.44 0.67 2220 630 
n 0.56 0.49 0.41 0.58 0.22 2228 732 
n 0.47 0.68 0.87 0.73 0.17 2244 142 
n 0.12 0.53 0.28 0.31 0.44 2276 315 
n 0.71 0.51 0.48 0.79 0.59 2276 496 
n 0.61 0.63 0.5 0.73 0.71 2276 654 
n 0.41 0.27 0.44 0.64 0.71 2315 654 
n 0.17 0.43 0.55 0.34 0.59 2315 496 
n 0.1 0.22 0.55 0.38 0.12 2315 315 
n 0.79 0.46 0.64 0.49 0.62 2331 142 
n 0.84 0.18 0.34 0.49 0.7 2346 315 
n 0.58 0.5 0.28 0.38 0.48 2346 496 
n 0.81 0.74 0.85 0.1 0.2 2346 654 
n 0.82 0.71 0.43 0.29 0.85 2362 142 
n 0.89 0.12 0.89 0.69 0.86 2402 157 
n 0.78 0.16 0.51 0.36 0.25 2402 220 
n 0.81 0.87 0.39 0.47 0.22 2480 142 
n 0.81 0.38 0.71 0.81 0.17 2496 370 
n 0.71 0.51 0.56 0.36 0.18 2528 1276 
n 0.54 0.44 0.23 0.77 0.41 2559 1213 
n 0.14 0.86 0.55 0.43 0.57 2630 630 
n 0.27 0.28 0.8 0.89 0.66 2638 732 
n 0.25 0.59 0.77 0.84 0.21 2756 69 
n 0.55 0.24 0.5 0.58 0.34 2787 69 
n 0.8 0.67 0.71 0.18 0.73 2803 370 
n 0.64 0.9 0.57 0.37 0.36 2835 1276 
n 0.17 0.79 0.46 0.72 0.17 2866 1213 
n 0.22 0.34 0.77 0.57 0.18 2906 69 
n 0.32 0.12 0.14 0.48 0.87 2937 69 
n 0.47 0.23 0.63 0.53 0.18 2937 630 
n 0.82 0.43 0.72 0.37 0.53 2945 732 
n 0.34 0.13 0.18 0.54 0.59 3016 1276 
n 0.7 0.65 0.84 0.24 0.42 3055 69 
n 0.64 0.76 0.49 0.29 0.2 3087 69 
n 0.85 0.31 0.73 0.27 0.9 606 220 
n 0.48 0.42 0.83 0.26 0.59 1165 370 
n 0.45 0.54 0.37 0.54 0.52 1780 370 
n 0.79 0.21 0.15 0.83 0.65 63 1402 
n 0.29 0.48 0.18 0.9 0.43 94 1402 
n 0.26 0.77 0.44 0.16 0.85 142 1701 
n 0.1 0.78 0.74 0.55 0.46 173 2607 
n 0.41 0.12 0.33 0.88 0.86 205 2544 
n 0.78 0.19 0.69 0.66 0.7 213 1400 
n 0.5 0.42 0.81 0.75 0.38 244 1400 
n 0.5 0.83 0.12 0.24 0.33 276 1961 
n 0.11 0.73 0.41 0.26 0.87 283 2063 
n 0.15 0.2 0.83 0.56 0.14 362 1400 
n 0.3 0.75 0.7 0.67 0.66 394 1400 
n 0.12 0.73 0.35 0.28 0.33 449 1701 
n 0.61 0.82 0.14 0.62 0.83 480 2607 
n 0.64 0.55 0.16 0.66 0.83 512 2544 
n 0.78 0.32 0.77 0.83 0.11 528 1488 
n 0.76 0.74 0.51 0.46 0.78 583 1961 
n 0.77 0.25 0.2 0.13 0.19 591 2063 
n 0.11 0.33 0.42 0.5 0.46 638 1985 
n 0.71 0.82 0.65 0.89 0.45 638 1827 
n 0.52 0.28 0.46 0.81 0.86 638 1645 
n 0.11 0.56 0.32 0.29 0.56 638 1473 
n 0.57 0.75 0.59 0.14 0.71 669 1473 
n 0.32 0.4 0.65 0.18 0.57 677 1646 
n 0.27 0.71 0.45 0.29 0.8 677 1827 
n 0.8 0.48 0.42 0.82 0.24 677 1985 
n 0.84 0.84 0.23 0.84 0.3 709 1985 
n 0.17 0.11 0.27 0.59 0.69 709 1827 
n 0.58 0.64 0.5 0.78 0.51 709 1646 
n 0.87 0.12 0.53 0.67 0.18 701 1473 
n 0.75 0.54 0.55 0.47 0.5 764 1551 
n 0.47 0.36 0.88 0.32 0.26 811 1520 
n 0.31 0.77 0.64 0.74 0.3 843 1504 
n 0.14 0.23 0.85 0.66 0.77 858 1701 
n 0.47 0.79 0.36 0.69 0.66 890 2607 
n 0.64 0.81 0.76 0.81 0.88 921 2544 
n 0.59 0.7 0.57 0.42 0.46 992 1961 
n 0.15 0.66 0.65 0.35 0.77 1000 2063 
n 0.22 0.77 0.38 0.42 0.56 1197 2607 
n 0.14 0.34 0.54 0.69 0.67 1228 2544 
n 0.22 0.86 0.27 0.38 0.88 1276 1536 
n 0.41 0.59 0.34 0.62 0.62 1299 1961 
n 0.81 0.83 0.29 0.51 0.17 1307 2063 
n 0.26 0.7 0.61 0.68 0.62 1362 1985 
n 0.88 0.82 0.72 0.13 0.81 1362 1827 
n 0.84 0.55 0.54 0.31 0.22 1362 1622 
n 0.61 0.3 0.73 0.23 0.38 1425 1985 
n 0.37 0.47 0.82 0.54 0.25 1425 1827 
n 0.45 0.47 0.13 0.75 0.54 1425 1622 
n 0.5 0.63 0.53 0.27 0.57 1417 1504 
n 0.72 0.3 0.35 0.62 0.8 1488 1622 
n 0.25 0.1 0.29 0.45 0.47 1488 1827 
n 0.55 0.5 0.85 0.14 0.36 1488 1985 
n 0.33 0.65 0.53 0.33 0.36 1551 1985 
n 0.17 0.15 0.66 0.23 0.31 1551 1827 
n 0.46 0.45 0.74 0.44 0.29 1551 1622 
n 0.5 0.49 0.73 0.67 0.77 1614 1622 
n 0.59 0.8 0.36 0.19 0.23 1614 1827 
n 0.76 0.71 0.65 0.28 0.21 1614 1985 
n 0.57 0.54 0.6 0.54 0.31 1732 1520 
n 0.89 0.57 0.44 0.13 0.52 1811 2607 
n 0.7 0.53 0.15 0.3 0.34 1843 2544 
n 0.46 0.72 0.88 0.1 0.19 1913 1961 
n 0.27 0.4 0.3 0.81 0.58 1921 2063 
n 0.39 0.68 0.22 0.11 0.83 2087 1701 
n 0.43 0.21 0.24 0.38 0.9 2118 2607 
n 0.13 0.26 0.35 0.73 0.71 2150 2544 
n 0.38 0.36 0.76 0.52 0.15 2189 1536 
n 0.87 0.42 0.47 0.82 0.51 2220 1520 
n 0.18 0.2 0.59 0.61 0.8 2220 1961 
n 0.1 0.18 0.63 0.53 0.85 2228 2063 
n 0.66 0.74 0.21 0.78 0.66 2244 1473 
n 0.89 0.3 0.35 0.27 0.51 2276 1646 
n 0.17 0.34 0.67 0.26 0.82 2276 1827 
n 0.85 0.76 0.8 0.86 0.87 2276 1985 
n 0.88 0.51 0.8 0.35 0.36 2315 1985 
n 0.22 0.36 0.43 0.17 0.12 2315 1827 
n 0.54 0.72 0.51 0.65 0.81 2315 1646 
n 0.5 0.66 0.13 0.58 0.24 2331 1473 
n 0.78 0.17 0.66 0.43 0.68 2346 1646 
n 0.7 0.75 0.39 0.46 0.89 2346 1827 
n 0.34 0.12 0.46 0.39 0.12 2346 1985 
n 0.75 0.7 0.51 0.28 0.11 2362 1473 
n 0.82 0.65 0.53 0.81 0.73 2402 1488 
n 0.63 0.52 0.8 0.55 0.34 2402 1551 
n 0.46 0.46 0.65 0.47 0.84 2480 1473 
n 0.83 0.6 0.22 0.8 0.22 2496 1701 
n 0.74 0.61 0.86 0.31 0.8 2528 2607 
n 0.48 0.81 0.23 0.88 0.28 2559 2544 
n 0.8 0.75 0.1 0.23 0.13 2630 1961 
n 0.17 0.46 0.53 0.32 0.62 2638 2063 
n 0.84 0.5 0.46 0.53 0.68 2756 1400 
n 0.39 0.66 0.33 0.52 0.52 2787 1400 
n 0.15 0.83 0.82 0.43 0.16 2803 1701 
n 0.58 0.64 0.75 0.19 0.29 2835 2607 
n 0.71 0.37 0.28 0.23 0.77 2866 2544 
n 0.29 0.22 0.75 0.73 0.23 2906 1400 
n 0.15 0.16 0.34 0.69 0.11 2937 1400 
n 0.31 0.84 0.37 0.34 0.19 2937 1961 
n 0.39 0.63 0.17 0.61 0.28 2945 2063 
n 0.77 0.69 0.73 0.82 0.17 3016 2607 
n 0.84 0.76 0.59 0.44 0.7 3055 1400 
n 0.31 0.41 0.28 0.63 0.2 3087 1400 
n 0.46 0.75 0.66 0.72 0.42 606 1551 
n 0.72 0.63 0.39 0.11 0.21 1165 1701 
n 0.45 0.59 0.17 0.27 0.51 1780 1701 
n 0.66 0.2 0.89 0.57 0.44 63 2733 
n 0.85 0.88 0.53 0.32 0.36 94 2733 
n 0.11 0.24 0.35 0.12 0.58 142 3032 
n 0.31 0.71 0.46 0.14 0.67 173 3938 
n 0.49 0.7 0.14 0.81 0.86 205 3875 
n 0.49 0.32 0.58 0.66 0.31 213 2731 
n 0.67 0.25 0.13 0.63 0.4 244 2731 
n 0.57 0.36 0.45 0.64 0.45 276 3292 
n 0.82 0.6 0.31 0.68 0.74 283 3394 
n 0.67 0.54 0.71 0.74 0.76 362 2731 
n 0.39 0.24 0.83 0.76 0.19 394 2731 
n 0.5 0.59 0.82 0.8 0.26 449 3032 
n 0.16 0.49 0.36 0.27 0.51 480 3938 
n 0.43 0.78 0.2 0.82 0.69 512 3875 
n 0.25 0.61 0.25 0.57 0.55 528 2819 
n 0.11 0.11 0.58 0.6 0.47 583 3292 
n 0.41 0.75 0.31 0.2 0.65 591 3394 
n 0.75 0.41 0.31 0.57 0.1 638 3316 
n 0.51 0.24 0.3 0.9 0.44 638 3158 
n 0.65 0.47 0.28 0.68 0.29 638 2976 
n 0.19 0.2 0.62 0.51 0.81 638 2804 
n 0.19 0.87 0.31 0.48 0.51 669 2804 
n 0.76 0.7 0.81 0.3 0.49 677 2977 
n 0.76 0.24 0.58 0.62 0.13 677 3158 
n 0.72 0.26 0.24 0.11 0.65 677 3316 
n 0.48 0.49 0.77 0.72 0.4 709 3316 
n 0.22 0.19 0.5 0.35 0.6 709 3158 
n 0.3 0.37 0.15 0.54 0.48 709 2977 
n 0.19 0.44 0.48 0.69 0.45 701 2804 
n 0.53 0.39 0.19 0.45 0.45 764 2882 
n 0.86 0.54 0.52 0.6 0.55 811 2851 
n 0.6 0.33 0.15 0.87 0.25 843 2835 
n 0.12 0.57 0.78 0.72 0.82 858 3032 
n 0.16 0.88 0.62 0.39 0.45 890 3938 
n 0.76 0.83 0.46 0.63 0.63 921 3875 
n 0.66 0.28 0.78 0.75 0.77 992 3292 
n 0.44 0.26 0.76 0.8 0.77 1000 3394 
n 0.29 0.65 0.89 0.46 0.24 1197 3938 
n 0.54 0.87 0.47 0.74 0.4 1228 3875 
n 0.28 0.17 0.52 0.88 0.88 1276 2867 
n 0.22 0.75 0.35 0.86 0.26 1299 3292 
n 0.74 0.84 0.68 0.31 0.71 1307 3394 
n 0.64 0.58 0.52 0.31 0.1 1362 3316 
n 0.82 0.33 0.77 0.26 0.8 1362 3158 
n 0.86 0.65 0.62 0.31 0.58 1362 2953 
n 0.21 0.73 0.5 0.48 0.24 1425 3316 
n 0.54 0.24 0.18 0.53 0.33 1425 3158 
n 0.7 0.71 0.32 0.51 0.71 1425 2953 
n 0.81 0.79 0.52 0.34 0.69 1417 2835 
n 0.16 0.81 0.49 0.34 0.51 1488 2953 
n 0.66 0.45 0.62 0.24 0.24 1488 3158 
n 0.12 0.46 0.52 0.55 0.5 1488 3316 
n 0.79 0.77 0.1 0.68 0.49 1551 3316 
n 0.86 0.49 0.65 0.85 0.32 1551 3158 
n 0.76 0.37 0.69 0.61 0.42 1551 2953 
n 0.34 0.41 0.89 0.42 0.84 1614 2953 
n 0.7 0.76 0.85 0.86 0.37 1614 3158 
n 0.66 0.47 0.76 0.75 0.31 1614 3316 
n 0.12 0.86 0.84 0.42 0.53 1732 2851 
n 0.23 0.7 0.86 0.41 0.41 1811 3938 
n 0.83 0.41 0.25 0.75 0.53 1843 3875 
n 0.73 0.17 0.79 0.5 0.83 1913 3292 
n 0.15 0.43 0.79 0.33 0.2 1921 3394 
n 0.37 0.21 0.55 0.35 0.14 2087 3032 
n 0.28 0.33 0.27 0.18 0.9 2118 3938 
n 0.61 0.22 0.46 0.67 0.82 2150 3875 
n 0.47 0.73 0.55 0.72 0.28 2189 2867 
n 0.38 0.15 0.21 0.75 0.48 2220 2851 
n 0.38 0.69 0.83 0.6 0.13 2220 3292 
n 0.44 0.62 0.77 0.49 0.69 2228 3394 
n 0.1 0.21 0.25 0.76 0.29 2244 2804 
n 0.42 0.13 0.51 0.15 0.72 2276 2977 
n 0.69 0.16 0.25 0.81 0.46 2276 3158 
n 0.86 0.33 0.82 0.43 0.39 2276 3316 
n 0.38 0.38 0.12 0.57 0.67 2315 3316 
n 0.1 0.17 0.47 0.5 0.23 2315 3158 
n 0.68 0.77 0.55 0.16 0.89 2315 2977 
n 0.2 0.57 0.27 0.43 0.36 2331 2804 
n 0.85 0.77 0.19 0.71 0.52 2346 2977 
n 0.38 0.64 0.79 0.66 0.82 2346 3158 
n 0.3 0.68 0.67 0.13 0.57 2346 3316 
n 0.44 0.11 0.57 0.38 0.33 2362 2804 
n 0.89 0.29 0.26 0.87 0.49 2402 2819 
n 0.28 0.67 0.14 0.44 0.71 2402 2882 
n 0.72 0.54 0.67 0.74 0.48 2480 2804 
n 0.54 0.34 0.27 0.87 0.2 2496 3032 
n 0.25 0.13 0.66 0.53 0.5 2528 3938 
n 0.34 0.19 0.4 0.52 0.1 2559 3875 
n 0.81 0.6 0.73 0.53 0.69 2630 3292 
n 0.15 0.23 0.78 0.59 0.85 2638 3394 
n 0.19 0.13 0.11 0.69 0.43 2756 2731 
n 0.72 0.51 0.8 0.66 0.88 2787 2731 
n 0.56 0.56 0.73 0.73 0.74 2803 3032 
n 0.37 0.42 0.17 0.59 0.12 2835 3938 
n 0.34 0.54 0.79 0.35 0.11 2866 3875 
n 0.11 0.48 0.61 0.8 0.46 2906 2731 
n 0.37 0.15 0.73 0.55 0.56 2937 2731 
n 0.74 0.73 0.24 0.47 0.58 2937 3292 
n 0.1 0.86 0.45 0.25 0.25 2945 3394 
n 0.52 0.78 0.69 0.64 0.86 3016 3938 
n 0.22 0.27 0.4 0.33 0.15 3055 2731 
n 0.55 0.54 0.75 0.19 0.72 3087 2731 
n 0.36 0.42 0.45 0.36 0.56 606 2882 
n 0.52 0.85 0.12 0.79 0.71 1165 3032 
n 0.68 0.34 0.28 0.12 0.36 1780 3032 
n 0.75 0.65 0.41 0.71 0.63 1417 -79 
n 0.6 0.27 0.31 0.23 0.61 1496 -79 
n 0.62 0.17 0.31 0.21 0.82 1693 4055 
