t 442 20 4
n 0.89 0.87 0.78 0.23 200 400 
n 0.37 0.47 0.32 0.82 200 500 
n 0.59 0.88 0.43 0.57 200 600 
n 0.12 0.83 0.68 0.74 200 700 
n 0.43 0.43 0.38 0.36 200 800 
n 0.31 0.31 0.39 0.54 200 900 
n 0.57 0.4 0.14 0.83 200 1000 
n 0.73 0.43 0.3 0.71 200 1100 
n 0.14 0.76 0.65 0.54 200 1200 
n 0.71 0.5 0.82 0.75 200 1300 
n 0.82 0.32 0.58 0.41 200 1400 
n 0.43 0.65 0.69 0.72 200 1500 
n 0.45 0.7 0.16 0.15 200 1600 
n 0.46 0.23 0.65 0.4 200 1700 
n 0.33 0.32 0.65 0.63 200 1800 
n 0.64 0.1 0.19 0.67 200 1900 
n 0.16 0.49 0.32 0.65 200 2000 
n 0.51 0.27 0.23 0.2 200 2100 
n 0.14 0.82 0.21 0.22 200 2200 
n 0.53 0.31 0.52 0.55 200 2300 
n 0.87 0.29 0.77 0.12 200 2400 
n 0.55 0.52 0.71 0.14 200 2500 
n 0.68 0.6 0.37 0.66 200 2600 
n 0.13 0.56 0.24 0.45 200 2700 
n 0.55 0.14 0.5 0.38 200 2800 
n 0.11 0.32 0.38 0.23 200 2900 
n 0.26 0.2 0.32 0.59 200 3000 
n 0.84 0.6 0.63 0.38 200 3100 
n 0.55 0.48 0.83 0.78 200 3200 
n 0.19 0.71 0.7 0.43 200 3300 
n 0.55 0.31 0.71 0.55 200 3400 
n 0.75 0.52 0.53 0.83 200 3500 
n 0.49 0.38 0.55 0.29 200 3600 
n 0.17 0.55 0.75 0.38 300 400 
n 0.13 0.62 0.13 0.83 300 500 
n 0.79 0.42 0.78 0.2 300 600 
n 0.22 0.73 0.62 0.67 300 700 
n 0.8 0.37 0.23 0.83 300 800 
n 0.8 0.44 0.32 0.51 300 900 
n 0.47 0.72 0.28 0.76 300 1000 
n 0.17 0.31 0.68 0.63 300 1100 
n 0.7 0.81 0.36 0.49 300 1200 
n 0.62 0.77 0.3 0.1 300 1300 
n 0.64 0.7 0.15 0.6 300 1400 
n 0.33 0.87 0.44 0.35 300 1500 
n 0.23 0.74 0.51 0.22 300 1600 
n 0.56 0.41 0.13 0.16 300 1700 
n 0.75 0.17 0.37 0.14 300 1800 
n 0.63 0.42 0.23 0.44 300 1900 
n 0.5 0.31 0.27 0.24 300 2000 
n 0.23 0.55 0.73 0.15 300 2100 
n 0.15 0.74 0.11 0.77 300 2200 
n 0.53 0.29 0.69 0.82 300 2300 
n 0.72 0.51 0.49 0.23 300 2400 
n 0.74 0.79 0.46 0.86 300 2500 
n 0.33 0.33 0.56 0.57 300 2600 
n 0.9 0.13 0.25 0.19 300 2700 
n 0.54 0.31 0.31 0.89 300 2800 
n 0.3 0.73 0.54 0.12 300 2900 
n 0.56 0.18 0.12 0.67 300 3000 
n 0.22 0.32 0.27 0.67 300 3100 
n 0.86 0.66 0.46 0.8 300 3200 
n 0.68 0.68 0.43 0.72 300 3300 
n 0.69 0.5 0.78 0.47 300 3400 
n 0.75 0.65 0.43 0.67 300 3500 
n 0.33 0.12 0.63 0.66 400 400 
n 0.67 0.29 0.56 0.57 400 500 
n 0.16 0.81 0.58 0.44 400 600 
n 0.16 0.31 0.34 0.74 400 700 
n 0.22 0.59 0.16 0.35 400 800 
n 0.76 0.53 0.61 0.42 400 900 
n 0.42 0.34 0.21 0.69 400 1000 
n 0.83 0.31 0.62 0.48 400 1100 
n 0.84 0.28 0.16 0.62 400 1200 
n 0.45 0.13 0.83 0.53 400 1300 
n 0.21 0.18 0.3 0.11 400 1400 
n 0.75 0.81 0.61 0.9 400 1500 
n 0.27 0.87 0.33 0.7 400 1600 
n 0.88 0.84 0.39 0.22 400 1700 
n 0.23 0.58 0.83 0.85 400 1800 
n 0.84 0.46 0.51 0.27 400 1900 
n 0.66 0.14 0.44 0.81 400 2000 
n 0.79 0.57 0.39 0.72 400 2100 
n 0.38 0.49 0.46 0.25 400 2200 
n 0.63 0.41 0.76 0.8 400 2300 
n 0.4 0.56 0.79 0.75 400 2400 
n 0.75 0.69 0.56 0.51 400 2500 
n 0.56 0.77 0.31 0.32 400 2600 
n 0.67 0.66 0.72 0.61 400 2700 
n 0.77 0.41 0.25 0.47 400 2800 
n 0.42 0.8 0.75 0.55 400 2900 
n 0.39 0.14 0.36 0.21 400 3000 
n 0.35 0.46 0.53 0.14 400 3100 
n 0.51 0.78 0.22 0.44 400 3200 
n 0.31 0.36 0.42 0.57 400 3300 
n 0.86 0.14 0.6 0.74 400 3400 
n 0.6 0.62 0.13 0.89 400 3500 
n 0.74 0.5 0.32 0.16 400 3600 
n 0.49 0.82 0.74 0.77 500 1500 
n 0.86 0.36 0.67 0.28 500 1829 
n 0.61 0.25 0.58 0.63 500 3100 
n 0.43 0.48 0.76 0.66 600 400 
n 0.34 0.59 0.47 0.4 700 300 
n 0.22 0.72 0.22 0.21 700 600 
n 0.29 0.34 0.57 0.59 700 1500 
n 0.19 0.41 0.26 0.81 700 1600 
n 0.33 0.71 0.47 0.45 700 1800 
n 0.72 0.85 0.63 0.83 700 2100 
n 0.84 0.65 0.77 0.15 700 2400 
n 0.31 0.76 0.85 0.14 700 2700 
n 0.36 0.22 0.77 0.25 700 3000 
n 0.46 0.53 0.17 0.13 700 3300 
n 0.16 0.29 0.86 0.32 700 3600 
n 0.25 0.58 0.34 0.17 800 300 
n 0.18 0.12 0.62 0.68 800 600 
n 0.22 0.83 0.13 0.83 800 1030 
n 0.75 0.28 0.46 0.59 800 1500 
n 0.6 0.75 0.52 0.38 800 1800 
n 0.56 0.37 0.74 0.11 800 2100 
n 0.8 0.4 0.76 0.26 800 2400 
n 0.17 0.49 0.89 0.8 800 2600 
n 0.34 0.37 0.62 0.14 800 2700 
n 0.25 0.34 0.13 0.24 800 3000 
n 0.12 0.87 0.18 0.51 800 3300 
n 0.43 0.43 0.29 0.48 800 3600 
n 0.31 0.83 0.87 0.8 900 300 
n 0.15 0.29 0.24 0.68 900 600 
n 0.23 0.86 0.28 0.59 900 1500 
n 0.85 0.84 0.87 0.59 900 1800 
n 0.37 0.13 0.47 0.55 900 2100 
n 0.11 0.31 0.39 0.5 900 2400 
n 0.72 0.25 0.76 0.25 900 2700 
n 0.45 0.25 0.51 0.63 900 3000 
n 0.3 0.72 0.55 0.18 900 3300 
n 0.21 0.55 0.2 0.14 900 3600 
n 0.11 0.66 0.62 0.46 1000 300 
n 0.45 0.59 0.41 0.44 1000 600 
n 0.47 0.27 0.78 0.84 1000 1100 
n 0.88 0.69 0.58 0.22 1000 1500 
n 0.38 0.25 0.13 0.5 1000 1629 
n 0.76 0.86 0.52 0.75 1000 1800 
n 0.32 0.83 0.87 0.15 1000 2100 
n 0.8 0.27 0.29 0.59 1000 2400 
n 0.47 0.65 0.88 0.14 1000 2600 
n 0.13 0.82 0.2 0.63 1000 2700 
n 0.84 0.25 0.3 0.12 1000 3000 
n 0.2 0.81 0.64 0.51 1000 3300 
n 0.48 0.3 0.44 0.55 1000 3600 
n 0.18 0.81 0.2 0.68 1100 300 
n 0.53 0.71 0.14 0.18 1100 600 
n 0.72 0.52 0.39 0.1 1100 700 
n 0.22 0.35 0.24 0.61 1100 900 
n 0.37 0.1 0.63 0.88 1100 1500 
n 0.41 0.73 0.16 0.55 1100 1800 
n 0.85 0.36 0.32 0.68 1100 2100 
n 0.17 0.67 0.84 0.18 1100 2400 
n 0.68 0.89 0.58 0.23 1100 2700 
n 0.19 0.26 0.32 0.13 1100 3000 
n 0.72 0.23 0.72 0.12 1100 3300 
n 0.61 0.32 0.17 0.15 1100 3600 
n 0.25 0.87 0.44 0.55 1200 300 
n 0.66 0.77 0.67 0.44 1200 600 
n 0.1 0.75 0.84 0.53 1200 1500 
n 0.47 0.43 0.79 0.58 1200 1700 
n 0.48 0.41 0.74 0.29 1200 1800 
n 0.74 0.61 0.54 0.89 1200 2100 
n 0.6 0.62 0.64 0.63 1200 2400 
n 0.12 0.4 0.37 0.64 1200 2700 
n 0.72 0.31 0.14 0.61 1200 3000 
n 0.8 0.24 0.79 0.66 1200 3300 
n 0.4 0.31 0.17 0.64 1200 3600 
n 0.64 0.6 0.53 0.16 1300 300 
n 0.76 0.13 0.38 0.32 1300 600 
n 0.57 0.36 0.46 0.77 1300 700 
n 0.71 0.41 0.62 0.22 1300 1130 
n 0.34 0.58 0.82 0.8 1300 1500 
n 0.5 0.84 0.48 0.67 1300 1800 
n 0.33 0.6 0.8 0.64 1300 2100 
n 0.86 0.28 0.2 0.44 1300 2200 
n 0.22 0.52 0.25 0.23 1300 2400 
n 0.44 0.49 0.81 0.41 1300 2700 
n 0.13 0.21 0.79 0.49 1300 3000 
n 0.38 0.55 0.29 0.74 1300 3300 
n 0.7 0.43 0.86 0.24 1300 3600 
n 0.32 0.29 0.26 0.86 1400 300 
n 0.49 0.76 0.41 0.37 1400 600 
n 0.9 0.73 0.86 0.45 1400 930 
n 0.81 0.59 0.29 0.69 1400 1500 
n 0.79 0.36 0.33 0.41 1400 1800 
n 0.16 0.32 0.55 0.28 1400 2000 
n 0.67 0.36 0.63 0.2 1400 2100 
n 0.36 0.51 0.21 0.45 1400 2400 
n 0.44 0.42 0.43 0.66 1400 2500 
n 0.89 0.52 0.76 0.67 1400 2700 
n 0.86 0.33 0.68 0.19 1400 2820 
n 0.57 0.59 0.38 0.62 1400 2900 
n 0.31 0.88 0.21 0.45 1400 3000 
n 0.49 0.23 0.15 0.73 1400 3300 
n 0.38 0.2 0.22 0.19 1400 3600 
n 0.3 0.7 0.84 0.74 1500 1500 
n 0.12 0.12 0.73 0.82 1500 1800 
n 0.49 0.54 0.24 0.14 1500 1900 
n 0.36 0.72 0.44 0.28 1500 2100 
n 0.42 0.63 0.76 0.79 1500 2400 
n 0.12 0.77 0.49 0.28 1500 2700 
n 0.66 0.78 0.27 0.47 1500 2800 
n 0.4 0.19 0.15 0.69 1500 2860 
n 0.49 0.85 0.85 0.53 1500 3000 
n 0.52 0.55 0.38 0.76 1500 3300 
n 0.41 0.82 0.54 0.87 1500 3600 
n 0.81 0.84 0.16 0.87 1600 1100 
n 0.18 0.87 0.22 0.59 1600 1300 
n 0.37 0.22 0.66 0.81 1600 1500 
n 0.49 0.15 0.55 0.84 1600 1800 
n 0.61 0.74 0.13 0.83 1600 2100 
n 0.69 0.87 0.8 0.38 1600 2400 
n 0.15 0.35 0.82 0.64 1600 2700 
n 0.37 0.16 0.57 0.72 1600 3000 
n 0.7 0.28 0.63 0.26 1600 3300 
n 0.43 0.26 0.84 0.34 1600 3600 
n 0.53 0.11 0.46 0.55 1700 1200 
n 0.86 0.85 0.8 0.36 1700 1500 
n 0.14 0.48 0.17 0.41 1700 1800 
n 0.86 0.34 0.49 0.69 1700 2100 
n 0.39 0.16 0.8 0.27 1700 2400 
n 0.32 0.25 0.28 0.5 1700 3600 
n 0.71 0.8 0.29 0.85 1800 300 
n 0.87 0.23 0.71 0.59 1800 600 
n 0.73 0.89 0.88 0.28 1800 1230 
n 0.61 0.59 0.9 0.71 1800 1500 
n 0.59 0.57 0.89 0.44 1800 1800 
n 0.69 0.2 0.83 0.51 1800 2100 
n 0.41 0.43 0.68 0.31 1800 2400 
n 0.67 0.53 0.53 0.58 1900 300 
n 0.89 0.86 0.55 0.83 1900 600 
n 0.29 0.33 0.27 0.88 1900 3000 
n 0.11 0.69 0.87 0.82 1900 3520 
n 0.29 0.63 0.8 0.53 2000 300 
n 0.38 0.61 0.42 0.39 2000 370 
n 0.66 0.73 0.65 0.56 2000 600 
n 0.76 0.12 0.63 0.27 2000 800 
n 0.52 0.62 0.62 0.15 2000 900 
n 0.72 0.13 0.84 0.14 2000 1000 
n 0.12 0.77 0.29 0.27 2000 1100 
n 0.83 0.42 0.43 0.83 2000 1200 
n 0.76 0.61 0.21 0.51 2000 1300 
n 0.59 0.29 0.39 0.4 2000 1400 
n 0.32 0.35 0.73 0.56 2000 1500 
n 0.85 0.82 0.12 0.44 2000 1600 
n 0.67 0.56 0.49 0.41 2000 1700 
n 0.58 0.22 0.47 0.68 2000 1800 
n 0.87 0.73 0.17 0.12 2000 1900 
n 0.53 0.28 0.31 0.44 2000 2000 
n 0.71 0.51 0.48 0.79 2000 2100 
n 0.59 0.61 0.63 0.5 2000 2200 
n 0.73 0.71 0.41 0.27 2000 2300 
n 0.44 0.64 0.71 0.17 2000 2400 
n 0.43 0.55 0.34 0.59 2000 2500 
n 0.1 0.22 0.55 0.38 2000 2600 
n 0.12 0.79 0.46 0.64 2000 2700 
n 0.49 0.62 0.84 0.18 2000 2800 
n 0.34 0.49 0.7 0.58 2000 2900 
n 0.5 0.28 0.38 0.48 2000 3000 
n 0.81 0.74 0.85 0.1 2000 3100 
n 0.2 0.82 0.71 0.43 2000 3500 
n 0.29 0.85 0.89 0.12 2100 300 
n 0.89 0.69 0.86 0.78 2100 600 
n 0.16 0.51 0.36 0.25 2100 3200 
n 0.81 0.87 0.39 0.47 2200 300 
n 0.22 0.81 0.38 0.71 2200 469 
n 0.81 0.17 0.71 0.51 2200 600 
n 0.56 0.36 0.18 0.54 2200 3200 
n 0.44 0.23 0.77 0.41 2300 300 
n 0.14 0.86 0.55 0.43 2300 600 
n 0.57 0.27 0.28 0.8 2300 3400 
n 0.89 0.66 0.25 0.59 2400 300 
n 0.77 0.84 0.21 0.55 2400 600 
n 0.24 0.5 0.58 0.34 2400 2100 
n 0.8 0.67 0.71 0.18 2500 300 
n 0.73 0.64 0.9 0.57 2500 800 
n 0.37 0.36 0.17 0.79 2600 400 
n 0.46 0.72 0.17 0.22 2600 500 
n 0.34 0.77 0.57 0.18 2600 800 
n 0.32 0.12 0.14 0.48 2600 900 
n 0.87 0.47 0.23 0.63 2600 1000 
n 0.53 0.18 0.82 0.43 2600 1100 
n 0.72 0.37 0.53 0.34 2600 1200 
n 0.13 0.18 0.54 0.59 2600 1300 
n 0.7 0.65 0.84 0.24 2600 1400 
n 0.42 0.64 0.76 0.49 2600 1500 
n 0.29 0.2 0.85 0.31 2600 1600 
n 0.73 0.27 0.9 0.48 2600 1700 
n 0.42 0.83 0.26 0.59 2600 1800 
n 0.45 0.54 0.37 0.54 2600 1900 
n 0.52 0.79 0.21 0.15 2600 2000 
n 0.83 0.65 0.29 0.48 2600 2100 
n 0.18 0.9 0.43 0.26 2600 2200 
n 0.77 0.44 0.16 0.85 2600 2300 
n 0.1 0.78 0.74 0.55 2600 2400 
n 0.46 0.41 0.12 0.33 2600 2500 
n 0.88 0.86 0.78 0.19 2600 2600 
n 0.69 0.66 0.7 0.5 2600 2700 
n 0.42 0.81 0.75 0.38 2600 2800 
n 0.5 0.83 0.12 0.24 2600 2900 
n 0.33 0.11 0.73 0.41 2600 3000 
n 0.26 0.87 0.15 0.2 2600 3100 
n 0.83 0.56 0.14 0.3 2600 3400 
n 0.75 0.7 0.67 0.66 2700 700 
n 0.12 0.73 0.35 0.28 2700 800 
n 0.33 0.61 0.82 0.14 2700 900 
n 0.62 0.83 0.64 0.55 2700 1000 
n 0.16 0.66 0.83 0.78 2700 1100 
n 0.32 0.77 0.83 0.11 2700 1200 
n 0.76 0.74 0.51 0.46 2700 1300 
n 0.78 0.77 0.25 0.2 2700 1400 
n 0.13 0.19 0.11 0.33 2700 1500 
n 0.42 0.5 0.46 0.71 2700 1600 
n 0.82 0.65 0.89 0.45 2700 1700 
n 0.52 0.28 0.46 0.81 2700 1800 
n 0.86 0.11 0.56 0.32 2700 1900 
n 0.29 0.56 0.57 0.75 2700 2000 
n 0.59 0.14 0.71 0.32 2700 2100 
n 0.4 0.65 0.18 0.57 2700 2200 
n 0.27 0.71 0.45 0.29 2700 2300 
n 0.8 0.8 0.48 0.42 2700 2500 
n 0.82 0.24 0.84 0.84 2700 2600 
n 0.23 0.84 0.3 0.17 2700 2700 
n 0.11 0.27 0.59 0.69 2700 2800 
n 0.58 0.64 0.5 0.78 2700 2900 
n 0.51 0.87 0.12 0.53 2700 3000 
n 0.67 0.18 0.75 0.54 2700 3100 
n 0.55 0.47 0.5 0.47 2700 3200 
n 0.36 0.88 0.32 0.26 2700 3300 
n 0.31 0.77 0.64 0.74 2700 3400 
n 0.3 0.14 0.23 0.85 2700 3500 
n 0.66 0.77 0.47 0.79 2700 3600 
n 0.36 0.69 0.66 0.64 2700 3700 
n 0.81 0.76 0.81 0.88 2700 3800 
n 0.59 0.7 0.57 0.42 2800 900 
n 0.46 0.15 0.66 0.65 2800 1130 
n 0.35 0.77 0.22 0.77 2900 400 
n 0.38 0.42 0.56 0.14 2900 500 
n 0.34 0.54 0.69 0.67 2900 1400 
n 0.22 0.86 0.27 0.38 2900 2400 
n 0.88 0.41 0.59 0.34 2900 3000 
n 0.62 0.62 0.81 0.83 3000 700 
n 0.29 0.51 0.17 0.26 3000 800 
n 0.7 0.61 0.68 0.62 3000 900 
n 0.88 0.82 0.72 0.13 3000 1000 
n 0.81 0.84 0.55 0.54 3000 1100 
n 0.31 0.22 0.61 0.3 3000 1200 
n 0.73 0.23 0.38 0.37 3000 1300 
n 0.47 0.82 0.54 0.25 3000 1500 
n 0.45 0.47 0.13 0.75 3000 1600 
n 0.54 0.5 0.63 0.53 3000 1700 
n 0.27 0.57 0.72 0.3 3000 1800 
n 0.35 0.62 0.8 0.25 3000 1900 
n 0.1 0.29 0.45 0.47 3000 2000 
n 0.55 0.5 0.85 0.14 3000 2100 
n 0.36 0.33 0.65 0.53 3000 2200 
n 0.33 0.36 0.17 0.15 3000 2300 
n 0.66 0.23 0.31 0.46 3000 2500 
n 0.45 0.74 0.44 0.29 3000 2600 
n 0.5 0.49 0.73 0.67 3000 2700 
n 0.77 0.59 0.8 0.36 3000 2800 
n 0.19 0.23 0.76 0.71 3000 2900 
n 0.65 0.28 0.21 0.57 3000 3000 
n 0.54 0.6 0.54 0.31 3000 3100 
n 0.89 0.57 0.44 0.13 3000 3200 
n 0.52 0.7 0.53 0.15 3000 3300 
n 0.3 0.34 0.46 0.72 3000 3400 
n 0.88 0.1 0.19 0.27 3000 3500 
n 0.4 0.3 0.81 0.58 3000 3600 
n 0.39 0.68 0.22 0.11 3000 3700 
n 0.83 0.43 0.21 0.24 3000 3800 
n 0.38 0.9 0.13 0.26 150 3500 
n 0.35 0.73 0.71 0.38 150 3550 
n 0.36 0.76 0.52 0.15 469 2550 
n 0.87 0.42 0.47 0.82 469 3350 
n 0.51 0.18 0.2 0.59 469 3450 
n 0.61 0.8 0.1 0.18 540 2330 
n 0.63 0.53 0.85 0.66 540 2430 
n 0.74 0.21 0.78 0.66 620 3650 
n 0.89 0.3 0.35 0.27 620 3709 
n 0.51 0.17 0.34 0.67 750 2550 
n 0.26 0.82 0.85 0.76 850 520 
n 0.8 0.86 0.87 0.88 850 700 
n 0.51 0.8 0.35 0.36 850 2280 
n 0.22 0.36 0.43 0.17 939 740 
n 0.12 0.54 0.72 0.51 950 2220 
n 0.65 0.81 0.5 0.66 910 2600 
n 0.13 0.58 0.24 0.78 1050 1050 
n 0.17 0.66 0.43 0.68 1150 1350 
n 0.7 0.75 0.39 0.46 1170 2280 
n 0.89 0.34 0.12 0.46 1220 2210 
n 0.39 0.12 0.75 0.7 1350 750 
n 0.51 0.28 0.11 0.82 1350 1700 
n 0.65 0.53 0.81 0.73 1350 2140 
n 0.63 0.52 0.8 0.55 1450 770 
n 0.34 0.46 0.46 0.65 1550 300 
n 0.47 0.84 0.83 0.6 1550 500 
n 0.22 0.8 0.22 0.74 1550 1850 
n 0.61 0.86 0.31 0.8 1650 1050 
n 0.48 0.81 0.23 0.88 1690 2680 
n 0.28 0.8 0.75 0.1 1710 310 
n 0.23 0.13 0.17 0.46 1710 510 
n 0.53 0.32 0.62 0.84 1750 750 
n 0.5 0.46 0.53 0.68 1790 2580 
n 0.39 0.66 0.33 0.52 1720 2610 
n 0.52 0.15 0.83 0.82 1790 3330 
n 0.43 0.16 0.58 0.64 1720 3409 
n 0.75 0.19 0.29 0.71 1829 2700 
n 0.37 0.28 0.23 0.77 1829 2800 
n 0.29 0.22 0.75 0.73 1829 3450 
n 0.23 0.15 0.16 0.34 2060 1650 
n 0.69 0.11 0.31 0.84 2050 3150 
n 0.37 0.34 0.19 0.39 2170 1900 
n 0.63 0.17 0.61 0.28 2110 2000 
n 0.77 0.69 0.73 0.82 2120 2750 
n 0.17 0.84 0.76 0.59 2150 3250 
n 0.44 0.7 0.31 0.41 2290 1400 
n 0.28 0.63 0.2 0.46 2220 2820 
n 0.75 0.66 0.72 0.42 2280 3250 
n 0.72 0.63 0.39 0.11 2390 1300 
n 0.21 0.45 0.59 0.17 2320 1500 
n 0.27 0.51 0.66 0.2 2450 710 
n 0.89 0.57 0.44 0.85 2620 3650 
n 0.88 0.53 0.32 0.36 2750 520 
n 0.11 0.24 0.35 0.12 2760 2360 
n 0.58 0.31 0.71 0.46 2850 2200 
n 0.14 0.67 0.49 0.7 2850 2700 
n 0.14 0.81 0.86 0.49 2850 3350 
n 0.32 0.58 0.66 0.31 2930 950 
n 0.67 0.25 0.13 0.63 2950 1750 
n 0.4 0.57 0.36 0.45 2950 2050 
n 0.64 0.45 0.82 0.6 520 3200 
n 0.31 0.68 0.74 0.67 2300 3500 
n 0.54 0.71 0.74 0.76 2320 3150 
n 0.39 0.24 0.83 0.76 530 2100 
n 0.19 0.5 0.59 0.82 2550 710 
n 0.8 0.26 0.16 0.49 750 490 
n 0.36 0.27 0.51 0.43 0 0 
