t 442 10 3
n 0.87 0.19 0.71 200 400 
n 0.23 0.15 0.61 200 500 
n 0.62 0.68 0.79 200 600 
n 0.35 0.82 0.72 200 700 
n 0.71 0.42 0.46 200 800 
n 0.33 0.61 0.21 200 900 
n 0.64 0.66 0.52 200 1000 
n 0.77 0.31 0.48 200 1100 
n 0.43 0.51 0.72 200 1200 
n 0.32 0.84 0.85 200 1300 
n 0.88 0.38 0.29 200 1400 
n 0.27 0.73 0.61 200 1500 
n 0.41 0.62 0.59 200 1600 
n 0.77 0.41 0.54 200 1700 
n 0.24 0.71 0.19 200 1800 
n 0.84 0.27 0.18 200 1900 
n 0.77 0.19 0.52 200 2000 
n 0.4 0.46 0.3 200 2100 
n 0.56 0.14 0.58 200 2200 
n 0.11 0.51 0.8 200 2300 
n 0.19 0.39 0.57 200 2400 
n 0.7 0.62 0.45 200 2500 
n 0.45 0.44 0.66 200 2600 
n 0.68 0.7 0.37 200 2700 
n 0.53 0.49 0.48 200 2800 
n 0.34 0.49 0.86 200 2900 
n 0.38 0.11 0.8 200 3000 
n 0.41 0.86 0.76 200 3100 
n 0.49 0.21 0.24 200 3200 
n 0.6 0.16 0.33 200 3300 
n 0.16 0.23 0.68 200 3400 
n 0.72 0.89 0.5 200 3500 
n 0.34 0.73 0.32 200 3600 
n 0.12 0.72 0.83 300 400 
n 0.3 0.9 0.14 300 500 
n 0.16 0.76 0.86 300 600 
n 0.46 0.28 0.21 300 700 
n 0.88 0.71 0.72 300 800 
n 0.62 0.65 0.52 300 900 
n 0.21 0.16 0.27 300 1000 
n 0.69 0.2 0.7 300 1100 
n 0.85 0.58 0.18 300 1200 
n 0.15 0.27 0.64 300 1300 
n 0.31 0.16 0.65 300 1400 
n 0.23 0.82 0.42 300 1500 
n 0.13 0.83 0.13 300 1600 
n 0.37 0.36 0.47 300 1700 
n 0.5 0.3 0.39 300 1800 
n 0.45 0.5 0.3 300 1900 
n 0.71 0.13 0.83 300 2000 
n 0.41 0.65 0.72 300 2100 
n 0.78 0.29 0.63 300 2200 
n 0.85 0.52 0.51 300 2300 
n 0.74 0.24 0.49 300 2400 
n 0.4 0.73 0.16 300 2500 
n 0.76 0.1 0.86 300 2600 
n 0.47 0.34 0.49 300 2700 
n 0.49 0.53 0.33 300 2800 
n 0.55 0.23 0.42 300 2900 
n 0.11 0.67 0.41 300 3000 
n 0.35 0.58 0.12 300 3100 
n 0.22 0.5 0.14 300 3200 
n 0.26 0.31 0.25 300 3300 
n 0.68 0.2 0.64 300 3400 
n 0.44 0.44 0.11 300 3500 
n 0.44 0.76 0.44 400 400 
n 0.21 0.21 0.19 400 500 
n 0.66 0.7 0.42 400 600 
n 0.67 0.22 0.78 400 700 
n 0.5 0.87 0.22 400 800 
n 0.57 0.62 0.4 400 900 
n 0.51 0.59 0.11 400 1000 
n 0.8 0.87 0.49 400 1100 
n 0.69 0.76 0.28 400 1200 
n 0.28 0.61 0.39 400 1300 
n 0.64 0.56 0.89 400 1400 
n 0.4 0.62 0.13 400 1500 
n 0.29 0.52 0.59 400 1600 
n 0.65 0.26 0.52 400 1700 
n 0.63 0.42 0.87 400 1800 
n 0.36 0.64 0.39 400 1900 
n 0.11 0.54 0.55 400 2000 
n 0.66 0.52 0.33 400 2100 
n 0.72 0.29 0.8 400 2200 
n 0.64 0.42 0.45 400 2300 
n 0.46 0.16 0.31 400 2400 
n 0.86 0.36 0.52 400 2500 
n 0.4 0.15 0.87 400 2600 
n 0.58 0.31 0.13 400 2700 
n 0.52 0.72 0.25 400 2800 
n 0.78 0.85 0.84 400 2900 
n 0.72 0.58 0.14 400 3000 
n 0.59 0.41 0.46 400 3100 
n 0.66 0.42 0.61 400 3200 
n 0.24 0.87 0.74 400 3300 
n 0.77 0.71 0.68 400 3400 
n 0.86 0.74 0.25 400 3500 
n 0.6 0.84 0.39 400 3600 
n 0.31 0.78 0.16 500 1500 
n 0.16 0.24 0.58 500 1829 
n 0.34 0.23 0.71 500 3100 
n 0.27 0.1 0.39 600 400 
n 0.81 0.28 0.29 700 300 
n 0.64 0.33 0.39 700 600 
n 0.86 0.59 0.86 700 1500 
n 0.65 0.84 0.69 700 1600 
n 0.33 0.88 0.14 700 1800 
n 0.59 0.47 0.78 700 2100 
n 0.75 0.68 0.42 700 2400 
n 0.21 0.43 0.69 700 2700 
n 0.51 0.75 0.22 700 3000 
n 0.15 0.43 0.32 700 3300 
n 0.76 0.44 0.72 700 3600 
n 0.73 0.29 0.21 800 300 
n 0.81 0.32 0.47 800 600 
n 0.83 0.14 0.68 800 1030 
n 0.9 0.21 0.2 800 1500 
n 0.69 0.2 0.85 800 1800 
n 0.78 0.62 0.59 800 2100 
n 0.55 0.14 0.37 800 2400 
n 0.55 0.56 0.58 800 2600 
n 0.65 0.4 0.43 800 2700 
n 0.73 0.62 0.13 800 3000 
n 0.8 0.58 0.76 800 3300 
n 0.58 0.58 0.73 800 3600 
n 0.57 0.73 0.25 900 300 
n 0.74 0.17 0.47 900 600 
n 0.42 0.55 0.53 900 1500 
n 0.84 0.42 0.59 900 1800 
n 0.84 0.32 0.72 900 2100 
n 0.9 0.39 0.54 900 2400 
n 0.17 0.2 0.31 900 2700 
n 0.56 0.7 0.77 900 3000 
n 0.59 0.21 0.78 900 3300 
n 0.76 0.21 0.19 900 3600 
n 0.77 0.71 0.39 1000 300 
n 0.78 0.53 0.53 1000 600 
n 0.3 0.13 0.37 1000 1100 
n 0.17 0.4 0.62 1000 1500 
n 0.71 0.33 0.74 1000 1629 
n 0.3 0.12 0.15 1000 1800 
n 0.72 0.44 0.56 1000 2100 
n 0.76 0.7 0.68 1000 2400 
n 0.52 0.37 0.6 1000 2600 
n 0.61 0.17 0.36 1000 2700 
n 0.26 0.4 0.57 1000 3000 
n 0.74 0.62 0.85 1000 3300 
n 0.42 0.33 0.65 1000 3600 
n 0.28 0.44 0.1 1100 300 
n 0.26 0.59 0.28 1100 600 
n 0.26 0.26 0.26 1100 700 
n 0.45 0.8 0.63 1100 900 
n 0.84 0.75 0.44 1100 1500 
n 0.3 0.89 0.43 1100 1800 
n 0.36 0.13 0.88 1100 2100 
n 0.8 0.31 0.76 1100 2400 
n 0.66 0.38 0.71 1100 2700 
n 0.35 0.2 0.41 1100 3000 
n 0.26 0.56 0.83 1100 3300 
n 0.72 0.69 0.55 1100 3600 
n 0.79 0.59 0.51 1200 300 
n 0.23 0.45 0.81 1200 600 
n 0.86 0.42 0.72 1200 1500 
n 0.87 0.41 0.69 1200 1700 
n 0.51 0.23 0.41 1200 1800 
n 0.17 0.71 0.37 1200 2100 
n 0.24 0.54 0.58 1200 2400 
n 0.36 0.12 0.27 1200 2700 
n 0.17 0.76 0.12 1200 3000 
n 0.3 0.68 0.11 1200 3300 
n 0.5 0.72 0.53 1200 3600 
n 0.33 0.8 0.83 1300 300 
n 0.46 0.66 0.32 1300 600 
n 0.75 0.45 0.67 1300 700 
n 0.81 0.13 0.41 1300 1130 
n 0.5 0.38 0.16 1300 1500 
n 0.65 0.58 0.24 1300 1800 
n 0.38 0.79 0.16 1300 2100 
n 0.4 0.83 0.84 1300 2200 
n 0.43 0.72 0.18 1300 2400 
n 0.26 0.54 0.75 1300 2700 
n 0.24 0.37 0.14 1300 3000 
n 0.27 0.7 0.19 1300 3300 
n 0.79 0.82 0.18 1300 3600 
n 0.89 0.34 0.8 1400 300 
n 0.84 0.31 0.69 1400 600 
n 0.85 0.6 0.63 1400 930 
n 0.84 0.87 0.23 1400 1500 
n 0.44 0.56 0.74 1400 1800 
n 0.44 0.17 0.54 1400 2000 
n 0.13 0.32 0.11 1400 2100 
n 0.3 0.15 0.65 1400 2400 
n 0.32 0.48 0.55 1400 2500 
n 0.8 0.79 0.78 1400 2700 
n 0.6 0.77 0.62 1400 2820 
n 0.39 0.54 0.22 1400 2900 
n 0.1 0.37 0.72 1400 3000 
n 0.87 0.61 0.55 1400 3300 
n 0.33 0.46 0.28 1400 3600 
n 0.76 0.35 0.76 1500 1500 
n 0.4 0.62 0.38 1500 1800 
n 0.83 0.61 0.21 1500 1900 
n 0.38 0.58 0.76 1500 2100 
n 0.62 0.71 0.88 1500 2400 
n 0.39 0.78 0.33 1500 2700 
n 0.71 0.55 0.51 1500 2800 
n 0.48 0.52 0.25 1500 2860 
n 0.88 0.62 0.75 1500 3000 
n 0.71 0.84 0.19 1500 3300 
n 0.4 0.85 0.34 1500 3600 
n 0.4 0.24 0.89 1600 1100 
n 0.22 0.88 0.43 1600 1300 
n 0.27 0.23 0.38 1600 1500 
n 0.32 0.87 0.82 1600 1800 
n 0.35 0.62 0.18 1600 2100 
n 0.52 0.67 0.43 1600 2400 
n 0.11 0.24 0.65 1600 2700 
n 0.15 0.21 0.16 1600 3000 
n 0.56 0.33 0.8 1600 3300 
n 0.83 0.42 0.72 1600 3600 
n 0.8 0.16 0.74 1700 1200 
n 0.32 0.47 0.29 1700 1500 
n 0.53 0.52 0.83 1700 1800 
n 0.3 0.77 0.66 1700 2100 
n 0.36 0.14 0.79 1700 2400 
n 0.6 0.49 0.44 1700 3600 
n 0.26 0.5 0.59 1800 300 
n 0.86 0.34 0.45 1800 600 
n 0.79 0.65 0.77 1800 1230 
n 0.31 0.59 0.37 1800 1500 
n 0.71 0.25 0.21 1800 1800 
n 0.17 0.52 0.25 1800 2100 
n 0.15 0.19 0.1 1800 2400 
n 0.57 0.87 0.54 1900 300 
n 0.56 0.62 0.18 1900 600 
n 0.23 0.83 0.17 1900 3000 
n 0.73 0.41 0.88 1900 3520 
n 0.34 0.22 0.84 2000 300 
n 0.22 0.23 0.15 2000 370 
n 0.64 0.24 0.74 2000 600 
n 0.79 0.31 0.13 2000 800 
n 0.53 0.48 0.81 2000 900 
n 0.23 0.3 0.23 2000 1000 
n 0.74 0.52 0.81 2000 1100 
n 0.62 0.33 0.2 2000 1200 
n 0.47 0.69 0.6 2000 1300 
n 0.22 0.45 0.4 2000 1400 
n 0.26 0.23 0.5 2000 1500 
n 0.2 0.85 0.67 2000 1600 
n 0.72 0.84 0.81 2000 1700 
n 0.44 0.86 0.53 2000 1800 
n 0.15 0.18 0.62 2000 1900 
n 0.61 0.32 0.25 2000 2000 
n 0.55 0.57 0.32 2000 2100 
n 0.84 0.79 0.24 2000 2200 
n 0.82 0.23 0.1 2000 2300 
n 0.19 0.9 0.55 2000 2400 
n 0.51 0.24 0.56 2000 2500 
n 0.77 0.65 0.2 2000 2600 
n 0.67 0.56 0.53 2000 2700 
n 0.76 0.49 0.44 2000 2800 
n 0.67 0.79 0.3 2000 2900 
n 0.19 0.72 0.31 2000 3000 
n 0.58 0.73 0.19 2000 3100 
n 0.86 0.4 0.14 2000 3500 
n 0.86 0.26 0.13 2100 300 
n 0.25 0.69 0.49 2100 600 
n 0.49 0.67 0.24 2100 3200 
n 0.34 0.63 0.77 2200 300 
n 0.57 0.4 0.72 2200 469 
n 0.42 0.89 0.85 2200 600 
n 0.4 0.11 0.58 2200 3200 
n 0.8 0.77 0.18 2300 300 
n 0.19 0.39 0.68 2300 600 
n 0.26 0.13 0.48 2300 3400 
n 0.59 0.42 0.4 2400 300 
n 0.7 0.79 0.52 2400 600 
n 0.32 0.74 0.65 2400 2100 
n 0.26 0.64 0.22 2500 300 
n 0.41 0.3 0.13 2500 800 
n 0.27 0.65 0.64 2600 400 
n 0.61 0.42 0.33 2600 500 
n 0.17 0.38 0.27 2600 800 
n 0.57 0.36 0.51 2600 900 
n 0.43 0.26 0.24 2600 1000 
n 0.76 0.78 0.63 2600 1100 
n 0.11 0.28 0.15 2600 1200 
n 0.29 0.48 0.46 2600 1300 
n 0.78 0.79 0.72 2600 1400 
n 0.11 0.23 0.43 2600 1500 
n 0.88 0.38 0.39 2600 1600 
n 0.89 0.32 0.4 2600 1700 
n 0.19 0.28 0.86 2600 1800 
n 0.18 0.2 0.8 2600 1900 
n 0.64 0.81 0.73 2600 2000 
n 0.27 0.21 0.84 2600 2100 
n 0.45 0.64 0.88 2600 2200 
n 0.61 0.73 0.55 2600 2300 
n 0.23 0.23 0.41 2600 2400 
n 0.19 0.86 0.26 2600 2500 
n 0.43 0.18 0.6 2600 2600 
n 0.16 0.61 0.14 2600 2700 
n 0.77 0.57 0.63 2600 2800 
n 0.37 0.17 0.46 2600 2900 
n 0.19 0.23 0.83 2600 3000 
n 0.67 0.85 0.71 2600 3100 
n 0.46 0.39 0.67 2600 3400 
n 0.79 0.67 0.18 2700 700 
n 0.42 0.66 0.57 2700 800 
n 0.76 0.14 0.36 2700 900 
n 0.32 0.85 0.75 2700 1000 
n 0.35 0.33 0.89 2700 1100 
n 0.46 0.62 0.81 2700 1200 
n 0.89 0.72 0.11 2700 1300 
n 0.89 0.22 0.34 2700 1400 
n 0.73 0.19 0.79 2700 1500 
n 0.11 0.76 0.6 2700 1600 
n 0.52 0.56 0.51 2700 1700 
n 0.8 0.13 0.56 2700 1800 
n 0.19 0.62 0.81 2700 1900 
n 0.74 0.35 0.29 2700 2000 
n 0.62 0.75 0.71 2700 2100 
n 0.88 0.86 0.69 2700 2200 
n 0.75 0.4 0.65 2700 2300 
n 0.58 0.79 0.62 2700 2500 
n 0.71 0.45 0.87 2700 2600 
n 0.21 0.42 0.28 2700 2700 
n 0.45 0.54 0.26 2700 2800 
n 0.37 0.52 0.2 2700 2900 
n 0.71 0.72 0.5 2700 3000 
n 0.32 0.76 0.7 2700 3100 
n 0.55 0.77 0.62 2700 3200 
n 0.34 0.63 0.5 2700 3300 
n 0.11 0.31 0.44 2700 3400 
n 0.14 0.41 0.41 2700 3500 
n 0.35 0.84 0.28 2700 3600 
n 0.61 0.34 0.55 2700 3700 
n 0.65 0.7 0.9 2700 3800 
n 0.55 0.42 0.22 2800 900 
n 0.6 0.64 0.68 2800 1130 
n 0.41 0.66 0.27 2900 400 
n 0.22 0.74 0.34 2900 500 
n 0.32 0.22 0.38 2900 1400 
n 0.56 0.82 0.41 2900 2400 
n 0.72 0.87 0.1 2900 3000 
n 0.21 0.87 0.33 3000 700 
n 0.28 0.29 0.39 3000 800 
n 0.25 0.53 0.16 3000 900 
n 0.83 0.16 0.53 3000 1000 
n 0.68 0.28 0.63 3000 1100 
n 0.26 0.34 0.56 3000 1200 
n 0.47 0.15 0.56 3000 1300 
n 0.6 0.6 0.73 3000 1500 
n 0.74 0.71 0.76 3000 1600 
n 0.69 0.26 0.18 3000 1700 
n 0.63 0.41 0.7 3000 1800 
n 0.19 0.83 0.76 3000 1900 
n 0.39 0.7 0.21 3000 2000 
n 0.73 0.47 0.1 3000 2100 
n 0.87 0.5 0.85 3000 2200 
n 0.83 0.37 0.54 3000 2300 
n 0.78 0.78 0.37 3000 2500 
n 0.69 0.85 0.11 3000 2600 
n 0.44 0.6 0.74 3000 2700 
n 0.56 0.2 0.51 3000 2800 
n 0.42 0.6 0.71 3000 2900 
n 0.34 0.5 0.82 3000 3000 
n 0.51 0.29 0.17 3000 3100 
n 0.58 0.86 0.83 3000 3200 
n 0.87 0.51 0.19 3000 3300 
n 0.3 0.42 0.14 3000 3400 
n 0.18 0.84 0.76 3000 3500 
n 0.29 0.75 0.68 3000 3600 
n 0.61 0.41 0.72 3000 3700 
n 0.66 0.21 0.46 3000 3800 
n 0.3 0.31 0.2 150 3500 
n 0.22 0.27 0.4 150 3550 
n 0.41 0.25 0.42 469 2550 
n 0.53 0.23 0.81 469 3350 
n 0.66 0.44 0.79 469 3450 
n 0.82 0.11 0.42 540 2330 
n 0.23 0.7 0.51 540 2430 
n 0.19 0.52 0.41 620 3650 
n 0.14 0.43 0.48 620 3709 
n 0.19 0.76 0.31 750 2550 
n 0.51 0.6 0.47 850 520 
n 0.47 0.11 0.11 850 700 
n 0.14 0.23 0.73 850 2280 
n 0.61 0.18 0.72 939 740 
n 0.17 0.32 0.16 950 2220 
n 0.34 0.85 0.88 910 2600 
n 0.31 0.62 0.55 1050 1050 
n 0.46 0.82 0.23 1150 1350 
n 0.18 0.41 0.88 1170 2280 
n 0.32 0.52 0.41 1220 2210 
n 0.59 0.61 0.7 1350 750 
n 0.65 0.37 0.11 1350 1700 
n 0.28 0.57 0.76 1350 2140 
n 0.87 0.23 0.72 1450 770 
n 0.69 0.51 0.78 1550 300 
n 0.57 0.83 0.16 1550 500 
n 0.81 0.54 0.51 1550 1850 
n 0.87 0.86 0.78 1650 1050 
n 0.59 0.15 0.4 1690 2680 
n 0.26 0.38 0.74 1710 310 
n 0.68 0.56 0.78 1710 510 
n 0.61 0.5 0.68 1750 750 
n 0.64 0.72 0.86 1790 2580 
n 0.26 0.14 0.73 1720 2610 
n 0.25 0.12 0.54 1790 3330 
n 0.15 0.13 0.42 1720 3409 
n 0.15 0.89 0.59 1829 2700 
n 0.37 0.59 0.78 1829 2800 
n 0.14 0.42 0.38 1829 3450 
n 0.12 0.3 0.72 2060 1650 
n 0.74 0.65 0.12 2050 3150 
n 0.21 0.12 0.88 2170 1900 
n 0.32 0.73 0.17 2110 2000 
n 0.7 0.84 0.34 2120 2750 
n 0.69 0.22 0.64 2150 3250 
n 0.63 0.55 0.22 2290 1400 
n 0.56 0.85 0.76 2220 2820 
n 0.29 0.71 0.47 2280 3250 
n 0.19 0.9 0.43 2390 1300 
n 0.13 0.21 0.64 2320 1500 
n 0.51 0.69 0.58 2450 710 
n 0.83 0.86 0.15 2620 3650 
n 0.63 0.53 0.57 2750 520 
n 0.5 0.37 0.9 2760 2360 
n 0.74 0.1 0.74 2850 2200 
n 0.77 0.68 0.23 2850 2700 
n 0.34 0.63 0.79 2850 3350 
n 0.71 0.32 0.18 2930 950 
n 0.39 0.35 0.31 2950 1750 
n 0.78 0.19 0.81 2950 2050 
n 0.12 0.86 0.37 520 3200 
n 0.73 0.81 0.55 2300 3500 
n 0.25 0.4 0.65 2320 3150 
n 0.75 0.79 0.67 530 2100 
n 0.48 0.18 0.36 2550 710 
n 0.65 0.25 0.44 750 490 
n 0.12 0.85 0.8 0 0 
