t 442 5 5
n 0.78 0.2 0.82 0.69 0.25 200 400 
n 0.61 0.25 0.57 0.55 0.11 200 500 
n 0.11 0.58 0.6 0.47 0.41 200 600 
n 0.75 0.31 0.2 0.65 0.75 200 700 
n 0.41 0.31 0.57 0.1 0.51 200 800 
n 0.24 0.3 0.9 0.44 0.65 200 900 
n 0.47 0.28 0.68 0.29 0.19 200 1000 
n 0.2 0.62 0.51 0.81 0.19 200 1100 
n 0.87 0.31 0.48 0.51 0.76 200 1200 
n 0.7 0.81 0.3 0.49 0.76 200 1300 
n 0.24 0.58 0.62 0.13 0.72 200 1400 
n 0.26 0.24 0.11 0.65 0.48 200 1500 
n 0.49 0.77 0.72 0.4 0.22 200 1600 
n 0.19 0.5 0.35 0.6 0.3 200 1700 
n 0.37 0.15 0.54 0.48 0.19 200 1800 
n 0.44 0.48 0.69 0.45 0.53 200 1900 
n 0.39 0.19 0.45 0.45 0.86 200 2000 
n 0.54 0.52 0.6 0.55 0.6 200 2100 
n 0.33 0.15 0.87 0.25 0.12 200 2200 
n 0.57 0.78 0.72 0.82 0.16 200 2300 
n 0.88 0.62 0.39 0.45 0.76 200 2400 
n 0.83 0.46 0.63 0.63 0.66 200 2500 
n 0.28 0.78 0.75 0.77 0.44 200 2600 
n 0.26 0.76 0.8 0.77 0.29 200 2700 
n 0.65 0.89 0.46 0.24 0.54 200 2800 
n 0.87 0.47 0.74 0.4 0.28 200 2900 
n 0.17 0.52 0.88 0.88 0.22 200 3000 
n 0.75 0.35 0.86 0.26 0.74 200 3100 
n 0.84 0.68 0.31 0.71 0.64 200 3200 
n 0.58 0.52 0.31 0.1 0.82 200 3300 
n 0.33 0.77 0.26 0.8 0.86 200 3400 
n 0.65 0.62 0.31 0.58 0.21 200 3500 
n 0.73 0.5 0.48 0.24 0.54 200 3600 
n 0.24 0.18 0.53 0.33 0.7 300 400 
n 0.71 0.32 0.51 0.71 0.81 300 500 
n 0.79 0.52 0.34 0.69 0.16 300 600 
n 0.81 0.49 0.34 0.51 0.66 300 700 
n 0.45 0.62 0.24 0.24 0.12 300 800 
n 0.46 0.52 0.55 0.5 0.79 300 900 
n 0.77 0.1 0.68 0.49 0.86 300 1000 
n 0.49 0.65 0.85 0.32 0.76 300 1100 
n 0.37 0.69 0.61 0.42 0.34 300 1200 
n 0.41 0.89 0.42 0.84 0.7 300 1300 
n 0.76 0.85 0.86 0.37 0.66 300 1400 
n 0.47 0.76 0.75 0.31 0.12 300 1500 
n 0.86 0.84 0.42 0.53 0.23 300 1600 
n 0.7 0.86 0.41 0.41 0.83 300 1700 
n 0.41 0.25 0.75 0.53 0.73 300 1800 
n 0.17 0.79 0.5 0.83 0.15 300 1900 
n 0.43 0.79 0.33 0.2 0.37 300 2000 
n 0.21 0.55 0.35 0.14 0.28 300 2100 
n 0.33 0.27 0.18 0.9 0.61 300 2200 
n 0.22 0.46 0.67 0.82 0.47 300 2300 
n 0.73 0.55 0.72 0.28 0.38 300 2400 
n 0.15 0.21 0.75 0.48 0.38 300 2500 
n 0.69 0.83 0.6 0.13 0.44 300 2600 
n 0.62 0.77 0.49 0.69 0.1 300 2700 
n 0.21 0.25 0.76 0.29 0.42 300 2800 
n 0.13 0.51 0.15 0.72 0.69 300 2900 
n 0.16 0.25 0.81 0.46 0.86 300 3000 
n 0.33 0.82 0.43 0.39 0.38 300 3100 
n 0.38 0.12 0.57 0.67 0.1 300 3200 
n 0.17 0.47 0.5 0.23 0.68 300 3300 
n 0.77 0.55 0.16 0.89 0.2 300 3400 
n 0.57 0.27 0.43 0.36 0.85 300 3500 
n 0.77 0.19 0.71 0.52 0.38 400 400 
n 0.64 0.79 0.66 0.82 0.3 400 500 
n 0.68 0.67 0.13 0.57 0.44 400 600 
n 0.11 0.57 0.38 0.33 0.89 400 700 
n 0.29 0.26 0.87 0.49 0.28 400 800 
n 0.67 0.14 0.44 0.71 0.72 400 900 
n 0.54 0.67 0.74 0.48 0.54 400 1000 
n 0.34 0.27 0.87 0.2 0.25 400 1100 
n 0.13 0.66 0.53 0.5 0.34 400 1200 
n 0.19 0.4 0.52 0.1 0.81 400 1300 
n 0.6 0.73 0.53 0.69 0.15 400 1400 
n 0.23 0.78 0.59 0.85 0.19 400 1500 
n 0.13 0.11 0.69 0.43 0.72 400 1600 
n 0.51 0.8 0.66 0.88 0.56 400 1700 
n 0.56 0.73 0.73 0.74 0.37 400 1800 
n 0.42 0.17 0.59 0.12 0.34 400 1900 
n 0.54 0.79 0.35 0.11 0.11 400 2000 
n 0.48 0.61 0.8 0.46 0.37 400 2100 
n 0.15 0.73 0.55 0.56 0.74 400 2200 
n 0.73 0.24 0.47 0.58 0.1 400 2300 
n 0.86 0.45 0.25 0.25 0.52 400 2400 
n 0.78 0.69 0.64 0.86 0.22 400 2500 
n 0.27 0.4 0.33 0.15 0.55 400 2600 
n 0.54 0.75 0.19 0.72 0.36 400 2700 
n 0.42 0.45 0.36 0.56 0.52 400 2800 
n 0.85 0.12 0.79 0.71 0.68 400 2900 
n 0.34 0.28 0.12 0.36 0.75 400 3000 
n 0.65 0.41 0.71 0.63 0.6 400 3100 
n 0.27 0.31 0.23 0.61 0.62 400 3200 
n 0.17 0.31 0.21 0.82 0.18 400 3300 
n 0.8 0.78 0.7 0.17 0.8 400 3400 
n 0.67 0.84 0.15 0.45 0.34 400 3500 
n 0.53 0.61 0.79 0.31 0.78 400 3600 
n 0.74 0.8 0.57 0.24 0.9 500 1500 
n 0.1 0.75 0.72 0.49 0.49 500 1829 
n 0.71 0.15 0.41 0.78 0.72 500 3100 
n 0.15 0.49 0.87 0.48 0.37 600 400 
n 0.41 0.16 0.3 0.14 0.24 700 300 
n 0.83 0.13 0.41 0.5 0.23 700 600 
n 0.62 0.27 0.26 0.3 0.26 700 1500 
n 0.11 0.71 0.48 0.77 0.15 700 1600 
n 0.42 0.29 0.26 0.49 0.5 700 1800 
n 0.64 0.7 0.12 0.81 0.51 700 2100 
n 0.82 0.3 0.22 0.24 0.25 700 2400 
n 0.64 0.7 0.5 0.72 0.24 700 2700 
n 0.57 0.37 0.86 0.55 0.71 700 3000 
n 0.88 0.79 0.16 0.32 0.67 700 3300 
n 0.59 0.13 0.46 0.79 0.4 700 3600 
n 0.11 0.39 0.4 0.57 0.28 800 300 
n 0.47 0.43 0.69 0.48 0.87 800 600 
n 0.46 0.36 0.84 0.55 0.2 800 1030 
n 0.21 0.82 0.32 0.26 0.39 800 1500 
n 0.77 0.74 0.7 0.76 0.46 800 1800 
n 0.77 0.66 0.41 0.5 0.46 800 2100 
n 0.76 0.56 0.68 0.26 0.2 800 2400 
n 0.76 0.27 0.14 0.73 0.64 800 2600 
n 0.34 0.39 0.69 0.16 0.27 800 2700 
n 0.35 0.79 0.28 0.63 0.33 800 3000 
n 0.76 0.48 0.39 0.25 0.37 800 3300 
n 0.14 0.3 0.41 0.81 0.23 800 3600 
n 0.65 0.78 0.17 0.6 0.68 900 300 
n 0.75 0.65 0.8 0.2 0.51 900 600 
n 0.49 0.38 0.43 0.2 0.13 900 1500 
n 0.38 0.39 0.16 0.44 0.41 900 1800 
n 0.23 0.56 0.82 0.65 0.61 900 2100 
n 0.58 0.82 0.45 0.23 0.56 900 2400 
n 0.2 0.82 0.54 0.78 0.13 900 2700 
n 0.82 0.49 0.29 0.41 0.77 900 3000 
n 0.9 0.65 0.61 0.61 0.79 900 3300 
n 0.2 0.75 0.16 0.89 0.74 900 3600 
n 0.74 0.12 0.62 0.29 0.43 1000 300 
n 0.71 0.42 0.27 0.87 0.68 1000 600 
n 0.36 0.34 0.49 0.18 0.86 1000 1100 
n 0.31 0.17 0.63 0.67 0.12 1000 1500 
n 0.55 0.55 0.82 0.7 0.26 1000 1629 
n 0.39 0.42 0.61 0.43 0.48 1000 1800 
n 0.9 0.3 0.42 0.88 0.14 1000 2100 
n 0.15 0.14 0.58 0.32 0.21 1000 2400 
n 0.18 0.58 0.62 0.16 0.76 1000 2600 
n 0.83 0.28 0.58 0.23 0.59 1000 2700 
n 0.16 0.14 0.32 0.32 0.82 1000 3000 
n 0.77 0.71 0.51 0.44 0.32 1000 3300 
n 0.42 0.8 0.41 0.49 0.84 1000 3600 
n 0.6 0.52 0.62 0.6 0.89 1100 300 
n 0.3 0.26 0.65 0.34 0.72 1100 600 
n 0.68 0.21 0.89 0.32 0.76 1100 700 
n 0.41 0.46 0.87 0.7 0.13 1100 900 
n 0.51 0.6 0.33 0.12 0.42 1100 1500 
n 0.85 0.88 0.43 0.9 0.63 1100 1800 
n 0.67 0.36 0.24 0.83 0.72 1100 2100 
n 0.17 0.5 0.31 0.38 0.56 1100 2400 
n 0.8 0.74 0.84 0.81 0.29 1100 2700 
n 0.17 0.58 0.55 0.7 0.37 1100 3000 
n 0.68 0.46 0.71 0.12 0.11 1100 3300 
n 0.79 0.88 0.32 0.75 0.42 1100 3600 
n 0.34 0.75 0.89 0.1 0.47 1200 300 
n 0.32 0.67 0.44 0.46 0.27 1200 600 
n 0.74 0.4 0.46 0.47 0.15 1200 1500 
n 0.37 0.35 0.12 0.58 0.21 1200 1700 
n 0.36 0.42 0.76 0.44 0.83 1200 1800 
n 0.78 0.34 0.78 0.51 0.13 1200 2100 
n 0.46 0.22 0.25 0.75 0.33 1200 2400 
n 0.19 0.15 0.74 0.16 0.64 1200 2700 
n 0.53 0.14 0.45 0.56 0.25 1200 3000 
n 0.36 0.55 0.77 0.2 0.41 1200 3300 
n 0.22 0.24 0.4 0.17 0.69 1200 3600 
n 0.38 0.39 0.32 0.51 0.11 1300 300 
n 0.17 0.31 0.43 0.11 0.36 1300 600 
n 0.13 0.41 0.55 0.67 0.59 1300 700 
n 0.32 0.2 0.39 0.29 0.19 1300 1130 
n 0.53 0.56 0.33 0.38 0.35 1300 1500 
n 0.72 0.75 0.3 0.4 0.53 1300 1800 
n 0.61 0.26 0.46 0.6 0.29 1300 2100 
n 0.76 0.84 0.39 0.21 0.35 1300 2200 
n 0.17 0.37 0.67 0.44 0.21 1300 2400 
n 0.13 0.34 0.52 0.37 0.28 1300 2700 
n 0.86 0.3 0.12 0.54 0.15 1300 3000 
n 0.21 0.55 0.2 0.28 0.76 1300 3300 
n 0.51 0.57 0.41 0.34 0.12 1300 3600 
n 0.54 0.1 0.75 0.35 0.34 1400 300 
n 0.45 0.15 0.62 0.67 0.33 1400 600 
n 0.39 0.74 0.6 0.46 0.12 1400 930 
n 0.27 0.28 0.43 0.48 0.46 1400 1500 
n 0.18 0.82 0.28 0.53 0.58 1400 1800 
n 0.34 0.58 0.27 0.36 0.51 1400 2000 
n 0.22 0.81 0.72 0.61 0.65 1400 2100 
n 0.84 0.74 0.44 0.12 0.38 1400 2400 
n 0.46 0.47 0.3 0.53 0.66 1400 2500 
n 0.33 0.21 0.3 0.42 0.7 1400 2700 
n 0.28 0.17 0.58 0.22 0.84 1400 2820 
n 0.68 0.36 0.87 0.84 0.52 1400 2900 
n 0.58 0.3 0.31 0.83 0.51 1400 3000 
n 0.31 0.19 0.48 0.71 0.8 1400 3300 
n 0.84 0.82 0.85 0.86 0.64 1400 3600 
n 0.49 0.67 0.27 0.31 0.54 1500 1500 
n 0.14 0.45 0.27 0.26 0.41 1500 1800 
n 0.66 0.22 0.18 0.63 0.37 1500 1900 
n 0.84 0.78 0.35 0.53 0.77 1500 2100 
n 0.44 0.54 0.69 0.42 0.2 1500 2400 
n 0.26 0.44 0.69 0.47 0.31 1500 2700 
n 0.5 0.11 0.57 0.45 0.55 1500 2800 
n 0.59 0.85 0.26 0.22 0.68 1500 2860 
n 0.77 0.38 0.38 0.21 0.54 1500 3000 
n 0.24 0.17 0.53 0.12 0.71 1500 3300 
n 0.87 0.59 0.41 0.18 0.86 1500 3600 
n 0.28 0.62 0.12 0.3 0.61 1600 1100 
n 0.58 0.11 0.36 0.56 0.43 1600 1300 
n 0.18 0.55 0.81 0.11 0.26 1600 1500 
n 0.24 0.17 0.87 0.27 0.12 1600 1800 
n 0.62 0.14 0.11 0.9 0.18 1600 2100 
n 0.51 0.16 0.44 0.89 0.88 1600 2400 
n 0.62 0.85 0.77 0.85 0.72 1600 2700 
n 0.61 0.24 0.78 0.62 0.57 1600 3000 
n 0.33 0.41 0.46 0.88 0.76 1600 3300 
n 0.14 0.23 0.54 0.65 0.34 1600 3600 
n 0.57 0.41 0.54 0.16 0.31 1700 1200 
n 0.65 0.85 0.29 0.12 0.15 1700 1500 
n 0.63 0.75 0.56 0.16 0.33 1700 1800 
n 0.19 0.34 0.79 0.72 0.34 1700 2100 
n 0.33 0.43 0.86 0.17 0.21 1700 2400 
n 0.22 0.61 0.73 0.66 0.47 1700 3600 
n 0.81 0.64 0.41 0.35 0.17 1800 300 
n 0.3 0.13 0.24 0.35 0.85 1800 600 
n 0.21 0.29 0.46 0.45 0.28 1800 1230 
n 0.1 0.37 0.47 0.31 0.46 1800 1500 
n 0.6 0.32 0.33 0.79 0.59 1800 1800 
n 0.74 0.66 0.23 0.45 0.52 1800 2100 
n 0.48 0.3 0.85 0.67 0.25 1800 2400 
n 0.31 0.79 0.81 0.53 0.39 1900 300 
n 0.61 0.66 0.58 0.56 0.84 1900 600 
n 0.86 0.12 0.82 0.35 0.73 1900 3000 
n 0.11 0.75 0.54 0.88 0.17 1900 3520 
n 0.56 0.21 0.81 0.48 0.39 2000 300 
n 0.28 0.9 0.52 0.15 0.48 2000 370 
n 0.77 0.39 0.5 0.85 0.25 2000 600 
n 0.73 0.24 0.51 0.52 0.54 2000 800 
n 0.22 0.54 0.32 0.6 0.51 2000 900 
n 0.34 0.29 0.67 0.67 0.67 2000 1000 
n 0.76 0.44 0.24 0.24 0.59 2000 1100 
n 0.41 0.87 0.23 0.79 0.74 2000 1200 
n 0.49 0.37 0.83 0.66 0.31 2000 1300 
n 0.12 0.82 0.21 0.2 0.58 2000 1400 
n 0.62 0.32 0.44 0.8 0.41 2000 1500 
n 0.75 0.89 0.14 0.4 0.8 2000 1600 
n 0.44 0.42 0.59 0.6 0.51 2000 1700 
n 0.71 0.56 0.21 0.83 0.84 2000 1800 
n 0.72 0.18 0.43 0.38 0.43 2000 1900 
n 0.9 0.86 0.39 0.86 0.38 2000 2000 
n 0.44 0.77 0.15 0.14 0.1 2000 2100 
n 0.57 0.5 0.83 0.23 0.21 2000 2200 
n 0.75 0.55 0.66 0.4 0.45 2000 2300 
n 0.46 0.89 0.83 0.53 0.6 2000 2400 
n 0.39 0.29 0.15 0.36 0.43 2000 2500 
n 0.28 0.44 0.84 0.85 0.88 2000 2600 
n 0.51 0.45 0.58 0.44 0.14 2000 2700 
n 0.21 0.28 0.78 0.81 0.88 2000 2800 
n 0.73 0.9 0.35 0.59 0.38 2000 2900 
n 0.37 0.53 0.21 0.87 0.4 2000 3000 
n 0.67 0.47 0.24 0.19 0.9 2000 3100 
n 0.85 0.72 0.69 0.79 0.43 2000 3500 
n 0.47 0.86 0.22 0.67 0.63 2100 300 
n 0.39 0.68 0.56 0.45 0.48 2100 600 
n 0.83 0.58 0.44 0.81 0.63 2100 3200 
n 0.59 0.45 0.37 0.26 0.49 2200 300 
n 0.41 0.74 0.18 0.43 0.59 2200 469 
n 0.61 0.34 0.66 0.41 0.84 2200 600 
n 0.51 0.14 0.53 0.8 0.43 2200 3200 
n 0.49 0.35 0.14 0.86 0.58 2300 300 
n 0.53 0.85 0.6 0.57 0.33 2300 600 
n 0.82 0.11 0.62 0.36 0.85 2300 3400 
n 0.53 0.74 0.34 0.12 0.79 2400 300 
n 0.47 0.18 0.52 0.45 0.88 2400 600 
n 0.37 0.44 0.16 0.37 0.12 2400 2100 
n 0.88 0.71 0.33 0.49 0.71 2500 300 
n 0.63 0.31 0.19 0.45 0.46 2500 800 
n 0.72 0.9 0.5 0.36 0.59 2600 400 
n 0.17 0.48 0.58 0.87 0.41 2600 500 
n 0.65 0.19 0.22 0.36 0.83 2600 800 
n 0.42 0.37 0.69 0.13 0.43 2600 900 
n 0.51 0.55 0.67 0.86 0.79 2600 1000 
n 0.66 0.35 0.33 0.4 0.28 2600 1100 
n 0.23 0.2 0.87 0.53 0.79 2600 1200 
n 0.41 0.26 0.85 0.75 0.59 2600 1300 
n 0.34 0.43 0.48 0.89 0.68 2600 1400 
n 0.87 0.81 0.64 0.52 0.2 2600 1500 
n 0.85 0.76 0.56 0.17 0.81 2600 1600 
n 0.86 0.53 0.7 0.72 0.18 2600 1700 
n 0.36 0.49 0.67 0.48 0.69 2600 1800 
n 0.62 0.28 0.24 0.22 0.66 2600 1900 
n 0.64 0.24 0.63 0.86 0.62 2600 2000 
n 0.36 0.33 0.63 0.41 0.37 2600 2100 
n 0.51 0.14 0.31 0.38 0.38 2600 2200 
n 0.44 0.41 0.1 0.11 0.44 2600 2300 
n 0.78 0.75 0.65 0.3 0.74 2600 2400 
n 0.79 0.16 0.69 0.25 0.31 2600 2500 
n 0.67 0.66 0.51 0.4 0.64 2600 2600 
n 0.13 0.71 0.24 0.84 0.62 2600 2700 
n 0.39 0.79 0.16 0.26 0.89 2600 2800 
n 0.71 0.62 0.57 0.42 0.89 2600 2900 
n 0.64 0.18 0.48 0.88 0.18 2600 3000 
n 0.65 0.77 0.23 0.45 0.52 2600 3100 
n 0.5 0.73 0.65 0.12 0.73 2600 3400 
n 0.71 0.58 0.54 0.61 0.49 2700 700 
n 0.6 0.24 0.35 0.84 0.66 2700 800 
n 0.14 0.34 0.5 0.33 0.75 2700 900 
n 0.67 0.58 0.24 0.42 0.48 2700 1000 
n 0.89 0.14 0.29 0.55 0.14 2700 1100 
n 0.58 0.63 0.47 0.66 0.59 2700 1200 
n 0.88 0.53 0.29 0.81 0.31 2700 1300 
n 0.77 0.36 0.44 0.66 0.78 2700 1400 
n 0.43 0.6 0.42 0.24 0.69 2700 1500 
n 0.49 0.55 0.4 0.68 0.86 2700 1600 
n 0.83 0.74 0.31 0.43 0.47 2700 1700 
n 0.88 0.51 0.64 0.54 0.48 2700 1800 
n 0.32 0.48 0.9 0.16 0.77 2700 1900 
n 0.8 0.14 0.57 0.57 0.63 2700 2000 
n 0.54 0.57 0.8 0.82 0.69 2700 2100 
n 0.81 0.16 0.62 0.12 0.19 2700 2200 
n 0.19 0.78 0.46 0.76 0.77 2700 2300 
n 0.87 0.59 0.52 0.85 0.36 2700 2500 
n 0.83 0.76 0.34 0.86 0.56 2700 2600 
n 0.27 0.69 0.78 0.21 0.76 2700 2700 
n 0.33 0.65 0.2 0.39 0.8 2700 2800 
n 0.78 0.64 0.76 0.65 0.89 2700 2900 
n 0.14 0.35 0.37 0.13 0.7 2700 3000 
n 0.62 0.32 0.51 0.34 0.59 2700 3100 
n 0.88 0.73 0.62 0.83 0.21 2700 3200 
n 0.46 0.48 0.88 0.32 0.45 2700 3300 
n 0.3 0.51 0.82 0.62 0.42 2700 3400 
n 0.58 0.59 0.21 0.73 0.31 2700 3500 
n 0.55 0.57 0.59 0.39 0.76 2700 3600 
n 0.41 0.77 0.25 0.44 0.5 2700 3700 
n 0.41 0.23 0.58 0.62 0.47 2700 3800 
n 0.79 0.64 0.44 0.42 0.79 2800 900 
n 0.19 0.52 0.17 0.23 0.48 2800 1130 
n 0.9 0.13 0.69 0.19 0.32 2900 400 
n 0.85 0.69 0.5 0.81 0.25 2900 500 
n 0.37 0.24 0.69 0.68 0.44 2900 1400 
n 0.44 0.56 0.71 0.12 0.32 2900 2400 
n 0.32 0.26 0.35 0.66 0.72 2900 3000 
n 0.28 0.26 0.52 0.24 0.64 3000 700 
n 0.39 0.34 0.86 0.68 0.51 3000 800 
n 0.45 0.19 0.21 0.53 0.51 3000 900 
n 0.2 0.64 0.51 0.61 0.77 3000 1000 
n 0.72 0.65 0.81 0.76 0.87 3000 1100 
n 0.16 0.18 0.34 0.87 0.46 3000 1200 
n 0.8 0.85 0.61 0.8 0.89 3000 1300 
n 0.13 0.85 0.64 0.56 0.17 3000 1500 
n 0.63 0.56 0.49 0.89 0.21 3000 1600 
n 0.8 0.64 0.25 0.18 0.5 3000 1700 
n 0.66 0.66 0.16 0.19 0.55 3000 1800 
n 0.17 0.17 0.2 0.2 0.64 3000 1900 
n 0.41 0.14 0.52 0.2 0.44 3000 2000 
n 0.56 0.23 0.29 0.23 0.52 3000 2100 
n 0.26 0.63 0.11 0.52 0.58 3000 2200 
n 0.87 0.41 0.19 0.19 0.52 3000 2300 
n 0.68 0.11 0.78 0.58 0.69 3000 2500 
n 0.7 0.69 0.24 0.81 0.18 3000 2600 
n 0.6 0.11 0.44 0.89 0.82 3000 2700 
n 0.17 0.56 0.49 0.21 0.56 3000 2800 
n 0.67 0.69 0.34 0.73 0.6 3000 2900 
n 0.43 0.19 0.18 0.84 0.29 3000 3000 
n 0.59 0.25 0.76 0.56 0.37 3000 3100 
n 0.69 0.32 0.88 0.26 0.44 3000 3200 
n 0.86 0.53 0.83 0.5 0.37 3000 3300 
n 0.89 0.75 0.37 0.28 0.74 3000 3400 
n 0.39 0.12 0.79 0.39 0.49 3000 3500 
n 0.53 0.66 0.36 0.32 0.22 3000 3600 
n 0.26 0.34 0.12 0.52 0.52 3000 3700 
n 0.66 0.87 0.72 0.53 0.29 3000 3800 
n 0.63 0.32 0.43 0.65 0.66 150 3500 
n 0.14 0.88 0.21 0.8 0.66 150 3550 
n 0.7 0.66 0.62 0.35 0.88 469 2550 
n 0.39 0.31 0.32 0.69 0.8 469 3350 
n 0.83 0.51 0.65 0.83 0.22 469 3450 
n 0.32 0.36 0.11 0.47 0.57 540 2330 
n 0.7 0.4 0.86 0.34 0.28 540 2430 
n 0.47 0.58 0.82 0.56 0.64 620 3650 
n 0.29 0.3 0.48 0.55 0.7 620 3709 
n 0.84 0.8 0.78 0.13 0.75 750 2550 
n 0.55 0.41 0.66 0.61 0.24 850 520 
n 0.42 0.73 0.21 0.19 0.11 850 700 
n 0.78 0.65 0.55 0.85 0.84 850 2280 
n 0.56 0.73 0.51 0.33 0.76 939 740 
n 0.55 0.27 0.1 0.24 0.45 950 2220 
n 0.39 0.26 0.58 0.43 0.42 910 2600 
n 0.82 0.19 0.25 0.28 0.87 1050 1050 
n 0.59 0.42 0.66 0.4 0.68 1150 1350 
n 0.22 0.44 0.59 0.39 0.17 1170 2280 
n 0.66 0.61 0.68 0.52 0.78 1220 2210 
n 0.9 0.86 0.56 0.3 0.85 1350 750 
n 0.13 0.27 0.51 0.16 0.15 1350 1700 
n 0.7 0.25 0.87 0.22 0.12 1350 2140 
n 0.12 0.84 0.55 0.35 0.64 1450 770 
n 0.55 0.85 0.14 0.61 0.72 1550 300 
n 0.73 0.66 0.49 0.42 0.69 1550 500 
n 0.62 0.16 0.8 0.62 0.75 1550 1850 
n 0.37 0.53 0.13 0.55 0.19 1650 1050 
n 0.46 0.47 0.68 0.14 0.33 1690 2680 
n 0.75 0.77 0.61 0.15 0.63 1710 310 
n 0.82 0.48 0.6 0.41 0.53 1710 510 
n 0.26 0.32 0.52 0.42 0.87 1750 750 
n 0.26 0.55 0.8 0.15 0.72 1790 2580 
n 0.8 0.78 0.82 0.45 0.18 1720 2610 
n 0.83 0.57 0.61 0.62 0.4 1790 3330 
n 0.39 0.74 0.11 0.88 0.53 1720 3409 
n 0.61 0.47 0.34 0.53 0.73 1829 2700 
n 0.38 0.45 0.63 0.34 0.45 1829 2800 
n 0.85 0.25 0.67 0.88 0.16 1829 3450 
n 0.3 0.13 0.31 0.19 0.4 2060 1650 
n 0.25 0.65 0.67 0.54 0.31 2050 3150 
n 0.13 0.61 0.39 0.64 0.31 2170 1900 
n 0.7 0.21 0.87 0.76 0.68 2110 2000 
n 0.17 0.85 0.56 0.16 0.4 2120 2750 
n 0.73 0.71 0.75 0.33 0.85 2150 3250 
n 0.74 0.55 0.31 0.18 0.63 2290 1400 
n 0.79 0.58 0.16 0.86 0.5 2220 2820 
n 0.7 0.86 0.63 0.8 0.67 2280 3250 
n 0.66 0.83 0.59 0.54 0.44 2390 1300 
n 0.36 0.47 0.42 0.25 0.53 2320 1500 
n 0.5 0.28 0.78 0.46 0.9 2450 710 
n 0.17 0.49 0.46 0.29 0.83 2620 3650 
n 0.45 0.66 0.24 0.35 0.49 2750 520 
n 0.87 0.38 0.12 0.34 0.37 2760 2360 
n 0.46 0.18 0.86 0.22 0.48 2850 2200 
n 0.7 0.72 0.6 0.6 0.27 2850 2700 
n 0.81 0.22 0.45 0.28 0.39 2850 3350 
n 0.63 0.34 0.6 0.61 0.81 2930 950 
n 0.41 0.89 0.14 0.58 0.14 2950 1750 
n 0.38 0.23 0.81 0.53 0.44 2950 2050 
n 0.31 0.25 0.33 0.88 0.65 520 3200 
n 0.2 0.57 0.61 0.58 0.67 2300 3500 
n 0.34 0.68 0.66 0.27 0.46 2320 3150 
n 0.56 0.16 0.33 0.61 0.68 530 2100 
n 0.53 0.27 0.37 0.85 0.6 2550 710 
n 0.41 0.37 0.13 0.23 0.11 750 490 
n 0.72 0.67 0.45 0.6 0.5 0 0 
