t 107 20 4
n 0.27 0.67 0.57 0.53 8375 4700 
n 0.85 0.89 0.72 0.74 8775 4700 
n 0.85 0.32 0.84 0.51 8375 4900 
n 0.9 0.3 0.73 0.76 8175 4900 
n 0.17 0.87 0.36 0.59 8775 4900 
n 0.89 0.7 0.76 0.32 8575 4900 
n 0.29 0.58 0.82 0.47 8775 5400 
n 0.74 0.17 0.75 0.88 8375 5450 
n 0.73 0.9 0.64 0.49 8775 5600 
n 0.89 0.27 0.34 0.44 8575 5600 
n 0.41 0.75 0.82 0.34 8375 5650 
n 0.38 0.31 0.2 0.52 8175 5650 
n 0.35 0.4 0.28 0.66 8375 6200 
n 0.19 0.76 0.56 0.77 8775 6200 
n 0.63 0.86 0.12 0.58 8375 6400 
n 0.86 0.27 0.22 0.8 8175 6400 
n 0.25 0.3 0.14 0.26 8775 6400 
n 0.57 0.48 0.69 0.19 8575 6400 
n 0.62 0.17 0.26 0.39 8375 7000 
n 0.56 0.52 0.85 0.42 8775 7000 
n 0.16 0.77 0.53 0.62 8375 7200 
n 0.58 0.79 0.56 0.18 8175 7200 
n 0.56 0.62 0.22 0.85 8775 7200 
n 0.25 0.63 0.11 0.29 8575 7200 
n 0.31 0.45 0.34 0.18 8375 7800 
n 0.46 0.83 0.31 0.23 8775 7800 
n 0.42 0.65 0.83 0.4 8375 8000 
n 0.24 0.71 0.14 0.82 8175 8000 
n 0.68 0.4 0.53 0.44 8775 8000 
n 0.75 0.11 0.54 0.5 8575 8000 
n 0.36 0.88 0.55 0.85 8375 8700 
n 0.66 0.32 0.78 0.15 8775 8700 
n 0.28 0.43 0.74 0.33 8375 8900 
n 0.86 0.43 0.71 0.25 8175 8900 
n 0.82 0.29 0.79 0.29 8775 8900 
n 0.12 0.84 0.29 0.87 8575 8900 
n 0.33 0.27 0.83 0.84 8375 9600 
n 0.11 0.42 0.66 0.66 8775 9600 
n 0.86 0.64 0.71 0.31 8375 9800 
n 0.69 0.28 0.65 0.27 8175 9800 
n 0.78 0.7 0.7 0.35 8775 9800 
n 0.7 0.6 0.11 0.41 8575 9800 
n 0.12 0.1 0.29 0.77 8375 10500 
n 0.8 0.65 0.66 0.54 8775 10450 
n 0.34 0.71 0.52 0.72 8375 10700 
n 0.15 0.54 0.27 0.13 8175 10700 
n 0.43 0.11 0.16 0.5 8775 10650 
n 0.76 0.1 0.89 0.23 8575 10650 
n 0.17 0.3 0.11 0.79 8375 11300 
n 0.47 0.27 0.5 0.59 8775 11300 
n 0.72 0.17 0.48 0.87 8375 11500 
n 0.43 0.18 0.63 0.48 8175 11500 
n 0.89 0.41 0.42 0.82 8775 11500 
n 0.89 0.73 0.81 0.26 8575 11500 
n 0.74 0.67 0.75 0.59 15825 11500 
n 0.56 0.78 0.13 0.45 15825 10700 
n 0.88 0.82 0.6 0.87 15825 9800 
n 0.15 0.41 0.69 0.76 15825 8900 
n 0.68 0.33 0.63 0.72 15825 8000 
n 0.54 0.14 0.61 0.9 15825 7200 
n 0.11 0.25 0.58 0.1 15825 6400 
n 0.6 0.28 0.55 0.37 15825 5650 
n 0.52 0.42 0.67 0.16 15825 4900 
n 0.21 0.41 0.86 0.75 16025 4700 
n 0.27 0.73 0.56 0.81 16425 4700 
n 0.24 0.57 0.41 0.53 16025 4900 
n 0.49 0.34 0.69 0.55 16225 4900 
n 0.53 0.35 0.5 0.11 16425 4900 
n 0.81 0.54 0.62 0.5 16425 5400 
n 0.25 0.25 0.87 0.21 16025 5450 
n 0.7 0.32 0.41 0.12 16225 5600 
n 0.71 0.82 0.7 0.55 16425 5600 
n 0.18 0.49 0.39 0.57 16025 5650 
n 0.87 0.1 0.73 0.51 16025 6200 
n 0.9 0.6 0.22 0.83 16425 6200 
n 0.56 0.31 0.59 0.55 16025 6400 
n 0.84 0.7 0.46 0.16 16225 6400 
n 0.12 0.24 0.73 0.85 16425 6400 
n 0.85 0.44 0.45 0.18 16025 7000 
n 0.73 0.2 0.76 0.47 16425 7000 
n 0.7 0.8 0.83 0.35 16025 7200 
n 0.5 0.78 0.5 0.6 16225 7200 
n 0.39 0.26 0.38 0.66 16425 7200 
n 0.44 0.55 0.38 0.81 16025 7800 
n 0.85 0.77 0.74 0.18 16425 7800 
n 0.82 0.88 0.87 0.87 16025 8000 
n 0.51 0.48 0.54 0.29 16225 8000 
n 0.47 0.87 0.19 0.71 16425 8000 
n 0.23 0.15 0.61 0.62 16025 8700 
n 0.68 0.79 0.35 0.82 16425 8700 
n 0.72 0.71 0.42 0.46 16025 8900 
n 0.33 0.61 0.21 0.64 16225 8900 
n 0.66 0.52 0.77 0.31 16425 8900 
n 0.48 0.43 0.51 0.72 16025 9600 
n 0.32 0.84 0.85 0.88 16425 9600 
n 0.38 0.29 0.27 0.73 16025 9800 
n 0.61 0.41 0.62 0.59 16225 9800 
n 0.77 0.41 0.54 0.24 16425 9800 
n 0.71 0.19 0.84 0.27 16025 10500 
n 0.18 0.77 0.19 0.52 16425 10450 
n 0.4 0.46 0.3 0.56 16025 10700 
n 0.14 0.58 0.11 0.51 16225 10650 
n 0.8 0.19 0.39 0.57 16425 10650 
n 0.7 0.62 0.45 0.45 16025 11300 
n 0.44 0.66 0.68 0.7 16425 11300 
n 0.37 0.53 0.49 0.48 16025 11500 
n 0.34 0.49 0.86 0.38 16225 11500 
