t 107 10 3
n 0.51 0.55 0.51 8375 4700 
n 0.32 0.51 0.89 8775 4700 
n 0.26 0.65 0.81 8375 4900 
n 0.85 0.59 0.28 8175 4900 
n 0.45 0.66 0.3 8775 4900 
n 0.34 0.6 0.85 8575 4900 
n 0.45 0.3 0.14 8775 5400 
n 0.63 0.36 0.13 8375 5450 
n 0.64 0.41 0.78 8775 5600 
n 0.58 0.61 0.76 8575 5600 
n 0.44 0.21 0.66 8375 5650 
n 0.34 0.49 0.77 8175 5650 
n 0.65 0.15 0.8 8375 6200 
n 0.6 0.1 0.28 8775 6200 
n 0.11 0.52 0.46 8375 6400 
n 0.56 0.44 0.62 8175 6400 
n 0.43 0.22 0.84 8775 6400 
n 0.82 0.25 0.48 8575 6400 
n 0.79 0.46 0.77 8375 7000 
n 0.83 0.75 0.16 8775 7000 
n 0.67 0.58 0.88 8375 7200 
n 0.41 0.57 0.17 8175 7200 
n 0.74 0.17 0.6 8775 7200 
n 0.31 0.51 0.14 8575 7200 
n 0.27 0.52 0.37 8375 7800 
n 0.73 0.17 0.57 8775 7800 
n 0.8 0.82 0.84 8375 8000 
n 0.15 0.39 0.18 8175 8000 
n 0.54 0.36 0.46 8775 8000 
n 0.6 0.2 0.62 8575 8000 
n 0.25 0.38 0.68 8375 8700 
n 0.17 0.24 0.34 8775 8700 
n 0.84 0.39 0.39 8375 8900 
n 0.89 0.44 0.31 8175 8900 
n 0.12 0.78 0.76 8775 8900 
n 0.26 0.74 0.65 8575 8900 
n 0.25 0.18 0.66 8375 9600 
n 0.74 0.51 0.7 8775 9600 
n 0.53 0.39 0.27 8375 9800 
n 0.55 0.59 0.61 8175 9800 
n 0.25 0.7 0.41 8775 9800 
n 0.71 0.78 0.6 8575 9800 
n 0.12 0.87 0.26 8375 10500 
n 0.69 0.38 0.48 8775 10450 
n 0.75 0.28 0.36 8375 10700 
n 0.48 0.41 0.35 8175 10700 
n 0.81 0.49 0.22 8775 10650 
n 0.78 0.74 0.62 8575 10650 
n 0.18 0.87 0.55 8375 11300 
n 0.73 0.54 0.42 8775 11300 
n 0.66 0.75 0.72 8375 11500 
n 0.32 0.47 0.35 8175 11500 
n 0.54 0.9 0.17 8775 11500 
n 0.55 0.1 0.3 8575 11500 
n 0.6 0.56 0.39 15825 11500 
n 0.36 0.5 0.74 15825 10700 
n 0.8 0.15 0.73 15825 9800 
n 0.83 0.53 0.54 15825 8900 
n 0.2 0.78 0.84 15825 8000 
n 0.58 0.41 0.56 15825 7200 
n 0.5 0.41 0.88 15825 6400 
n 0.56 0.21 0.5 15825 5650 
n 0.48 0.39 0.69 15825 4900 
n 0.67 0.2 0.84 16025 4700 
n 0.63 0.86 0.69 16425 4700 
n 0.8 0.64 0.8 16025 4900 
n 0.77 0.21 0.87 16225 4900 
n 0.72 0.12 0.64 16425 4900 
n 0.82 0.18 0.58 16425 5400 
n 0.57 0.11 0.33 16025 5450 
n 0.59 0.23 0.8 16225 5600 
n 0.21 0.69 0.82 16425 5600 
n 0.31 0.79 0.75 16025 5650 
n 0.5 0.4 0.19 16025 6200 
n 0.88 0.26 0.41 16425 6200 
n 0.53 0.15 0.53 16025 6400 
n 0.27 0.48 0.63 16225 6400 
n 0.38 0.63 0.19 16425 6400 
n 0.68 0.57 0.41 16025 7000 
n 0.36 0.8 0.49 16425 7000 
n 0.52 0.4 0.62 16025 7200 
n 0.73 0.81 0.61 16225 7200 
n 0.33 0.26 0.19 16425 7200 
n 0.8 0.61 0.29 16025 7800 
n 0.68 0.85 0.34 16425 7800 
n 0.59 0.83 0.14 16025 8000 
n 0.46 0.82 0.59 16225 8000 
n 0.46 0.35 0.41 16425 8000 
n 0.74 0.56 0.42 16025 8700 
n 0.32 0.48 0.85 16425 8700 
n 0.8 0.89 0.61 16025 8900 
n 0.89 0.62 0.54 16225 8900 
n 0.78 0.32 0.82 16425 8900 
n 0.3 0.83 0.87 16025 9600 
n 0.34 0.76 0.48 16425 9600 
n 0.6 0.23 0.31 16025 9800 
n 0.17 0.73 0.34 16225 9800 
n 0.83 0.18 0.19 16425 9800 
n 0.3 0.41 0.47 16025 10500 
n 0.26 0.72 0.86 16425 10450 
n 0.3 0.49 0.3 16025 10700 
n 0.37 0.55 0.67 16225 10650 
n 0.36 0.83 0.11 16425 10650 
n 0.19 0.31 0.67 16025 11300 
n 0.72 0.14 0.27 16425 11300 
n 0.17 0.2 0.17 16025 11500 
n 0.38 0.37 0.42 16225 11500 
