t 107 20 5
n 0.11 0.8 0.41 0.86 0.76 8375 4700 
n 0.49 0.21 0.24 0.6 0.16 8775 4700 
n 0.33 0.16 0.23 0.68 0.72 8375 4900 
n 0.89 0.5 0.34 0.73 0.32 8175 4900 
n 0.12 0.72 0.83 0.3 0.9 8775 4900 
n 0.14 0.16 0.76 0.86 0.46 8575 4900 
n 0.28 0.21 0.88 0.71 0.72 8775 5400 
n 0.62 0.65 0.52 0.21 0.16 8375 5450 
n 0.27 0.69 0.2 0.7 0.85 8775 5600 
n 0.58 0.18 0.15 0.27 0.64 8575 5600 
n 0.31 0.16 0.65 0.23 0.82 8375 5650 
n 0.42 0.13 0.83 0.13 0.37 8175 5650 
n 0.36 0.47 0.5 0.3 0.39 8375 6200 
n 0.45 0.5 0.3 0.71 0.13 8775 6200 
n 0.83 0.41 0.65 0.72 0.78 8375 6400 
n 0.29 0.63 0.85 0.52 0.51 8175 6400 
n 0.74 0.24 0.49 0.4 0.73 8775 6400 
n 0.16 0.76 0.1 0.86 0.47 8575 6400 
n 0.34 0.49 0.49 0.53 0.33 8375 7000 
n 0.55 0.23 0.42 0.11 0.67 8775 7000 
n 0.41 0.35 0.58 0.12 0.22 8375 7200 
n 0.5 0.14 0.26 0.31 0.25 8175 7200 
n 0.68 0.2 0.64 0.44 0.44 8775 7200 
n 0.11 0.44 0.76 0.44 0.21 8575 7200 
n 0.21 0.19 0.66 0.7 0.42 8375 7800 
n 0.67 0.22 0.78 0.5 0.87 8775 7800 
n 0.22 0.57 0.62 0.4 0.51 8375 8000 
n 0.59 0.11 0.8 0.87 0.49 8175 8000 
n 0.69 0.76 0.28 0.28 0.61 8775 8000 
n 0.39 0.64 0.56 0.89 0.4 8575 8000 
n 0.62 0.13 0.29 0.52 0.59 8375 8700 
n 0.65 0.26 0.52 0.63 0.42 8775 8700 
n 0.87 0.36 0.64 0.39 0.11 8375 8900 
n 0.54 0.55 0.66 0.52 0.33 8175 8900 
n 0.72 0.29 0.8 0.64 0.42 8775 8900 
n 0.45 0.46 0.16 0.31 0.86 8575 8900 
n 0.36 0.52 0.4 0.15 0.87 8375 9600 
n 0.58 0.31 0.13 0.52 0.72 8775 9600 
n 0.25 0.78 0.85 0.84 0.72 8375 9800 
n 0.58 0.14 0.59 0.41 0.46 8175 9800 
n 0.66 0.42 0.61 0.24 0.87 8775 9800 
n 0.74 0.77 0.71 0.68 0.86 8575 9800 
n 0.74 0.25 0.6 0.84 0.39 8375 10500 
n 0.31 0.78 0.16 0.16 0.24 8775 10450 
n 0.58 0.34 0.23 0.71 0.27 8375 10700 
n 0.1 0.39 0.81 0.28 0.29 8175 10700 
n 0.64 0.33 0.39 0.86 0.59 8775 10650 
n 0.86 0.65 0.84 0.69 0.33 8575 10650 
n 0.88 0.14 0.59 0.47 0.78 8375 11300 
n 0.75 0.68 0.42 0.21 0.43 8775 11300 
n 0.69 0.51 0.75 0.22 0.15 8375 11500 
n 0.43 0.32 0.76 0.44 0.72 8175 11500 
n 0.73 0.29 0.21 0.81 0.32 8775 11500 
n 0.47 0.83 0.14 0.68 0.9 8575 11500 
n 0.21 0.2 0.69 0.2 0.85 15825 11500 
n 0.78 0.62 0.59 0.55 0.14 15825 10700 
n 0.37 0.55 0.56 0.58 0.65 15825 9800 
n 0.4 0.43 0.73 0.62 0.13 15825 8900 
n 0.8 0.58 0.76 0.58 0.58 15825 8000 
n 0.73 0.57 0.73 0.25 0.74 15825 7200 
n 0.17 0.47 0.42 0.55 0.53 15825 6400 
n 0.84 0.42 0.59 0.84 0.32 15825 5650 
n 0.72 0.9 0.39 0.54 0.17 15825 4900 
n 0.2 0.31 0.56 0.7 0.77 16025 4700 
n 0.59 0.21 0.78 0.76 0.21 16425 4700 
n 0.19 0.77 0.71 0.39 0.78 16025 4900 
n 0.53 0.53 0.3 0.13 0.37 16225 4900 
n 0.17 0.4 0.62 0.71 0.33 16425 4900 
n 0.74 0.3 0.12 0.15 0.72 16425 5400 
n 0.44 0.56 0.76 0.7 0.68 16025 5450 
n 0.52 0.37 0.6 0.61 0.17 16225 5600 
n 0.36 0.26 0.4 0.57 0.74 16425 5600 
n 0.62 0.85 0.42 0.33 0.65 16025 5650 
n 0.28 0.44 0.1 0.26 0.59 16025 6200 
n 0.28 0.26 0.26 0.26 0.45 16425 6200 
n 0.8 0.63 0.84 0.75 0.44 16025 6400 
n 0.3 0.89 0.43 0.36 0.13 16225 6400 
n 0.88 0.8 0.31 0.76 0.66 16425 6400 
n 0.38 0.71 0.35 0.2 0.41 16025 7000 
n 0.26 0.56 0.83 0.72 0.69 16425 7000 
n 0.55 0.79 0.59 0.51 0.23 16025 7200 
n 0.45 0.81 0.86 0.42 0.72 16225 7200 
n 0.87 0.41 0.69 0.51 0.23 16425 7200 
n 0.41 0.17 0.71 0.37 0.24 16025 7800 
n 0.54 0.58 0.36 0.12 0.27 16425 7800 
n 0.17 0.76 0.12 0.3 0.68 16025 8000 
n 0.11 0.5 0.72 0.53 0.33 16225 8000 
n 0.8 0.83 0.46 0.66 0.32 16425 8000 
n 0.75 0.45 0.67 0.81 0.13 16025 8700 
n 0.41 0.5 0.38 0.16 0.65 16425 8700 
n 0.58 0.24 0.38 0.79 0.16 16025 8900 
n 0.4 0.83 0.84 0.43 0.72 16225 8900 
n 0.18 0.26 0.54 0.75 0.24 16425 8900 
n 0.37 0.14 0.27 0.7 0.19 16025 9600 
n 0.79 0.82 0.18 0.89 0.34 16425 9600 
n 0.8 0.84 0.31 0.69 0.85 16025 9800 
n 0.6 0.63 0.84 0.87 0.23 16225 9800 
n 0.44 0.56 0.74 0.44 0.17 16425 9800 
n 0.54 0.13 0.32 0.11 0.3 16025 10500 
n 0.15 0.65 0.32 0.48 0.55 16425 10450 
n 0.8 0.79 0.78 0.6 0.77 16025 10700 
n 0.62 0.39 0.54 0.22 0.1 16225 10650 
n 0.37 0.72 0.87 0.61 0.55 16425 10650 
n 0.33 0.46 0.28 0.76 0.35 16025 11300 
n 0.76 0.4 0.62 0.38 0.83 16425 11300 
n 0.61 0.21 0.38 0.58 0.76 16025 11500 
n 0.62 0.71 0.88 0.39 0.78 16225 11500 
