t 124 10 4
n 0.79 0.56 0.18 0.56 4475 8657 
n 0.62 0.22 0.85 0.25 4475 8969 
n 0.63 0.11 0.29 0.31 4475 9407 
n 0.45 0.34 0.18 0.46 4475 9719 
n 0.83 0.31 0.23 0.42 5450 10475 
n 0.65 0.83 0.4 0.24 5475 9750 
n 0.71 0.14 0.82 0.68 5475 8650 
n 0.4 0.53 0.44 0.75 4575 8425 
n 0.11 0.54 0.5 0.36 5425 3300 
n 0.88 0.55 0.85 0.66 5425 3000 
n 0.32 0.78 0.15 0.28 5425 2400 
n 0.43 0.74 0.33 0.86 5425 2100 
n 0.43 0.71 0.25 0.82 5425 1800 
n 0.29 0.79 0.29 0.12 6000 2375 
n 0.84 0.29 0.87 0.33 6375 2375 
n 0.27 0.83 0.84 0.11 6000 3375 
n 0.42 0.66 0.66 0.86 6375 3375 
n 0.64 0.71 0.31 0.69 6475 4675 
n 0.28 0.65 0.27 0.78 6475 4875 
n 0.7 0.7 0.35 0.7 6475 5275 
n 0.6 0.11 0.41 0.12 6475 5475 
n 0.1 0.29 0.77 0.8 6100 6675 
n 0.65 0.66 0.54 0.34 6350 6675 
n 0.71 0.52 0.72 0.15 6350 7275 
n 0.54 0.27 0.13 0.43 6100 7275 
n 0.11 0.16 0.5 0.76 6550 7625 
n 0.1 0.89 0.23 0.17 5775 8650 
n 0.3 0.11 0.79 0.47 6075 8650 
n 0.27 0.5 0.59 0.72 6375 8650 
n 0.17 0.48 0.87 0.43 6375 9750 
n 0.18 0.63 0.48 0.89 6075 9750 
n 0.41 0.42 0.82 0.89 5775 9750 
n 0.73 0.81 0.26 0.74 6975 9750 
n 0.67 0.75 0.59 0.56 6675 9750 
n 0.78 0.13 0.45 0.88 6675 8650 
n 0.82 0.6 0.87 0.15 6875 8650 
n 0.41 0.69 0.76 0.68 6850 7275 
n 0.33 0.63 0.72 0.54 6600 7275 
n 0.14 0.61 0.9 0.11 6600 6675 
n 0.25 0.58 0.1 0.6 6850 6675 
n 0.28 0.55 0.37 0.52 7100 5425 
n 0.42 0.67 0.16 0.21 7100 5275 
n 0.41 0.86 0.75 0.27 7100 5075 
n 0.73 0.56 0.81 0.24 7100 4875 
n 0.57 0.41 0.53 0.49 7100 4675 
n 0.34 0.69 0.55 0.53 6925 3300 
n 0.35 0.5 0.11 0.81 6925 3000 
n 0.54 0.62 0.5 0.25 6925 2700 
n 0.25 0.87 0.21 0.7 6925 2400 
n 0.32 0.41 0.12 0.71 6925 2100 
n 0.82 0.7 0.55 0.18 6925 1800 
n 0.49 0.39 0.57 0.87 7700 3725 
n 0.1 0.73 0.51 0.9 7850 3700 
n 0.6 0.22 0.83 0.56 7700 4725 
n 0.31 0.59 0.55 0.84 7750 7475 
n 0.7 0.46 0.16 0.12 8125 7525 
n 0.24 0.73 0.85 0.85 8500 7475 
n 0.44 0.45 0.18 0.73 8500 8225 
n 0.2 0.76 0.47 0.7 7600 9025 
n 0.8 0.83 0.35 0.5 8350 9025 
n 0.78 0.5 0.6 0.39 7975 9075 
n 0.26 0.38 0.66 0.44 8350 9775 
n 0.55 0.38 0.81 0.85 9375 11225 
n 0.77 0.74 0.18 0.82 9531 11225 
n 0.88 0.87 0.87 0.51 9475 10275 
n 0.48 0.54 0.29 0.47 9275 10050 
n 0.87 0.19 0.71 0.23 10375 9525 
n 0.15 0.61 0.62 0.68 9687 11225 
n 0.79 0.35 0.82 0.72 9843 11225 
n 0.71 0.42 0.46 0.33 9999 11225 
n 0.61 0.21 0.64 0.66 10155 11225 
n 0.52 0.77 0.31 0.48 10311 11225 
n 0.43 0.51 0.72 0.32 10467 11225 
n 0.84 0.85 0.88 0.38 10623 11225 
n 0.29 0.27 0.73 0.61 10779 11225 
n 0.41 0.62 0.59 0.77 10935 11225 
n 0.41 0.54 0.24 0.71 11091 11225 
n 0.19 0.84 0.27 0.18 11247 11225 
n 0.77 0.19 0.52 0.4 11403 11225 
n 0.46 0.3 0.56 0.14 11559 11225 
n 0.58 0.11 0.51 0.8 11175 9800 
n 0.19 0.39 0.57 0.7 11275 9475 
n 0.62 0.45 0.45 0.44 10650 9400 
n 0.66 0.68 0.7 0.37 11275 9175 
n 0.53 0.49 0.48 0.34 11125 5350 
n 0.49 0.86 0.38 0.11 11025 4750 
n 0.8 0.41 0.86 0.76 11000 4600 
n 0.49 0.21 0.24 0.6 11000 3600 
n 0.16 0.33 0.16 0.23 11650 3350 
n 0.68 0.72 0.89 0.5 11725 4825 
n 0.34 0.73 0.32 0.12 12500 5950 
n 0.72 0.83 0.3 0.9 11715 11225 
n 0.14 0.16 0.76 0.86 11871 11225 
n 0.46 0.28 0.21 0.88 12027 11225 
n 0.71 0.72 0.62 0.65 12183 11225 
n 0.52 0.21 0.16 0.27 12339 11225 
n 0.69 0.2 0.7 0.85 12495 11225 
n 0.58 0.18 0.15 0.27 12651 11225 
n 0.64 0.31 0.16 0.65 12807 11225 
n 0.23 0.82 0.42 0.13 12963 11225 
n 0.83 0.13 0.37 0.36 13325 6100 
n 0.47 0.5 0.3 0.39 13100 4625 
n 0.45 0.5 0.3 0.71 12825 3800 
n 0.13 0.83 0.41 0.65 12850 2425 
n 0.72 0.78 0.29 0.63 13585 1975 
n 0.85 0.52 0.51 0.74 13585 2131 
n 0.24 0.49 0.4 0.73 13585 2287 
n 0.16 0.76 0.1 0.86 13585 2443 
n 0.47 0.34 0.49 0.49 13585 2599 
n 0.53 0.33 0.55 0.23 13585 2755 
n 0.42 0.11 0.67 0.41 13585 2911 
n 0.35 0.58 0.12 0.22 13585 3067 
n 0.5 0.14 0.26 0.31 13585 3223 
n 0.25 0.68 0.2 0.64 13585 3379 
n 0.44 0.44 0.11 0.44 13585 9615 
n 0.76 0.44 0.21 0.21 13585 9771 
n 0.19 0.66 0.7 0.42 13585 9927 
n 0.67 0.22 0.78 0.5 13585 10083 
n 0.87 0.22 0.57 0.62 13585 10239 
n 0.4 0.51 0.59 0.11 13585 10395 
n 0.8 0.87 0.49 0.69 13585 10551 
n 0.76 0.28 0.28 0.61 13585 10707 
n 0.39 0.64 0.56 0.89 13585 10863 
n 0.4 0.62 0.13 0.29 13585 11019 
