t 124 20 5
n 0.52 0.59 0.65 0.26 0.52 4475 8657 
n 0.63 0.42 0.87 0.36 0.64 4475 8969 
n 0.39 0.11 0.54 0.55 0.66 4475 9407 
n 0.52 0.33 0.72 0.29 0.8 4475 9719 
n 0.64 0.42 0.45 0.46 0.16 5450 10475 
n 0.31 0.86 0.36 0.52 0.4 5475 9750 
n 0.15 0.87 0.58 0.31 0.13 5475 8650 
n 0.52 0.72 0.25 0.78 0.85 4575 8425 
n 0.84 0.72 0.58 0.14 0.59 5425 3300 
n 0.41 0.46 0.66 0.42 0.61 5425 3000 
n 0.24 0.87 0.74 0.77 0.71 5425 2400 
n 0.68 0.86 0.74 0.25 0.6 5425 2100 
n 0.84 0.39 0.31 0.78 0.16 5425 1800 
n 0.16 0.24 0.58 0.34 0.23 6000 2375 
n 0.71 0.27 0.1 0.39 0.81 6375 2375 
n 0.28 0.29 0.64 0.33 0.39 6000 3375 
n 0.86 0.59 0.86 0.65 0.84 6375 3375 
n 0.69 0.33 0.88 0.14 0.59 6475 4675 
n 0.47 0.78 0.75 0.68 0.42 6475 4875 
n 0.21 0.43 0.69 0.51 0.75 6475 5275 
n 0.22 0.15 0.43 0.32 0.76 6475 5475 
n 0.44 0.72 0.73 0.29 0.21 6100 6675 
n 0.81 0.32 0.47 0.83 0.14 6350 6675 
n 0.68 0.9 0.21 0.2 0.69 6350 7275 
n 0.2 0.85 0.78 0.62 0.59 6100 7275 
n 0.55 0.14 0.37 0.55 0.56 6550 7625 
n 0.58 0.65 0.4 0.43 0.73 5775 8650 
n 0.62 0.13 0.8 0.58 0.76 6075 8650 
n 0.58 0.58 0.73 0.57 0.73 6375 8650 
n 0.25 0.74 0.17 0.47 0.42 6375 9750 
n 0.55 0.53 0.84 0.42 0.59 6075 9750 
n 0.84 0.32 0.72 0.9 0.39 5775 9750 
n 0.54 0.17 0.2 0.31 0.56 6975 9750 
n 0.7 0.77 0.59 0.21 0.78 6675 9750 
n 0.76 0.21 0.19 0.77 0.71 6675 8650 
n 0.39 0.78 0.53 0.53 0.3 6875 8650 
n 0.13 0.37 0.17 0.4 0.62 6850 7275 
n 0.71 0.33 0.74 0.3 0.12 6600 7275 
n 0.15 0.72 0.44 0.56 0.76 6600 6675 
n 0.7 0.68 0.52 0.37 0.6 6850 6675 
n 0.61 0.17 0.36 0.26 0.4 7100 5425 
n 0.57 0.74 0.62 0.85 0.42 7100 5275 
n 0.33 0.65 0.28 0.44 0.1 7100 5075 
n 0.26 0.59 0.28 0.26 0.26 7100 4875 
n 0.26 0.45 0.8 0.63 0.84 7100 4675 
n 0.75 0.44 0.3 0.89 0.43 6925 3300 
n 0.36 0.13 0.88 0.8 0.31 6925 3000 
n 0.76 0.66 0.38 0.71 0.35 6925 2700 
n 0.2 0.41 0.26 0.56 0.83 6925 2400 
n 0.72 0.69 0.55 0.79 0.59 6925 2100 
n 0.51 0.23 0.45 0.81 0.86 6925 1800 
n 0.42 0.72 0.87 0.41 0.69 7700 3725 
n 0.51 0.23 0.41 0.17 0.71 7850 3700 
n 0.37 0.24 0.54 0.58 0.36 7700 4725 
n 0.12 0.27 0.17 0.76 0.12 7750 7475 
n 0.3 0.68 0.11 0.5 0.72 8125 7525 
n 0.53 0.33 0.8 0.83 0.46 8500 7475 
n 0.66 0.32 0.75 0.45 0.67 8500 8225 
n 0.81 0.13 0.41 0.5 0.38 7600 9025 
n 0.16 0.65 0.58 0.24 0.38 8350 9025 
n 0.79 0.16 0.4 0.83 0.84 7975 9075 
n 0.43 0.72 0.18 0.26 0.54 8350 9775 
n 0.75 0.24 0.37 0.14 0.27 9375 11225 
n 0.7 0.19 0.79 0.82 0.18 9531 11225 
n 0.89 0.34 0.8 0.84 0.31 9475 10275 
n 0.69 0.85 0.6 0.63 0.84 9275 10050 
n 0.87 0.23 0.44 0.56 0.74 10375 9525 
n 0.44 0.17 0.54 0.13 0.32 9687 11225 
n 0.11 0.3 0.15 0.65 0.32 9843 11225 
n 0.48 0.55 0.8 0.79 0.78 9999 11225 
n 0.6 0.77 0.62 0.39 0.54 10155 11225 
n 0.22 0.1 0.37 0.72 0.87 10311 11225 
n 0.61 0.55 0.33 0.46 0.28 10467 11225 
n 0.76 0.35 0.76 0.4 0.62 10623 11225 
n 0.38 0.83 0.61 0.21 0.38 10779 11225 
n 0.58 0.76 0.62 0.71 0.88 10935 11225 
n 0.39 0.78 0.33 0.71 0.55 11091 11225 
n 0.51 0.48 0.52 0.25 0.88 11247 11225 
n 0.62 0.75 0.71 0.84 0.19 11403 11225 
n 0.4 0.85 0.34 0.4 0.24 11559 11225 
n 0.89 0.22 0.88 0.43 0.27 11175 9800 
n 0.23 0.38 0.32 0.87 0.82 11275 9475 
n 0.35 0.62 0.18 0.52 0.67 10650 9400 
n 0.43 0.11 0.24 0.65 0.15 11275 9175 
n 0.21 0.16 0.56 0.33 0.8 11125 5350 
n 0.83 0.42 0.72 0.8 0.16 11025 4750 
n 0.74 0.32 0.47 0.29 0.53 11000 4600 
n 0.52 0.83 0.3 0.77 0.66 11000 3600 
n 0.36 0.14 0.79 0.6 0.49 11650 3350 
n 0.44 0.26 0.5 0.59 0.86 11725 4825 
n 0.34 0.45 0.79 0.65 0.77 12500 5950 
n 0.31 0.59 0.37 0.71 0.25 11715 11225 
n 0.21 0.17 0.52 0.25 0.15 11871 11225 
n 0.19 0.1 0.57 0.87 0.54 12027 11225 
n 0.56 0.62 0.18 0.23 0.83 12183 11225 
n 0.17 0.73 0.41 0.88 0.34 12339 11225 
n 0.22 0.84 0.22 0.23 0.15 12495 11225 
n 0.64 0.24 0.74 0.79 0.31 12651 11225 
n 0.13 0.53 0.48 0.81 0.23 12807 11225 
n 0.3 0.23 0.74 0.52 0.81 12963 11225 
n 0.62 0.33 0.2 0.47 0.69 13325 6100 
n 0.6 0.22 0.45 0.4 0.26 13100 4625 
n 0.23 0.5 0.2 0.85 0.67 12825 3800 
n 0.72 0.84 0.81 0.44 0.86 12850 2425 
n 0.53 0.15 0.18 0.62 0.61 13585 1975 
n 0.32 0.25 0.55 0.57 0.32 13585 2131 
n 0.84 0.79 0.24 0.82 0.23 13585 2287 
n 0.1 0.19 0.9 0.55 0.51 13585 2443 
n 0.24 0.56 0.77 0.65 0.2 13585 2599 
n 0.67 0.56 0.53 0.76 0.49 13585 2755 
n 0.44 0.67 0.79 0.3 0.19 13585 2911 
n 0.72 0.31 0.58 0.73 0.19 13585 3067 
n 0.86 0.4 0.14 0.86 0.26 13585 3223 
n 0.13 0.25 0.69 0.49 0.49 13585 3379 
n 0.67 0.24 0.34 0.63 0.77 13585 9615 
n 0.57 0.4 0.72 0.42 0.89 13585 9771 
n 0.85 0.4 0.11 0.58 0.8 13585 9927 
n 0.77 0.18 0.19 0.39 0.68 13585 10083 
n 0.26 0.13 0.48 0.59 0.42 13585 10239 
n 0.4 0.7 0.79 0.52 0.32 13585 10395 
n 0.74 0.65 0.26 0.64 0.22 13585 10551 
n 0.41 0.3 0.13 0.27 0.65 13585 10707 
n 0.64 0.61 0.42 0.33 0.17 13585 10863 
n 0.38 0.27 0.57 0.36 0.51 13585 11019 
