t 124 5 3
n 0.49 0.77 0.65 4475 8657 
n 0.15 0.8 0.6 4475 8969 
n 0.1 0.28 0.11 4475 9407 
n 0.52 0.46 0.56 4475 9719 
n 0.44 0.62 0.43 5450 10475 
n 0.22 0.84 0.82 5475 9750 
n 0.25 0.48 0.79 5475 8650 
n 0.46 0.77 0.83 4575 8425 
n 0.75 0.16 0.67 5425 3300 
n 0.58 0.88 0.41 5425 3000 
n 0.57 0.17 0.74 5425 2400 
n 0.17 0.6 0.31 5425 2100 
n 0.51 0.14 0.27 5425 1800 
n 0.52 0.37 0.73 6000 2375 
n 0.17 0.57 0.8 6375 2375 
n 0.82 0.84 0.15 6000 3375 
n 0.39 0.18 0.54 6375 3375 
n 0.36 0.46 0.6 6475 4675 
n 0.2 0.62 0.25 6475 4875 
n 0.38 0.68 0.17 6475 5275 
n 0.24 0.34 0.84 6475 5475 
n 0.39 0.39 0.89 6100 6675 
n 0.44 0.31 0.12 6350 6675 
n 0.78 0.76 0.26 6350 7275 
n 0.74 0.65 0.25 6100 7275 
n 0.18 0.66 0.74 6550 7625 
n 0.51 0.7 0.53 5775 8650 
n 0.39 0.27 0.55 6075 8650 
n 0.59 0.61 0.25 6375 8650 
n 0.7 0.41 0.71 6375 9750 
n 0.78 0.6 0.12 6075 9750 
n 0.87 0.26 0.69 5775 9750 
n 0.38 0.48 0.75 6975 9750 
n 0.28 0.36 0.48 6675 9750 
n 0.41 0.35 0.81 6675 8650 
n 0.49 0.22 0.78 6875 8650 
n 0.74 0.62 0.18 6850 7275 
n 0.87 0.55 0.73 6600 7275 
n 0.54 0.42 0.66 6600 6675 
n 0.75 0.72 0.32 6850 6675 
n 0.47 0.35 0.54 7100 5425 
n 0.9 0.17 0.55 7100 5275 
n 0.1 0.3 0.6 7100 5075 
n 0.56 0.39 0.36 7100 4875 
n 0.5 0.74 0.8 7100 4675 
n 0.15 0.73 0.83 6925 3300 
n 0.53 0.54 0.2 6925 3000 
n 0.78 0.84 0.58 6925 2700 
n 0.41 0.56 0.5 6925 2400 
n 0.41 0.88 0.56 6925 2100 
n 0.21 0.5 0.48 6925 1800 
n 0.39 0.69 0.67 7700 3725 
n 0.2 0.84 0.63 7850 3700 
n 0.86 0.69 0.8 7700 4725 
n 0.64 0.8 0.77 7750 7475 
n 0.21 0.87 0.72 8125 7525 
n 0.12 0.64 0.82 8500 7475 
n 0.18 0.58 0.57 8500 8225 
n 0.11 0.33 0.59 7600 9025 
n 0.23 0.8 0.21 8350 9025 
n 0.69 0.82 0.31 7975 9075 
n 0.79 0.75 0.5 8350 9775 
n 0.4 0.19 0.88 9375 11225 
n 0.26 0.41 0.53 9531 11225 
n 0.15 0.53 0.27 9475 10275 
n 0.48 0.63 0.38 9275 10050 
n 0.63 0.19 0.68 10375 9525 
n 0.57 0.41 0.36 9687 11225 
n 0.8 0.49 0.52 9843 11225 
n 0.4 0.62 0.73 9999 11225 
n 0.81 0.61 0.33 10155 11225 
n 0.26 0.19 0.8 10311 11225 
n 0.61 0.29 0.68 10467 11225 
n 0.85 0.34 0.59 10623 11225 
n 0.83 0.14 0.46 10779 11225 
n 0.82 0.59 0.46 10935 11225 
n 0.35 0.41 0.74 11091 11225 
n 0.56 0.42 0.32 11247 11225 
n 0.48 0.85 0.8 11403 11225 
n 0.89 0.61 0.89 11559 11225 
n 0.62 0.54 0.78 11175 9800 
n 0.32 0.82 0.3 11275 9475 
n 0.83 0.87 0.34 10650 9400 
n 0.76 0.48 0.6 11275 9175 
n 0.23 0.31 0.17 11125 5350 
n 0.73 0.34 0.83 11025 4750 
n 0.18 0.19 0.3 11000 4600 
n 0.41 0.47 0.26 11000 3600 
n 0.72 0.86 0.3 11650 3350 
n 0.49 0.3 0.37 11725 4825 
n 0.55 0.67 0.36 12500 5950 
n 0.83 0.11 0.19 11715 11225 
n 0.31 0.67 0.72 11871 11225 
n 0.14 0.27 0.17 12027 11225 
n 0.2 0.17 0.38 12183 11225 
n 0.37 0.42 0.27 12339 11225 
n 0.67 0.57 0.53 12495 11225 
n 0.85 0.89 0.72 12651 11225 
n 0.74 0.85 0.32 12807 11225 
n 0.84 0.51 0.9 12963 11225 
n 0.3 0.73 0.76 13325 6100 
n 0.17 0.87 0.36 13100 4625 
n 0.59 0.89 0.7 12825 3800 
n 0.76 0.32 0.29 12850 2425 
n 0.58 0.82 0.47 13585 1975 
n 0.74 0.17 0.75 13585 2131 
n 0.88 0.73 0.9 13585 2287 
n 0.64 0.49 0.89 13585 2443 
n 0.27 0.34 0.44 13585 2599 
n 0.41 0.75 0.82 13585 2755 
n 0.34 0.38 0.31 13585 2911 
n 0.2 0.52 0.35 13585 3067 
n 0.4 0.28 0.66 13585 3223 
n 0.19 0.76 0.56 13585 3379 
n 0.77 0.63 0.86 13585 9615 
n 0.12 0.58 0.86 13585 9771 
n 0.27 0.22 0.8 13585 9927 
n 0.25 0.3 0.14 13585 10083 
n 0.26 0.57 0.48 13585 10239 
n 0.69 0.19 0.62 13585 10395 
n 0.17 0.26 0.39 13585 10551 
n 0.56 0.52 0.85 13585 10707 
n 0.42 0.16 0.77 13585 10863 
n 0.53 0.62 0.58 13585 11019 
