t 136 20 4
n 0.27 0.83 0.84 0.11 5300 1965 
n 0.42 0.66 0.66 0.86 7275 1965 
n 0.64 0.71 0.31 0.69 12450 1965 
n 0.28 0.65 0.27 0.78 14425 1965 
n 0.7 0.7 0.35 0.7 4118 2275 
n 0.6 0.11 0.41 0.12 4743 2275 
n 0.1 0.29 0.77 0.8 5935 2275 
n 0.65 0.66 0.54 0.34 6560 2275 
n 0.71 0.52 0.72 0.15 11268 2275 
n 0.54 0.27 0.13 0.43 11893 2275 
n 0.11 0.16 0.5 0.76 13085 2275 
n 0.1 0.89 0.23 0.17 13710 2275 
n 0.3 0.11 0.79 0.47 14425 2590 
n 0.27 0.5 0.59 0.72 12450 2590 
n 0.17 0.48 0.87 0.43 10250 2675 
n 0.18 0.63 0.48 0.89 7275 2590 
n 0.41 0.42 0.82 0.89 5300 2590 
n 0.73 0.81 0.26 0.74 3100 2675 
n 0.67 0.75 0.59 0.56 5300 2760 
n 0.78 0.13 0.45 0.88 7275 2760 
n 0.82 0.6 0.87 0.15 12450 2760 
n 0.41 0.69 0.76 0.68 14425 2760 
n 0.33 0.63 0.72 0.54 13710 3075 
n 0.14 0.61 0.9 0.11 13085 3075 
n 0.25 0.58 0.1 0.6 11893 3075 
n 0.28 0.55 0.37 0.52 11268 3075 
n 0.42 0.67 0.16 0.21 6560 3075 
n 0.41 0.86 0.75 0.27 5935 3075 
n 0.73 0.56 0.81 0.24 4743 3075 
n 0.57 0.41 0.53 0.49 4118 3075 
n 0.34 0.69 0.55 0.53 5300 3385 
n 0.35 0.5 0.11 0.81 7275 3385 
n 0.54 0.62 0.5 0.25 12450 3385 
n 0.25 0.87 0.21 0.7 14425 3385 
n 0.32 0.41 0.12 0.71 14425 4515 
n 0.82 0.7 0.55 0.18 12450 4515 
n 0.49 0.39 0.57 0.87 7275 4515 
n 0.1 0.73 0.51 0.9 5300 4515 
n 0.6 0.22 0.83 0.56 4118 4825 
n 0.31 0.59 0.55 0.84 4743 4825 
n 0.7 0.46 0.16 0.12 5935 4825 
n 0.24 0.73 0.85 0.85 6560 4825 
n 0.44 0.45 0.18 0.73 11268 4825 
n 0.2 0.76 0.47 0.7 11893 4825 
n 0.8 0.83 0.35 0.5 13085 4825 
n 0.78 0.5 0.6 0.39 13710 4825 
n 0.26 0.38 0.66 0.44 14425 5140 
n 0.55 0.38 0.81 0.85 12450 5140 
n 0.77 0.74 0.18 0.82 10250 5225 
n 0.88 0.87 0.87 0.51 7275 5140 
n 0.48 0.54 0.29 0.47 5300 5140 
n 0.87 0.19 0.71 0.23 3100 5225 
n 0.15 0.61 0.62 0.68 5300 5310 
n 0.79 0.35 0.82 0.72 7275 5310 
n 0.71 0.42 0.46 0.33 12450 5310 
n 0.61 0.21 0.64 0.66 14425 5310 
n 0.52 0.77 0.31 0.48 13710 5625 
n 0.43 0.51 0.72 0.32 13085 5625 
n 0.84 0.85 0.88 0.38 11893 5625 
n 0.29 0.27 0.73 0.61 11268 5625 
n 0.41 0.62 0.59 0.77 6560 5625 
n 0.41 0.54 0.24 0.71 5935 5625 
n 0.19 0.84 0.27 0.18 4743 5625 
n 0.77 0.19 0.52 0.4 4118 5625 
n 0.46 0.3 0.56 0.14 5300 5935 
n 0.58 0.11 0.51 0.8 7275 5935 
n 0.19 0.39 0.57 0.7 12450 5935 
n 0.62 0.45 0.45 0.44 14425 5935 
n 0.66 0.68 0.7 0.37 14425 7065 
n 0.53 0.49 0.48 0.34 12450 7065 
n 0.49 0.86 0.38 0.11 7275 7065 
n 0.8 0.41 0.86 0.76 5300 7065 
n 0.49 0.21 0.24 0.6 4118 7375 
n 0.16 0.33 0.16 0.23 4743 7375 
n 0.68 0.72 0.89 0.5 5935 7375 
n 0.34 0.73 0.32 0.12 6560 7375 
n 0.72 0.83 0.3 0.9 11268 7375 
n 0.14 0.16 0.76 0.86 11893 7375 
n 0.46 0.28 0.21 0.88 13085 7375 
n 0.71 0.72 0.62 0.65 13710 7375 
n 0.52 0.21 0.16 0.27 14425 7690 
n 0.69 0.2 0.7 0.85 12450 7690 
n 0.58 0.18 0.15 0.27 7275 7690 
n 0.64 0.31 0.16 0.65 5300 7690 
n 0.23 0.82 0.42 0.13 3100 7775 
n 0.83 0.13 0.37 0.36 5300 7860 
n 0.47 0.5 0.3 0.39 7275 7860 
n 0.45 0.5 0.3 0.71 10250 7775 
n 0.13 0.83 0.41 0.65 12450 7860 
n 0.72 0.78 0.29 0.63 14425 7860 
n 0.85 0.52 0.51 0.74 13710 8175 
n 0.24 0.49 0.4 0.73 13085 8175 
n 0.16 0.76 0.1 0.86 11893 8175 
n 0.47 0.34 0.49 0.49 11268 8175 
n 0.53 0.33 0.55 0.23 6560 8175 
n 0.42 0.11 0.67 0.41 5935 8175 
n 0.35 0.58 0.12 0.22 4743 8175 
n 0.5 0.14 0.26 0.31 4118 8175 
n 0.25 0.68 0.2 0.64 5300 8485 
n 0.44 0.44 0.11 0.44 7275 8485 
n 0.76 0.44 0.21 0.21 12450 8485 
n 0.19 0.66 0.7 0.42 14425 8485 
n 0.67 0.22 0.78 0.5 14425 9615 
n 0.87 0.22 0.57 0.62 12450 9615 
n 0.4 0.51 0.59 0.11 7275 9615 
n 0.8 0.87 0.49 0.69 5300 9615 
n 0.76 0.28 0.28 0.61 4118 9925 
n 0.39 0.64 0.56 0.89 4743 9925 
n 0.4 0.62 0.13 0.29 5935 9925 
n 0.52 0.59 0.65 0.26 6560 9925 
n 0.52 0.63 0.42 0.87 11268 9925 
n 0.36 0.64 0.39 0.11 11893 9925 
n 0.54 0.55 0.66 0.52 13085 9925 
n 0.33 0.72 0.29 0.8 13710 9925 
n 0.64 0.42 0.45 0.46 14425 10240 
n 0.16 0.31 0.86 0.36 12450 10240 
n 0.52 0.4 0.15 0.87 7275 10240 
n 0.58 0.31 0.13 0.52 5300 10240 
n 0.72 0.25 0.78 0.85 3100 10325 
n 0.84 0.72 0.58 0.14 5300 10410 
n 0.59 0.41 0.46 0.66 7275 10410 
n 0.42 0.61 0.24 0.87 10250 10325 
n 0.74 0.77 0.71 0.68 12450 10410 
n 0.86 0.74 0.25 0.6 14425 10410 
n 0.84 0.39 0.31 0.78 13710 10725 
n 0.16 0.16 0.24 0.58 13085 10725 
n 0.34 0.23 0.71 0.27 11893 10725 
n 0.1 0.39 0.81 0.28 11268 10725 
n 0.29 0.64 0.33 0.39 6560 10725 
n 0.86 0.59 0.86 0.65 5935 10725 
n 0.84 0.69 0.33 0.88 4743 10725 
n 0.14 0.59 0.47 0.78 4118 10725 
n 0.75 0.68 0.42 0.21 14425 11035 
n 0.43 0.69 0.51 0.75 12450 11035 
n 0.22 0.15 0.43 0.32 7275 11035 
n 0.76 0.44 0.72 0.73 5300 11035 
