t 136 15 5
n 0.29 0.21 0.81 0.32 0.47 5300 1965 
n 0.83 0.14 0.68 0.9 0.21 7275 1965 
n 0.2 0.69 0.2 0.85 0.78 12450 1965 
n 0.62 0.59 0.55 0.14 0.37 14425 1965 
n 0.55 0.56 0.58 0.65 0.4 4118 2275 
n 0.43 0.73 0.62 0.13 0.8 4743 2275 
n 0.58 0.76 0.58 0.58 0.73 5935 2275 
n 0.57 0.73 0.25 0.74 0.17 6560 2275 
n 0.47 0.42 0.55 0.53 0.84 11268 2275 
n 0.42 0.59 0.84 0.32 0.72 11893 2275 
n 0.9 0.39 0.54 0.17 0.2 13085 2275 
n 0.31 0.56 0.7 0.77 0.59 13710 2275 
n 0.21 0.78 0.76 0.21 0.19 14425 2590 
n 0.77 0.71 0.39 0.78 0.53 12450 2590 
n 0.53 0.3 0.13 0.37 0.17 10250 2675 
n 0.4 0.62 0.71 0.33 0.74 7275 2590 
n 0.3 0.12 0.15 0.72 0.44 5300 2590 
n 0.56 0.76 0.7 0.68 0.52 3100 2675 
n 0.37 0.6 0.61 0.17 0.36 5300 2760 
n 0.26 0.4 0.57 0.74 0.62 7275 2760 
n 0.85 0.42 0.33 0.65 0.28 12450 2760 
n 0.44 0.1 0.26 0.59 0.28 14425 2760 
n 0.26 0.26 0.26 0.45 0.8 13710 3075 
n 0.63 0.84 0.75 0.44 0.3 13085 3075 
n 0.89 0.43 0.36 0.13 0.88 11893 3075 
n 0.8 0.31 0.76 0.66 0.38 11268 3075 
n 0.71 0.35 0.2 0.41 0.26 6560 3075 
n 0.56 0.83 0.72 0.69 0.55 5935 3075 
n 0.79 0.59 0.51 0.23 0.45 4743 3075 
n 0.81 0.86 0.42 0.72 0.87 4118 3075 
n 0.41 0.69 0.51 0.23 0.41 5300 3385 
n 0.17 0.71 0.37 0.24 0.54 7275 3385 
n 0.58 0.36 0.12 0.27 0.17 12450 3385 
n 0.76 0.12 0.3 0.68 0.11 14425 3385 
n 0.5 0.72 0.53 0.33 0.8 14425 4515 
n 0.83 0.46 0.66 0.32 0.75 12450 4515 
n 0.45 0.67 0.81 0.13 0.41 7275 4515 
n 0.5 0.38 0.16 0.65 0.58 5300 4515 
n 0.24 0.38 0.79 0.16 0.4 4118 4825 
n 0.83 0.84 0.43 0.72 0.18 4743 4825 
n 0.26 0.54 0.75 0.24 0.37 5935 4825 
n 0.14 0.27 0.7 0.19 0.79 6560 4825 
n 0.82 0.18 0.89 0.34 0.8 11268 4825 
n 0.84 0.31 0.69 0.85 0.6 11893 4825 
n 0.63 0.84 0.87 0.23 0.44 13085 4825 
n 0.56 0.74 0.44 0.17 0.54 13710 4825 
n 0.13 0.32 0.11 0.3 0.15 14425 5140 
n 0.65 0.32 0.48 0.55 0.8 12450 5140 
n 0.79 0.78 0.6 0.77 0.62 10250 5225 
n 0.39 0.54 0.22 0.1 0.37 7275 5140 
n 0.72 0.87 0.61 0.55 0.33 5300 5140 
n 0.46 0.28 0.76 0.35 0.76 3100 5225 
n 0.4 0.62 0.38 0.83 0.61 5300 5310 
n 0.21 0.38 0.58 0.76 0.62 7275 5310 
n 0.71 0.88 0.39 0.78 0.33 12450 5310 
n 0.71 0.55 0.51 0.48 0.52 14425 5310 
n 0.25 0.88 0.62 0.75 0.71 13710 5625 
n 0.84 0.19 0.4 0.85 0.34 13085 5625 
n 0.4 0.24 0.89 0.22 0.88 11893 5625 
n 0.43 0.27 0.23 0.38 0.32 11268 5625 
n 0.87 0.82 0.35 0.62 0.18 6560 5625 
n 0.52 0.67 0.43 0.11 0.24 5935 5625 
n 0.65 0.15 0.21 0.16 0.56 4743 5625 
n 0.33 0.8 0.83 0.42 0.72 4118 5625 
n 0.8 0.16 0.74 0.32 0.47 5300 5935 
n 0.29 0.53 0.52 0.83 0.3 7275 5935 
n 0.77 0.66 0.36 0.14 0.79 12450 5935 
n 0.6 0.49 0.44 0.26 0.5 14425 5935 
n 0.59 0.86 0.34 0.45 0.79 14425 7065 
n 0.65 0.77 0.31 0.59 0.37 12450 7065 
n 0.71 0.25 0.21 0.17 0.52 7275 7065 
n 0.25 0.15 0.19 0.1 0.57 5300 7065 
n 0.87 0.54 0.56 0.62 0.18 4118 7375 
n 0.23 0.83 0.17 0.73 0.41 4743 7375 
n 0.88 0.34 0.22 0.84 0.22 5935 7375 
n 0.23 0.15 0.64 0.24 0.74 6560 7375 
n 0.79 0.31 0.13 0.53 0.48 11268 7375 
n 0.81 0.23 0.3 0.23 0.74 11893 7375 
n 0.52 0.81 0.62 0.33 0.2 13085 7375 
n 0.47 0.69 0.6 0.22 0.45 13710 7375 
n 0.4 0.26 0.23 0.5 0.2 14425 7690 
n 0.85 0.67 0.72 0.84 0.81 12450 7690 
n 0.44 0.86 0.53 0.15 0.18 7275 7690 
n 0.62 0.61 0.32 0.25 0.55 5300 7690 
n 0.57 0.32 0.84 0.79 0.24 3100 7775 
n 0.82 0.23 0.1 0.19 0.9 5300 7860 
n 0.55 0.51 0.24 0.56 0.77 7275 7860 
n 0.65 0.2 0.67 0.56 0.53 10250 7775 
n 0.76 0.49 0.44 0.67 0.79 12450 7860 
n 0.3 0.19 0.72 0.31 0.58 14425 7860 
n 0.73 0.19 0.86 0.4 0.14 13710 8175 
n 0.86 0.26 0.13 0.25 0.69 13085 8175 
n 0.49 0.49 0.67 0.24 0.34 11893 8175 
n 0.63 0.77 0.57 0.4 0.72 11268 8175 
n 0.42 0.89 0.85 0.4 0.11 6560 8175 
n 0.58 0.8 0.77 0.18 0.19 5935 8175 
n 0.39 0.68 0.26 0.13 0.48 4743 8175 
n 0.59 0.42 0.4 0.7 0.79 4118 8175 
n 0.52 0.32 0.74 0.65 0.26 5300 8485 
n 0.64 0.22 0.41 0.3 0.13 7275 8485 
n 0.27 0.65 0.64 0.61 0.42 12450 8485 
n 0.33 0.17 0.38 0.27 0.57 14425 8485 
n 0.36 0.51 0.43 0.26 0.24 14425 9615 
n 0.76 0.78 0.63 0.11 0.28 12450 9615 
n 0.15 0.29 0.48 0.46 0.78 7275 9615 
n 0.79 0.72 0.11 0.23 0.43 5300 9615 
n 0.88 0.38 0.39 0.89 0.32 4118 9925 
n 0.4 0.19 0.28 0.86 0.18 4743 9925 
n 0.2 0.8 0.64 0.81 0.73 5935 9925 
n 0.27 0.21 0.84 0.45 0.64 6560 9925 
n 0.88 0.61 0.73 0.55 0.23 11268 9925 
n 0.23 0.41 0.19 0.86 0.26 11893 9925 
n 0.43 0.18 0.6 0.16 0.61 13085 9925 
n 0.14 0.77 0.57 0.63 0.37 13710 9925 
n 0.17 0.46 0.19 0.23 0.83 14425 10240 
n 0.67 0.85 0.71 0.46 0.39 12450 10240 
n 0.67 0.79 0.67 0.18 0.42 7275 10240 
n 0.66 0.57 0.76 0.14 0.36 5300 10240 
n 0.32 0.85 0.75 0.35 0.33 3100 10325 
n 0.89 0.46 0.62 0.81 0.89 5300 10410 
n 0.72 0.11 0.89 0.22 0.34 7275 10410 
n 0.73 0.19 0.79 0.11 0.76 10250 10325 
n 0.6 0.52 0.56 0.51 0.8 12450 10410 
n 0.13 0.56 0.19 0.62 0.81 14425 10410 
n 0.74 0.35 0.29 0.62 0.75 13710 10725 
n 0.71 0.88 0.86 0.69 0.75 13085 10725 
n 0.4 0.65 0.58 0.79 0.62 11893 10725 
n 0.71 0.45 0.87 0.21 0.42 11268 10725 
n 0.28 0.45 0.54 0.26 0.37 6560 10725 
n 0.52 0.2 0.71 0.72 0.5 5935 10725 
n 0.32 0.76 0.7 0.55 0.77 4743 10725 
n 0.62 0.34 0.63 0.5 0.11 4118 10725 
n 0.31 0.44 0.14 0.41 0.41 14425 11035 
n 0.35 0.84 0.28 0.61 0.34 12450 11035 
n 0.55 0.65 0.7 0.9 0.55 7275 11035 
n 0.42 0.22 0.6 0.64 0.68 5300 11035 
