t 136 10 3
n 0.75 0.16 0.67 5300 1965 
n 0.58 0.88 0.41 7275 1965 
n 0.57 0.17 0.74 12450 1965 
n 0.17 0.6 0.31 14425 1965 
n 0.51 0.14 0.27 4118 2275 
n 0.52 0.37 0.73 4743 2275 
n 0.17 0.57 0.8 5935 2275 
n 0.82 0.84 0.15 6560 2275 
n 0.39 0.18 0.54 11268 2275 
n 0.36 0.46 0.6 11893 2275 
n 0.2 0.62 0.25 13085 2275 
n 0.38 0.68 0.17 13710 2275 
n 0.24 0.34 0.84 14425 2590 
n 0.39 0.39 0.89 12450 2590 
n 0.44 0.31 0.12 10250 2675 
n 0.78 0.76 0.26 7275 2590 
n 0.74 0.65 0.25 5300 2590 
n 0.18 0.66 0.74 3100 2675 
n 0.51 0.7 0.53 5300 2760 
n 0.39 0.27 0.55 7275 2760 
n 0.59 0.61 0.25 12450 2760 
n 0.7 0.41 0.71 14425 2760 
n 0.78 0.6 0.12 13710 3075 
n 0.87 0.26 0.69 13085 3075 
n 0.38 0.48 0.75 11893 3075 
n 0.28 0.36 0.48 11268 3075 
n 0.41 0.35 0.81 6560 3075 
n 0.49 0.22 0.78 5935 3075 
n 0.74 0.62 0.18 4743 3075 
n 0.87 0.55 0.73 4118 3075 
n 0.54 0.42 0.66 5300 3385 
n 0.75 0.72 0.32 7275 3385 
n 0.47 0.35 0.54 12450 3385 
n 0.9 0.17 0.55 14425 3385 
n 0.1 0.3 0.6 14425 4515 
n 0.56 0.39 0.36 12450 4515 
n 0.5 0.74 0.8 7275 4515 
n 0.15 0.73 0.83 5300 4515 
n 0.53 0.54 0.2 4118 4825 
n 0.78 0.84 0.58 4743 4825 
n 0.41 0.56 0.5 5935 4825 
n 0.41 0.88 0.56 6560 4825 
n 0.21 0.5 0.48 11268 4825 
n 0.39 0.69 0.67 11893 4825 
n 0.2 0.84 0.63 13085 4825 
n 0.86 0.69 0.8 13710 4825 
n 0.64 0.8 0.77 14425 5140 
n 0.21 0.87 0.72 12450 5140 
n 0.12 0.64 0.82 10250 5225 
n 0.18 0.58 0.57 7275 5140 
n 0.11 0.33 0.59 5300 5140 
n 0.23 0.8 0.21 3100 5225 
n 0.69 0.82 0.31 5300 5310 
n 0.79 0.75 0.5 7275 5310 
n 0.4 0.19 0.88 12450 5310 
n 0.26 0.41 0.53 14425 5310 
n 0.15 0.53 0.27 13710 5625 
n 0.48 0.63 0.38 13085 5625 
n 0.63 0.19 0.68 11893 5625 
n 0.57 0.41 0.36 11268 5625 
n 0.8 0.49 0.52 6560 5625 
n 0.4 0.62 0.73 5935 5625 
n 0.81 0.61 0.33 4743 5625 
n 0.26 0.19 0.8 4118 5625 
n 0.61 0.29 0.68 5300 5935 
n 0.85 0.34 0.59 7275 5935 
n 0.83 0.14 0.46 12450 5935 
n 0.82 0.59 0.46 14425 5935 
n 0.35 0.41 0.74 14425 7065 
n 0.56 0.42 0.32 12450 7065 
n 0.48 0.85 0.8 7275 7065 
n 0.89 0.61 0.89 5300 7065 
n 0.62 0.54 0.78 4118 7375 
n 0.32 0.82 0.3 4743 7375 
n 0.83 0.87 0.34 5935 7375 
n 0.76 0.48 0.6 6560 7375 
n 0.23 0.31 0.17 11268 7375 
n 0.73 0.34 0.83 11893 7375 
n 0.18 0.19 0.3 13085 7375 
n 0.41 0.47 0.26 13710 7375 
n 0.72 0.86 0.3 14425 7690 
n 0.49 0.3 0.37 12450 7690 
n 0.55 0.67 0.36 7275 7690 
n 0.83 0.11 0.19 5300 7690 
n 0.31 0.67 0.72 3100 7775 
n 0.14 0.27 0.17 5300 7860 
n 0.2 0.17 0.38 7275 7860 
n 0.37 0.42 0.27 10250 7775 
n 0.67 0.57 0.53 12450 7860 
n 0.85 0.89 0.72 14425 7860 
n 0.74 0.85 0.32 13710 8175 
n 0.84 0.51 0.9 13085 8175 
n 0.3 0.73 0.76 11893 8175 
n 0.17 0.87 0.36 11268 8175 
n 0.59 0.89 0.7 6560 8175 
n 0.76 0.32 0.29 5935 8175 
n 0.58 0.82 0.47 4743 8175 
n 0.74 0.17 0.75 4118 8175 
n 0.88 0.73 0.9 5300 8485 
n 0.64 0.49 0.89 7275 8485 
n 0.27 0.34 0.44 12450 8485 
n 0.41 0.75 0.82 14425 8485 
n 0.34 0.38 0.31 14425 9615 
n 0.2 0.52 0.35 12450 9615 
n 0.4 0.28 0.66 7275 9615 
n 0.19 0.76 0.56 5300 9615 
n 0.77 0.63 0.86 4118 9925 
n 0.12 0.58 0.86 4743 9925 
n 0.27 0.22 0.8 5935 9925 
n 0.25 0.3 0.14 6560 9925 
n 0.26 0.57 0.48 11268 9925 
n 0.69 0.19 0.62 11893 9925 
n 0.17 0.26 0.39 13085 9925 
n 0.56 0.52 0.85 13710 9925 
n 0.42 0.16 0.77 14425 10240 
n 0.53 0.62 0.58 12450 10240 
n 0.79 0.56 0.18 7275 10240 
n 0.56 0.62 0.22 5300 10240 
n 0.85 0.25 0.63 3100 10325 
n 0.11 0.29 0.31 5300 10410 
n 0.45 0.34 0.18 7275 10410 
n 0.46 0.83 0.31 10250 10325 
n 0.23 0.42 0.65 12450 10410 
n 0.83 0.4 0.24 14425 10410 
n 0.71 0.14 0.82 13710 10725 
n 0.68 0.4 0.53 13085 10725 
n 0.44 0.75 0.11 11893 10725 
n 0.54 0.5 0.36 11268 10725 
n 0.88 0.55 0.85 6560 10725 
n 0.66 0.32 0.78 5935 10725 
n 0.15 0.28 0.43 4743 10725 
n 0.74 0.33 0.86 4118 10725 
n 0.43 0.71 0.25 14425 11035 
n 0.82 0.29 0.79 12450 11035 
n 0.29 0.12 0.84 7275 11035 
n 0.29 0.87 0.33 5300 11035 
