t 144 5 3
n 0.37 0.73 0.17 4350 4425 
n 0.57 0.8 0.82 4500 4425 
n 0.84 0.15 0.39 4300 4725 
n 0.18 0.54 0.36 4300 4825 
n 0.46 0.6 0.2 4300 4950 
n 0.62 0.25 0.38 4300 5050 
n 0.68 0.17 0.24 4350 8875 
n 0.34 0.84 0.39 4500 8875 
n 0.39 0.89 0.44 4300 9175 
n 0.31 0.12 0.78 4300 9275 
n 0.76 0.26 0.74 4300 9400 
n 0.65 0.25 0.18 4300 9500 
n 0.66 0.74 0.51 4950 10600 
n 0.7 0.53 0.39 5150 10600 
n 0.27 0.55 0.59 5525 9525 
n 0.61 0.25 0.7 5525 9425 
n 0.41 0.71 0.78 5525 9225 
n 0.6 0.12 0.87 5525 9125 
n 0.26 0.69 0.38 4950 8875 
n 0.48 0.75 0.28 5250 8875 
n 0.36 0.48 0.41 5550 8875 
n 0.35 0.81 0.49 4950 6150 
n 0.22 0.78 0.74 5150 6150 
n 0.62 0.18 0.87 5525 5075 
n 0.55 0.73 0.54 5525 4975 
n 0.42 0.66 0.75 5525 4775 
n 0.72 0.32 0.47 5525 4675 
n 0.35 0.54 0.9 4950 4425 
n 0.17 0.55 0.1 5250 4425 
n 0.3 0.6 0.56 5550 4425 
n 0.39 0.36 0.5 5875 2325 
n 0.74 0.8 0.15 5875 2475 
n 0.73 0.83 0.53 5875 2625 
n 0.54 0.2 0.78 5875 2775 
n 0.84 0.58 0.41 5675 4825 
n 0.56 0.5 0.41 5675 4925 
n 0.88 0.56 0.21 5875 6775 
n 0.5 0.48 0.39 5875 6925 
n 0.69 0.67 0.2 5875 7075 
n 0.84 0.63 0.86 5875 7225 
n 0.69 0.8 0.64 5675 9275 
n 0.8 0.77 0.21 5675 9375 
n 0.87 0.72 0.12 8125 10150 
n 0.64 0.82 0.18 8225 10150 
n 0.58 0.57 0.11 8325 10150 
n 0.33 0.59 0.23 8125 5700 
n 0.8 0.21 0.69 8225 5700 
n 0.82 0.31 0.79 8325 5700 
n 0.75 0.5 0.4 8675 3150 
n 0.19 0.88 0.26 8675 3250 
n 0.41 0.53 0.15 8675 3350 
n 0.53 0.27 0.48 8675 3450 
n 0.63 0.38 0.63 8675 3550 
n 0.19 0.68 0.57 8675 3650 
n 0.41 0.36 0.8 8675 3750 
n 0.49 0.52 0.4 8675 3850 
n 0.62 0.73 0.81 8675 3950 
n 0.61 0.33 0.26 8675 4050 
n 0.19 0.8 0.61 8425 5700 
n 0.29 0.68 0.85 8525 5700 
n 0.34 0.59 0.83 8675 7600 
n 0.14 0.46 0.82 8675 7700 
n 0.59 0.46 0.35 8675 7800 
n 0.41 0.74 0.56 8675 7900 
n 0.42 0.32 0.48 8675 8000 
n 0.85 0.8 0.89 8675 8100 
n 0.61 0.89 0.62 8675 8200 
n 0.54 0.78 0.32 8675 8300 
n 0.82 0.3 0.83 8675 8400 
n 0.87 0.34 0.76 8675 8500 
n 0.48 0.6 0.23 8425 10150 
n 0.31 0.17 0.73 8525 10150 
n 0.34 0.83 0.18 10850 9500 
n 0.19 0.3 0.41 10850 9400 
n 0.47 0.26 0.72 10850 9275 
n 0.86 0.3 0.49 10850 9175 
n 0.3 0.37 0.55 10900 8875 
n 0.67 0.36 0.83 11050 8875 
n 0.11 0.19 0.31 10850 5050 
n 0.67 0.72 0.14 10850 4950 
n 0.27 0.17 0.2 10850 4825 
n 0.17 0.38 0.37 10850 4725 
n 0.42 0.27 0.67 10900 4425 
n 0.57 0.53 0.85 11050 4425 
n 0.89 0.72 0.74 11500 4425 
n 0.85 0.32 0.84 11800 4425 
n 0.51 0.9 0.3 11500 6150 
n 0.73 0.76 0.17 11700 6150 
n 0.87 0.36 0.59 11500 8875 
n 0.89 0.7 0.76 11800 8875 
n 0.32 0.29 0.58 11500 10600 
n 0.82 0.47 0.74 11700 10600 
n 0.17 0.75 0.88 12075 9525 
n 0.73 0.9 0.64 12075 9425 
n 0.49 0.89 0.27 12225 9375 
n 0.34 0.44 0.41 12225 9275 
n 0.75 0.82 0.34 12075 9225 
n 0.38 0.31 0.2 12075 9125 
n 0.52 0.35 0.4 12100 8875 
n 0.28 0.66 0.19 12425 7225 
n 0.76 0.56 0.77 12425 7075 
n 0.63 0.86 0.12 12425 6925 
n 0.58 0.86 0.27 12425 6775 
n 0.22 0.8 0.25 12075 5075 
n 0.3 0.14 0.26 12075 4975 
n 0.57 0.48 0.69 12225 4925 
n 0.19 0.62 0.17 12225 4825 
n 0.26 0.39 0.56 12075 4775 
n 0.52 0.85 0.42 12075 4675 
n 0.16 0.77 0.53 12100 4425 
n 0.62 0.58 0.79 12425 2775 
n 0.56 0.18 0.56 12425 2625 
n 0.62 0.22 0.85 12425 2475 
n 0.25 0.63 0.11 12425 2325 
n 0.29 0.31 0.45 14675 5700 
n 0.34 0.18 0.46 14675 10150 
n 0.83 0.31 0.23 14775 10150 
n 0.42 0.65 0.83 14875 10150 
n 0.4 0.24 0.71 14975 10150 
n 0.14 0.82 0.68 15075 10150 
n 0.4 0.53 0.44 15225 8500 
n 0.75 0.11 0.54 15225 8400 
n 0.5 0.36 0.88 15225 8300 
n 0.55 0.85 0.66 15225 8200 
n 0.32 0.78 0.15 15225 8100 
n 0.28 0.43 0.74 15225 8000 
n 0.33 0.86 0.43 15225 7900 
n 0.71 0.25 0.82 15225 7800 
n 0.29 0.79 0.29 15225 7700 
n 0.12 0.84 0.29 15225 7600 
n 0.87 0.33 0.27 14775 5700 
n 0.83 0.84 0.11 14875 5700 
n 0.42 0.66 0.66 14975 5700 
n 0.86 0.64 0.71 15075 5700 
n 0.31 0.69 0.28 15225 4050 
n 0.65 0.27 0.78 15225 3950 
n 0.7 0.7 0.35 15225 3850 
n 0.7 0.6 0.11 15225 3750 
n 0.41 0.12 0.1 15225 3650 
n 0.29 0.77 0.8 15225 3550 
n 0.65 0.66 0.54 15225 3450 
n 0.34 0.71 0.52 15225 3350 
n 0.72 0.15 0.54 15225 3250 
n 0.27 0.13 0.43 15225 3150 
