t 144 10 5
n 0.13 0.37 0.17 0.4 0.62 4350 4425 
n 0.71 0.33 0.74 0.3 0.12 4500 4425 
n 0.15 0.72 0.44 0.56 0.76 4300 4725 
n 0.7 0.68 0.52 0.37 0.6 4300 4825 
n 0.61 0.17 0.36 0.26 0.4 4300 4950 
n 0.57 0.74 0.62 0.85 0.42 4300 5050 
n 0.33 0.65 0.28 0.44 0.1 4350 8875 
n 0.26 0.59 0.28 0.26 0.26 4500 8875 
n 0.26 0.45 0.8 0.63 0.84 4300 9175 
n 0.75 0.44 0.3 0.89 0.43 4300 9275 
n 0.36 0.13 0.88 0.8 0.31 4300 9400 
n 0.76 0.66 0.38 0.71 0.35 4300 9500 
n 0.2 0.41 0.26 0.56 0.83 4950 10600 
n 0.72 0.69 0.55 0.79 0.59 5150 10600 
n 0.51 0.23 0.45 0.81 0.86 5525 9525 
n 0.42 0.72 0.87 0.41 0.69 5525 9425 
n 0.51 0.23 0.41 0.17 0.71 5525 9225 
n 0.37 0.24 0.54 0.58 0.36 5525 9125 
n 0.12 0.27 0.17 0.76 0.12 4950 8875 
n 0.3 0.68 0.11 0.5 0.72 5250 8875 
n 0.53 0.33 0.8 0.83 0.46 5550 8875 
n 0.66 0.32 0.75 0.45 0.67 4950 6150 
n 0.81 0.13 0.41 0.5 0.38 5150 6150 
n 0.16 0.65 0.58 0.24 0.38 5525 5075 
n 0.79 0.16 0.4 0.83 0.84 5525 4975 
n 0.43 0.72 0.18 0.26 0.54 5525 4775 
n 0.75 0.24 0.37 0.14 0.27 5525 4675 
n 0.7 0.19 0.79 0.82 0.18 4950 4425 
n 0.89 0.34 0.8 0.84 0.31 5250 4425 
n 0.69 0.85 0.6 0.63 0.84 5550 4425 
n 0.87 0.23 0.44 0.56 0.74 5875 2325 
n 0.44 0.17 0.54 0.13 0.32 5875 2475 
n 0.11 0.3 0.15 0.65 0.32 5875 2625 
n 0.48 0.55 0.8 0.79 0.78 5875 2775 
n 0.6 0.77 0.62 0.39 0.54 5675 4825 
n 0.22 0.1 0.37 0.72 0.87 5675 4925 
n 0.61 0.55 0.33 0.46 0.28 5875 6775 
n 0.76 0.35 0.76 0.4 0.62 5875 6925 
n 0.38 0.83 0.61 0.21 0.38 5875 7075 
n 0.58 0.76 0.62 0.71 0.88 5875 7225 
n 0.39 0.78 0.33 0.71 0.55 5675 9275 
n 0.51 0.48 0.52 0.25 0.88 5675 9375 
n 0.62 0.75 0.71 0.84 0.19 8125 10150 
n 0.4 0.85 0.34 0.4 0.24 8225 10150 
n 0.89 0.22 0.88 0.43 0.27 8325 10150 
n 0.23 0.38 0.32 0.87 0.82 8125 5700 
n 0.35 0.62 0.18 0.52 0.67 8225 5700 
n 0.43 0.11 0.24 0.65 0.15 8325 5700 
n 0.21 0.16 0.56 0.33 0.8 8675 3150 
n 0.83 0.42 0.72 0.8 0.16 8675 3250 
n 0.74 0.32 0.47 0.29 0.53 8675 3350 
n 0.52 0.83 0.3 0.77 0.66 8675 3450 
n 0.36 0.14 0.79 0.6 0.49 8675 3550 
n 0.44 0.26 0.5 0.59 0.86 8675 3650 
n 0.34 0.45 0.79 0.65 0.77 8675 3750 
n 0.31 0.59 0.37 0.71 0.25 8675 3850 
n 0.21 0.17 0.52 0.25 0.15 8675 3950 
n 0.19 0.1 0.57 0.87 0.54 8675 4050 
n 0.56 0.62 0.18 0.23 0.83 8425 5700 
n 0.17 0.73 0.41 0.88 0.34 8525 5700 
n 0.22 0.84 0.22 0.23 0.15 8675 7600 
n 0.64 0.24 0.74 0.79 0.31 8675 7700 
n 0.13 0.53 0.48 0.81 0.23 8675 7800 
n 0.3 0.23 0.74 0.52 0.81 8675 7900 
n 0.62 0.33 0.2 0.47 0.69 8675 8000 
n 0.6 0.22 0.45 0.4 0.26 8675 8100 
n 0.23 0.5 0.2 0.85 0.67 8675 8200 
n 0.72 0.84 0.81 0.44 0.86 8675 8300 
n 0.53 0.15 0.18 0.62 0.61 8675 8400 
n 0.32 0.25 0.55 0.57 0.32 8675 8500 
n 0.84 0.79 0.24 0.82 0.23 8425 10150 
n 0.1 0.19 0.9 0.55 0.51 8525 10150 
n 0.24 0.56 0.77 0.65 0.2 10850 9500 
n 0.67 0.56 0.53 0.76 0.49 10850 9400 
n 0.44 0.67 0.79 0.3 0.19 10850 9275 
n 0.72 0.31 0.58 0.73 0.19 10850 9175 
n 0.86 0.4 0.14 0.86 0.26 10900 8875 
n 0.13 0.25 0.69 0.49 0.49 11050 8875 
n 0.67 0.24 0.34 0.63 0.77 10850 5050 
n 0.57 0.4 0.72 0.42 0.89 10850 4950 
n 0.85 0.4 0.11 0.58 0.8 10850 4825 
n 0.77 0.18 0.19 0.39 0.68 10850 4725 
n 0.26 0.13 0.48 0.59 0.42 10900 4425 
n 0.4 0.7 0.79 0.52 0.32 11050 4425 
n 0.74 0.65 0.26 0.64 0.22 11500 4425 
n 0.41 0.3 0.13 0.27 0.65 11800 4425 
n 0.64 0.61 0.42 0.33 0.17 11500 6150 
n 0.38 0.27 0.57 0.36 0.51 11700 6150 
n 0.43 0.26 0.24 0.76 0.78 11500 8875 
n 0.63 0.11 0.28 0.15 0.29 11800 8875 
n 0.48 0.46 0.78 0.79 0.72 11500 10600 
n 0.11 0.23 0.43 0.88 0.38 11700 10600 
n 0.39 0.89 0.32 0.4 0.19 12075 9525 
n 0.28 0.86 0.18 0.2 0.8 12075 9425 
n 0.64 0.81 0.73 0.27 0.21 12225 9375 
n 0.84 0.45 0.64 0.88 0.61 12225 9275 
n 0.73 0.55 0.23 0.23 0.41 12075 9225 
n 0.19 0.86 0.26 0.43 0.18 12075 9125 
n 0.6 0.16 0.61 0.14 0.77 12100 8875 
n 0.57 0.63 0.37 0.17 0.46 12425 7225 
n 0.19 0.23 0.83 0.67 0.85 12425 7075 
n 0.71 0.46 0.39 0.67 0.79 12425 6925 
n 0.67 0.18 0.42 0.66 0.57 12425 6775 
n 0.76 0.14 0.36 0.32 0.85 12075 5075 
n 0.75 0.35 0.33 0.89 0.46 12075 4975 
n 0.62 0.81 0.89 0.72 0.11 12225 4925 
n 0.89 0.22 0.34 0.73 0.19 12225 4825 
n 0.79 0.11 0.76 0.6 0.52 12075 4775 
n 0.56 0.51 0.8 0.13 0.56 12075 4675 
n 0.19 0.62 0.81 0.74 0.35 12100 4425 
n 0.29 0.62 0.75 0.71 0.88 12425 2775 
n 0.86 0.69 0.75 0.4 0.65 12425 2625 
n 0.58 0.79 0.62 0.71 0.45 12425 2475 
n 0.87 0.21 0.42 0.28 0.45 12425 2325 
n 0.54 0.26 0.37 0.52 0.2 14675 5700 
n 0.71 0.72 0.5 0.32 0.76 14675 10150 
n 0.7 0.55 0.77 0.62 0.34 14775 10150 
n 0.63 0.5 0.11 0.31 0.44 14875 10150 
n 0.14 0.41 0.41 0.35 0.84 14975 10150 
n 0.28 0.61 0.34 0.55 0.65 15075 10150 
n 0.7 0.9 0.55 0.42 0.22 15225 8500 
n 0.6 0.64 0.68 0.41 0.66 15225 8400 
n 0.27 0.22 0.74 0.34 0.32 15225 8300 
n 0.22 0.38 0.56 0.82 0.41 15225 8200 
n 0.72 0.87 0.1 0.21 0.87 15225 8100 
n 0.33 0.28 0.29 0.39 0.25 15225 8000 
n 0.53 0.16 0.83 0.16 0.53 15225 7900 
n 0.68 0.28 0.63 0.26 0.34 15225 7800 
n 0.56 0.47 0.15 0.56 0.6 15225 7700 
n 0.6 0.73 0.74 0.71 0.76 15225 7600 
n 0.69 0.26 0.18 0.63 0.41 14775 5700 
n 0.7 0.19 0.83 0.76 0.39 14875 5700 
n 0.7 0.21 0.73 0.47 0.1 14975 5700 
n 0.87 0.5 0.85 0.83 0.37 15075 5700 
n 0.54 0.78 0.78 0.37 0.69 15225 4050 
n 0.85 0.11 0.44 0.6 0.74 15225 3950 
n 0.56 0.2 0.51 0.42 0.6 15225 3850 
n 0.71 0.34 0.5 0.82 0.51 15225 3750 
n 0.29 0.17 0.58 0.86 0.83 15225 3650 
n 0.87 0.51 0.19 0.3 0.42 15225 3550 
n 0.14 0.18 0.84 0.76 0.29 15225 3450 
n 0.75 0.68 0.61 0.41 0.72 15225 3350 
n 0.66 0.21 0.46 0.3 0.31 15225 3250 
n 0.2 0.22 0.27 0.4 0.41 15225 3150 
