t 144 15 4
n 0.11 0.16 0.5 0.76 4350 4425 
n 0.1 0.89 0.23 0.17 4500 4425 
n 0.3 0.11 0.79 0.47 4300 4725 
n 0.27 0.5 0.59 0.72 4300 4825 
n 0.17 0.48 0.87 0.43 4300 4950 
n 0.18 0.63 0.48 0.89 4300 5050 
n 0.41 0.42 0.82 0.89 4350 8875 
n 0.73 0.81 0.26 0.74 4500 8875 
n 0.67 0.75 0.59 0.56 4300 9175 
n 0.78 0.13 0.45 0.88 4300 9275 
n 0.82 0.6 0.87 0.15 4300 9400 
n 0.41 0.69 0.76 0.68 4300 9500 
n 0.33 0.63 0.72 0.54 4950 10600 
n 0.14 0.61 0.9 0.11 5150 10600 
n 0.25 0.58 0.1 0.6 5525 9525 
n 0.28 0.55 0.37 0.52 5525 9425 
n 0.42 0.67 0.16 0.21 5525 9225 
n 0.41 0.86 0.75 0.27 5525 9125 
n 0.73 0.56 0.81 0.24 4950 8875 
n 0.57 0.41 0.53 0.49 5250 8875 
n 0.34 0.69 0.55 0.53 5550 8875 
n 0.35 0.5 0.11 0.81 4950 6150 
n 0.54 0.62 0.5 0.25 5150 6150 
n 0.25 0.87 0.21 0.7 5525 5075 
n 0.32 0.41 0.12 0.71 5525 4975 
n 0.82 0.7 0.55 0.18 5525 4775 
n 0.49 0.39 0.57 0.87 5525 4675 
n 0.1 0.73 0.51 0.9 4950 4425 
n 0.6 0.22 0.83 0.56 5250 4425 
n 0.31 0.59 0.55 0.84 5550 4425 
n 0.7 0.46 0.16 0.12 5875 2325 
n 0.24 0.73 0.85 0.85 5875 2475 
n 0.44 0.45 0.18 0.73 5875 2625 
n 0.2 0.76 0.47 0.7 5875 2775 
n 0.8 0.83 0.35 0.5 5675 4825 
n 0.78 0.5 0.6 0.39 5675 4925 
n 0.26 0.38 0.66 0.44 5875 6775 
n 0.55 0.38 0.81 0.85 5875 6925 
n 0.77 0.74 0.18 0.82 5875 7075 
n 0.88 0.87 0.87 0.51 5875 7225 
n 0.48 0.54 0.29 0.47 5675 9275 
n 0.87 0.19 0.71 0.23 5675 9375 
n 0.15 0.61 0.62 0.68 8125 10150 
n 0.79 0.35 0.82 0.72 8225 10150 
n 0.71 0.42 0.46 0.33 8325 10150 
n 0.61 0.21 0.64 0.66 8125 5700 
n 0.52 0.77 0.31 0.48 8225 5700 
n 0.43 0.51 0.72 0.32 8325 5700 
n 0.84 0.85 0.88 0.38 8675 3150 
n 0.29 0.27 0.73 0.61 8675 3250 
n 0.41 0.62 0.59 0.77 8675 3350 
n 0.41 0.54 0.24 0.71 8675 3450 
n 0.19 0.84 0.27 0.18 8675 3550 
n 0.77 0.19 0.52 0.4 8675 3650 
n 0.46 0.3 0.56 0.14 8675 3750 
n 0.58 0.11 0.51 0.8 8675 3850 
n 0.19 0.39 0.57 0.7 8675 3950 
n 0.62 0.45 0.45 0.44 8675 4050 
n 0.66 0.68 0.7 0.37 8425 5700 
n 0.53 0.49 0.48 0.34 8525 5700 
n 0.49 0.86 0.38 0.11 8675 7600 
n 0.8 0.41 0.86 0.76 8675 7700 
n 0.49 0.21 0.24 0.6 8675 7800 
n 0.16 0.33 0.16 0.23 8675 7900 
n 0.68 0.72 0.89 0.5 8675 8000 
n 0.34 0.73 0.32 0.12 8675 8100 
n 0.72 0.83 0.3 0.9 8675 8200 
n 0.14 0.16 0.76 0.86 8675 8300 
n 0.46 0.28 0.21 0.88 8675 8400 
n 0.71 0.72 0.62 0.65 8675 8500 
n 0.52 0.21 0.16 0.27 8425 10150 
n 0.69 0.2 0.7 0.85 8525 10150 
n 0.58 0.18 0.15 0.27 10850 9500 
n 0.64 0.31 0.16 0.65 10850 9400 
n 0.23 0.82 0.42 0.13 10850 9275 
n 0.83 0.13 0.37 0.36 10850 9175 
n 0.47 0.5 0.3 0.39 10900 8875 
n 0.45 0.5 0.3 0.71 11050 8875 
n 0.13 0.83 0.41 0.65 10850 5050 
n 0.72 0.78 0.29 0.63 10850 4950 
n 0.85 0.52 0.51 0.74 10850 4825 
n 0.24 0.49 0.4 0.73 10850 4725 
n 0.16 0.76 0.1 0.86 10900 4425 
n 0.47 0.34 0.49 0.49 11050 4425 
n 0.53 0.33 0.55 0.23 11500 4425 
n 0.42 0.11 0.67 0.41 11800 4425 
n 0.35 0.58 0.12 0.22 11500 6150 
n 0.5 0.14 0.26 0.31 11700 6150 
n 0.25 0.68 0.2 0.64 11500 8875 
n 0.44 0.44 0.11 0.44 11800 8875 
n 0.76 0.44 0.21 0.21 11500 10600 
n 0.19 0.66 0.7 0.42 11700 10600 
n 0.67 0.22 0.78 0.5 12075 9525 
n 0.87 0.22 0.57 0.62 12075 9425 
n 0.4 0.51 0.59 0.11 12225 9375 
n 0.8 0.87 0.49 0.69 12225 9275 
n 0.76 0.28 0.28 0.61 12075 9225 
n 0.39 0.64 0.56 0.89 12075 9125 
n 0.4 0.62 0.13 0.29 12100 8875 
n 0.52 0.59 0.65 0.26 12425 7225 
n 0.52 0.63 0.42 0.87 12425 7075 
n 0.36 0.64 0.39 0.11 12425 6925 
n 0.54 0.55 0.66 0.52 12425 6775 
n 0.33 0.72 0.29 0.8 12075 5075 
n 0.64 0.42 0.45 0.46 12075 4975 
n 0.16 0.31 0.86 0.36 12225 4925 
n 0.52 0.4 0.15 0.87 12225 4825 
n 0.58 0.31 0.13 0.52 12075 4775 
n 0.72 0.25 0.78 0.85 12075 4675 
n 0.84 0.72 0.58 0.14 12100 4425 
n 0.59 0.41 0.46 0.66 12425 2775 
n 0.42 0.61 0.24 0.87 12425 2625 
n 0.74 0.77 0.71 0.68 12425 2475 
n 0.86 0.74 0.25 0.6 12425 2325 
n 0.84 0.39 0.31 0.78 14675 5700 
n 0.16 0.16 0.24 0.58 14675 10150 
n 0.34 0.23 0.71 0.27 14775 10150 
n 0.1 0.39 0.81 0.28 14875 10150 
n 0.29 0.64 0.33 0.39 14975 10150 
n 0.86 0.59 0.86 0.65 15075 10150 
n 0.84 0.69 0.33 0.88 15225 8500 
n 0.14 0.59 0.47 0.78 15225 8400 
n 0.75 0.68 0.42 0.21 15225 8300 
n 0.43 0.69 0.51 0.75 15225 8200 
n 0.22 0.15 0.43 0.32 15225 8100 
n 0.76 0.44 0.72 0.73 15225 8000 
n 0.29 0.21 0.81 0.32 15225 7900 
n 0.47 0.83 0.14 0.68 15225 7800 
n 0.9 0.21 0.2 0.69 15225 7700 
n 0.2 0.85 0.78 0.62 15225 7600 
n 0.59 0.55 0.14 0.37 14775 5700 
n 0.55 0.56 0.58 0.65 14875 5700 
n 0.4 0.43 0.73 0.62 14975 5700 
n 0.13 0.8 0.58 0.76 15075 5700 
n 0.58 0.58 0.73 0.57 15225 4050 
n 0.73 0.25 0.74 0.17 15225 3950 
n 0.47 0.42 0.55 0.53 15225 3850 
n 0.84 0.42 0.59 0.84 15225 3750 
n 0.32 0.72 0.9 0.39 15225 3650 
n 0.54 0.17 0.2 0.31 15225 3550 
n 0.56 0.7 0.77 0.59 15225 3450 
n 0.21 0.78 0.76 0.21 15225 3350 
n 0.19 0.77 0.71 0.39 15225 3250 
n 0.78 0.53 0.53 0.3 15225 3150 
