t 152 15 5
n 0.45 0.81 0.86 0.42 0.72 2100 1850 
n 0.87 0.41 0.69 0.51 0.23 2100 3000 
n 0.41 0.17 0.71 0.37 0.24 2100 4400 
n 0.54 0.58 0.36 0.12 0.27 2100 5550 
n 0.17 0.76 0.12 0.3 0.68 2100 6950 
n 0.11 0.5 0.72 0.53 0.33 2100 8100 
n 0.8 0.83 0.46 0.66 0.32 2100 9500 
n 0.75 0.45 0.67 0.81 0.13 2100 10650 
n 0.41 0.5 0.38 0.16 0.65 2348 11205 
n 0.58 0.24 0.38 0.79 0.16 2350 10050 
n 0.4 0.83 0.84 0.43 0.72 2348 8655 
n 0.18 0.26 0.54 0.75 0.24 2350 7500 
n 0.37 0.14 0.27 0.7 0.19 2348 6105 
n 0.79 0.82 0.18 0.89 0.34 2350 4950 
n 0.8 0.84 0.31 0.69 0.85 2348 3555 
n 0.6 0.63 0.84 0.87 0.23 2350 2400 
n 0.44 0.56 0.74 0.44 0.17 2625 11175 
n 0.54 0.13 0.32 0.11 0.3 2775 10995 
n 0.15 0.65 0.32 0.48 0.55 2625 10025 
n 0.8 0.79 0.78 0.6 0.77 2634 9748 
n 0.62 0.39 0.54 0.22 0.1 2607 9831 
n 0.37 0.72 0.87 0.61 0.55 2625 8625 
n 0.33 0.46 0.28 0.76 0.35 2775 8445 
n 0.76 0.4 0.62 0.38 0.83 2625 7475 
n 0.61 0.21 0.38 0.58 0.76 2607 7281 
n 0.62 0.71 0.88 0.39 0.78 2634 7198 
n 0.33 0.71 0.55 0.51 0.48 2625 6075 
n 0.52 0.25 0.88 0.62 0.75 2775 5895 
n 0.71 0.84 0.19 0.4 0.85 2625 4925 
n 0.34 0.4 0.24 0.89 0.22 2607 4731 
n 0.88 0.43 0.27 0.23 0.38 2634 4648 
n 0.32 0.87 0.82 0.35 0.62 2625 3525 
n 0.18 0.52 0.67 0.43 0.11 2775 3345 
n 0.24 0.65 0.15 0.21 0.16 2625 2375 
n 0.56 0.33 0.8 0.83 0.42 2634 2098 
n 0.72 0.8 0.16 0.74 0.32 2607 2181 
n 0.47 0.29 0.53 0.52 0.83 2825 3025 
n 0.3 0.77 0.66 0.36 0.14 2825 5575 
n 0.79 0.6 0.49 0.44 0.26 2825 8125 
n 0.5 0.59 0.86 0.34 0.45 2825 10675 
n 0.79 0.65 0.77 0.31 0.59 8349 10106 
n 0.37 0.71 0.25 0.21 0.17 8353 9397 
n 0.52 0.25 0.15 0.19 0.1 8349 7556 
n 0.57 0.87 0.54 0.56 0.62 8353 6847 
n 0.18 0.23 0.83 0.17 0.73 8349 5006 
n 0.41 0.88 0.34 0.22 0.84 8353 4297 
n 0.22 0.23 0.15 0.64 0.24 8349 2456 
n 0.74 0.79 0.31 0.13 0.53 8353 1747 
n 0.48 0.81 0.23 0.3 0.23 8474 1777 
n 0.74 0.52 0.81 0.62 0.33 8576 1803 
n 0.2 0.47 0.69 0.6 0.22 8575 2325 
n 0.45 0.4 0.26 0.23 0.5 8474 4327 
n 0.2 0.85 0.67 0.72 0.84 8576 4353 
n 0.81 0.44 0.86 0.53 0.15 8575 4875 
n 0.18 0.62 0.61 0.32 0.25 8474 6877 
n 0.55 0.57 0.32 0.84 0.79 8576 6903 
n 0.24 0.82 0.23 0.1 0.19 8575 7425 
n 0.9 0.55 0.51 0.24 0.56 8474 9427 
n 0.77 0.65 0.2 0.67 0.56 8576 9453 
n 0.53 0.76 0.49 0.44 0.67 8575 9975 
n 0.79 0.3 0.19 0.72 0.31 8625 9875 
n 0.58 0.73 0.19 0.86 0.4 8675 9675 
n 0.14 0.86 0.26 0.13 0.25 8675 9525 
n 0.69 0.49 0.49 0.67 0.24 8669 9450 
n 0.34 0.63 0.77 0.57 0.4 8625 7325 
n 0.72 0.42 0.89 0.85 0.4 8675 7125 
n 0.11 0.58 0.8 0.77 0.18 8675 6975 
n 0.19 0.39 0.68 0.26 0.13 8669 6900 
n 0.48 0.59 0.42 0.4 0.7 8625 4775 
n 0.79 0.52 0.32 0.74 0.65 8675 4575 
n 0.26 0.64 0.22 0.41 0.3 8675 4425 
n 0.13 0.27 0.65 0.64 0.61 8669 4350 
n 0.42 0.33 0.17 0.38 0.27 8625 2225 
n 0.57 0.36 0.51 0.43 0.26 8675 1875 
n 0.24 0.76 0.78 0.63 0.11 8675 2025 
n 0.28 0.15 0.29 0.48 0.46 8669 1800 
n 0.78 0.79 0.72 0.11 0.23 9250 1850 
n 0.43 0.88 0.38 0.39 0.89 9250 3000 
n 0.32 0.4 0.19 0.28 0.86 9250 4400 
n 0.18 0.2 0.8 0.64 0.81 9250 5550 
n 0.73 0.27 0.21 0.84 0.45 9250 6950 
n 0.64 0.88 0.61 0.73 0.55 9250 8100 
n 0.23 0.23 0.41 0.19 0.86 9250 9500 
n 0.26 0.43 0.18 0.6 0.16 9250 10650 
n 0.61 0.14 0.77 0.57 0.63 9498 11205 
n 0.37 0.17 0.46 0.19 0.23 9500 10050 
n 0.83 0.67 0.85 0.71 0.46 9498 8655 
n 0.39 0.67 0.79 0.67 0.18 9500 7500 
n 0.42 0.66 0.57 0.76 0.14 9498 6105 
n 0.36 0.32 0.85 0.75 0.35 9500 4950 
n 0.33 0.89 0.46 0.62 0.81 9498 3555 
n 0.89 0.72 0.11 0.89 0.22 9500 2400 
n 0.34 0.73 0.19 0.79 0.11 9784 2098 
n 0.76 0.6 0.52 0.56 0.51 9757 2181 
n 0.8 0.13 0.56 0.19 0.62 9775 2375 
n 0.81 0.74 0.35 0.29 0.62 9775 3525 
n 0.75 0.71 0.88 0.86 0.69 9784 4648 
n 0.75 0.4 0.65 0.58 0.79 9757 4731 
n 0.62 0.71 0.45 0.87 0.21 9775 4925 
n 0.42 0.28 0.45 0.54 0.26 9775 6075 
n 0.37 0.52 0.2 0.71 0.72 9784 7198 
n 0.5 0.32 0.76 0.7 0.55 9757 7281 
n 0.77 0.62 0.34 0.63 0.5 9775 7475 
n 0.11 0.31 0.44 0.14 0.41 9775 8625 
n 0.41 0.35 0.84 0.28 0.61 9784 9748 
n 0.34 0.55 0.65 0.7 0.9 9757 9831 
n 0.55 0.42 0.22 0.6 0.64 9775 10025 
n 0.68 0.41 0.66 0.27 0.22 9775 11175 
n 0.74 0.34 0.32 0.22 0.38 9925 10995 
n 0.56 0.82 0.41 0.72 0.87 9975 10675 
n 0.1 0.21 0.87 0.33 0.28 9925 8445 
n 0.29 0.39 0.25 0.53 0.16 9975 8125 
n 0.83 0.16 0.53 0.68 0.28 9925 5895 
n 0.63 0.26 0.34 0.56 0.47 9975 5575 
n 0.15 0.56 0.6 0.6 0.73 9925 3345 
n 0.74 0.71 0.76 0.69 0.26 9975 3025 
n 0.18 0.63 0.41 0.7 0.19 15499 10106 
n 0.83 0.76 0.39 0.7 0.21 15503 9397 
n 0.73 0.47 0.1 0.87 0.5 15499 7556 
n 0.85 0.83 0.37 0.54 0.78 15503 6847 
n 0.78 0.37 0.69 0.85 0.11 15499 5006 
n 0.44 0.6 0.74 0.56 0.2 15503 4297 
n 0.51 0.42 0.6 0.71 0.34 15499 2456 
n 0.5 0.82 0.51 0.29 0.17 15503 1747 
n 0.58 0.86 0.83 0.87 0.51 15624 1777 
n 0.19 0.3 0.42 0.14 0.18 15726 1803 
n 0.84 0.76 0.29 0.75 0.68 15775 2225 
n 0.61 0.41 0.72 0.66 0.21 15725 2325 
n 0.46 0.3 0.31 0.2 0.22 15624 4327 
n 0.27 0.4 0.41 0.25 0.42 15726 4353 
n 0.53 0.23 0.81 0.66 0.44 15775 4775 
n 0.79 0.82 0.11 0.42 0.23 15725 4875 
n 0.7 0.51 0.19 0.52 0.41 15624 6877 
n 0.14 0.43 0.48 0.19 0.76 15726 6903 
n 0.31 0.51 0.6 0.47 0.47 15775 7325 
n 0.11 0.11 0.14 0.23 0.73 15725 7425 
n 0.61 0.18 0.72 0.17 0.32 15624 9427 
n 0.16 0.34 0.85 0.88 0.31 15726 9453 
n 0.62 0.55 0.46 0.82 0.23 15775 9875 
n 0.18 0.41 0.88 0.32 0.52 15725 9975 
n 0.41 0.59 0.61 0.7 0.65 15825 9675 
n 0.37 0.11 0.28 0.57 0.76 15825 9525 
n 0.87 0.23 0.72 0.69 0.51 15819 9450 
n 0.78 0.57 0.83 0.16 0.81 15825 7125 
n 0.54 0.51 0.87 0.86 0.78 15825 6975 
n 0.59 0.15 0.4 0.26 0.38 15819 6900 
n 0.74 0.68 0.56 0.78 0.61 15825 4575 
n 0.5 0.68 0.64 0.72 0.86 15825 4425 
n 0.26 0.14 0.73 0.25 0.12 15819 4350 
n 0.54 0.15 0.13 0.42 0.15 15825 1875 
n 0.89 0.59 0.37 0.59 0.78 15825 2025 
n 0.14 0.42 0.38 0.12 0.3 15819 1800 
