t 152 5 3
n 0.25 0.38 0.68 2100 1850 
n 0.17 0.24 0.34 2100 3000 
n 0.84 0.39 0.39 2100 4400 
n 0.89 0.44 0.31 2100 5550 
n 0.12 0.78 0.76 2100 6950 
n 0.26 0.74 0.65 2100 8100 
n 0.25 0.18 0.66 2100 9500 
n 0.74 0.51 0.7 2100 10650 
n 0.53 0.39 0.27 2348 11205 
n 0.55 0.59 0.61 2350 10050 
n 0.25 0.7 0.41 2348 8655 
n 0.71 0.78 0.6 2350 7500 
n 0.12 0.87 0.26 2348 6105 
n 0.69 0.38 0.48 2350 4950 
n 0.75 0.28 0.36 2348 3555 
n 0.48 0.41 0.35 2350 2400 
n 0.81 0.49 0.22 2625 11175 
n 0.78 0.74 0.62 2775 10995 
n 0.18 0.87 0.55 2625 10025 
n 0.73 0.54 0.42 2634 9748 
n 0.66 0.75 0.72 2607 9831 
n 0.32 0.47 0.35 2625 8625 
n 0.54 0.9 0.17 2775 8445 
n 0.55 0.1 0.3 2625 7475 
n 0.6 0.56 0.39 2607 7281 
n 0.36 0.5 0.74 2634 7198 
n 0.8 0.15 0.73 2625 6075 
n 0.83 0.53 0.54 2775 5895 
n 0.2 0.78 0.84 2625 4925 
n 0.58 0.41 0.56 2607 4731 
n 0.5 0.41 0.88 2634 4648 
n 0.56 0.21 0.5 2625 3525 
n 0.48 0.39 0.69 2775 3345 
n 0.67 0.2 0.84 2625 2375 
n 0.63 0.86 0.69 2634 2098 
n 0.8 0.64 0.8 2607 2181 
n 0.77 0.21 0.87 2825 3025 
n 0.72 0.12 0.64 2825 5575 
n 0.82 0.18 0.58 2825 8125 
n 0.57 0.11 0.33 2825 10675 
n 0.59 0.23 0.8 8349 10106 
n 0.21 0.69 0.82 8353 9397 
n 0.31 0.79 0.75 8349 7556 
n 0.5 0.4 0.19 8353 6847 
n 0.88 0.26 0.41 8349 5006 
n 0.53 0.15 0.53 8353 4297 
n 0.27 0.48 0.63 8349 2456 
n 0.38 0.63 0.19 8353 1747 
n 0.68 0.57 0.41 8474 1777 
n 0.36 0.8 0.49 8576 1803 
n 0.52 0.4 0.62 8575 2325 
n 0.73 0.81 0.61 8474 4327 
n 0.33 0.26 0.19 8576 4353 
n 0.8 0.61 0.29 8575 4875 
n 0.68 0.85 0.34 8474 6877 
n 0.59 0.83 0.14 8576 6903 
n 0.46 0.82 0.59 8575 7425 
n 0.46 0.35 0.41 8474 9427 
n 0.74 0.56 0.42 8576 9453 
n 0.32 0.48 0.85 8575 9975 
n 0.8 0.89 0.61 8625 9875 
n 0.89 0.62 0.54 8675 9675 
n 0.78 0.32 0.82 8675 9525 
n 0.3 0.83 0.87 8669 9450 
n 0.34 0.76 0.48 8625 7325 
n 0.6 0.23 0.31 8675 7125 
n 0.17 0.73 0.34 8675 6975 
n 0.83 0.18 0.19 8669 6900 
n 0.3 0.41 0.47 8625 4775 
n 0.26 0.72 0.86 8675 4575 
n 0.3 0.49 0.3 8675 4425 
n 0.37 0.55 0.67 8669 4350 
n 0.36 0.83 0.11 8625 2225 
n 0.19 0.31 0.67 8675 1875 
n 0.72 0.14 0.27 8675 2025 
n 0.17 0.2 0.17 8669 1800 
n 0.38 0.37 0.42 9250 1850 
n 0.27 0.67 0.57 9250 3000 
n 0.53 0.85 0.89 9250 4400 
n 0.72 0.74 0.85 9250 5550 
n 0.32 0.84 0.51 9250 6950 
n 0.9 0.3 0.73 9250 8100 
n 0.76 0.17 0.87 9250 9500 
n 0.36 0.59 0.89 9250 10650 
n 0.7 0.76 0.32 9498 11205 
n 0.29 0.58 0.82 9500 10050 
n 0.47 0.74 0.17 9498 8655 
n 0.75 0.88 0.73 9500 7500 
n 0.9 0.64 0.49 9498 6105 
n 0.89 0.27 0.34 9500 4950 
n 0.44 0.41 0.75 9498 3555 
n 0.82 0.34 0.38 9500 2400 
n 0.31 0.2 0.52 9784 2098 
n 0.35 0.4 0.28 9757 2181 
n 0.66 0.19 0.76 9775 2375 
n 0.56 0.77 0.63 9775 3525 
n 0.86 0.12 0.58 9784 4648 
n 0.86 0.27 0.22 9757 4731 
n 0.8 0.25 0.3 9775 4925 
n 0.14 0.26 0.57 9775 6075 
n 0.48 0.69 0.19 9784 7198 
n 0.62 0.17 0.26 9757 7281 
n 0.39 0.56 0.52 9775 7475 
n 0.85 0.42 0.16 9775 8625 
n 0.77 0.53 0.62 9784 9748 
n 0.58 0.79 0.56 9757 9831 
n 0.18 0.56 0.62 9775 10025 
n 0.22 0.85 0.25 9775 11175 
n 0.63 0.11 0.29 9925 10995 
n 0.31 0.45 0.34 9975 10675 
n 0.18 0.46 0.83 9925 8445 
n 0.31 0.23 0.42 9975 8125 
n 0.65 0.83 0.4 9925 5895 
n 0.24 0.71 0.14 9975 5575 
n 0.82 0.68 0.4 9925 3345 
n 0.53 0.44 0.75 9975 3025 
n 0.11 0.54 0.5 15499 10106 
n 0.36 0.88 0.55 15503 9397 
n 0.85 0.66 0.32 15499 7556 
n 0.78 0.15 0.28 15503 6847 
n 0.43 0.74 0.33 15499 5006 
n 0.86 0.43 0.71 15503 4297 
n 0.25 0.82 0.29 15499 2456 
n 0.79 0.29 0.12 15503 1747 
n 0.84 0.29 0.87 15624 1777 
n 0.33 0.27 0.83 15726 1803 
n 0.84 0.11 0.42 15775 2225 
n 0.66 0.66 0.86 15725 2325 
n 0.64 0.71 0.31 15624 4327 
n 0.69 0.28 0.65 15726 4353 
n 0.27 0.78 0.7 15775 4775 
n 0.7 0.35 0.7 15725 4875 
n 0.6 0.11 0.41 15624 6877 
n 0.12 0.1 0.29 15726 6903 
n 0.77 0.8 0.65 15775 7325 
n 0.66 0.54 0.34 15725 7425 
n 0.71 0.52 0.72 15624 9427 
n 0.15 0.54 0.27 15726 9453 
n 0.13 0.43 0.11 15775 9875 
n 0.16 0.5 0.76 15725 9975 
n 0.1 0.89 0.23 15825 9675 
n 0.17 0.3 0.11 15825 9525 
n 0.79 0.47 0.27 15819 9450 
n 0.5 0.59 0.72 15825 7125 
n 0.17 0.48 0.87 15825 6975 
n 0.43 0.18 0.63 15819 6900 
n 0.48 0.89 0.41 15825 4575 
n 0.42 0.82 0.89 15825 4425 
n 0.73 0.81 0.26 15819 4350 
n 0.74 0.67 0.75 15825 1875 
n 0.59 0.56 0.78 15825 2025 
n 0.13 0.45 0.88 15819 1800 
