t 226 20 5
n 0.43 0.48 0.19 0.76 0.31 15625 1150 
n 0.51 0.6 0.47 0.47 0.11 14625 1200 
n 0.11 0.14 0.23 0.73 0.61 14525 1200 
n 0.18 0.72 0.17 0.32 0.16 14425 1200 
n 0.34 0.85 0.88 0.31 0.62 14125 1200 
n 0.55 0.46 0.82 0.23 0.18 14025 1200 
n 0.41 0.88 0.32 0.52 0.41 13925 1200 
n 0.59 0.61 0.7 0.65 0.37 13975 1500 
n 0.11 0.28 0.57 0.76 0.87 13625 1200 
n 0.23 0.72 0.69 0.51 0.78 13475 1200 
n 0.57 0.83 0.16 0.81 0.54 13475 1600 
n 0.51 0.87 0.86 0.78 0.59 13475 1750 
n 0.15 0.4 0.26 0.38 0.74 13475 1900 
n 0.68 0.56 0.78 0.61 0.5 13325 1200 
n 0.68 0.64 0.72 0.86 0.26 13175 1200 
n 0.14 0.73 0.25 0.12 0.54 13100 1725 
n 0.15 0.13 0.42 0.15 0.89 12675 1725 
n 0.59 0.37 0.59 0.78 0.14 12025 1300 
n 0.42 0.38 0.12 0.3 0.72 11425 1600 
n 0.74 0.65 0.12 0.21 0.12 9725 1450 
n 0.88 0.32 0.73 0.17 0.7 7975 1150 
n 0.84 0.34 0.69 0.22 0.64 6975 1200 
n 0.63 0.55 0.22 0.56 0.85 6875 1200 
n 0.76 0.29 0.71 0.47 0.19 6775 1200 
n 0.9 0.43 0.13 0.21 0.64 6475 1200 
n 0.51 0.69 0.58 0.83 0.86 6375 1200 
n 0.15 0.63 0.53 0.57 0.5 6275 1200 
n 0.37 0.9 0.74 0.1 0.74 6325 1500 
n 0.77 0.68 0.23 0.34 0.63 5975 1200 
n 0.79 0.71 0.32 0.18 0.39 5825 1200 
n 0.35 0.31 0.78 0.19 0.81 5825 1600 
n 0.12 0.86 0.37 0.73 0.81 5825 1750 
n 0.55 0.25 0.4 0.65 0.75 5825 1900 
n 0.79 0.67 0.48 0.18 0.36 5675 1200 
n 0.65 0.25 0.44 0.12 0.85 5525 1200 
n 0.8 0.89 0.87 0.78 0.23 5450 1725 
n 0.37 0.47 0.32 0.82 0.59 5025 1725 
n 0.88 0.43 0.57 0.12 0.83 4375 1300 
n 0.68 0.74 0.43 0.43 0.38 3775 1600 
n 0.36 0.31 0.31 0.39 0.54 2075 1450 
n 0.57 0.4 0.14 0.83 0.73 2075 3850 
n 0.43 0.3 0.71 0.14 0.76 3775 2300 
n 0.65 0.54 0.71 0.5 0.82 4375 3300 
n 0.75 0.82 0.32 0.58 0.41 5025 2150 
n 0.43 0.65 0.69 0.72 0.45 5450 2150 
n 0.7 0.16 0.15 0.46 0.23 5475 2500 
n 0.65 0.4 0.33 0.32 0.65 5475 3000 
n 0.63 0.64 0.1 0.19 0.67 5825 2050 
n 0.16 0.49 0.32 0.65 0.51 6325 2200 
n 0.27 0.23 0.2 0.14 0.82 7975 2150 
n 0.21 0.22 0.53 0.31 0.52 8725 2550 
n 0.55 0.87 0.29 0.77 0.12 8725 2650 
n 0.55 0.52 0.71 0.14 0.68 8725 2750 
n 0.6 0.37 0.66 0.13 0.56 8725 2850 
n 0.24 0.45 0.55 0.14 0.5 8725 2950 
n 0.38 0.11 0.32 0.38 0.23 8725 3050 
n 0.26 0.2 0.32 0.59 0.84 8725 3200 
n 0.6 0.63 0.38 0.55 0.48 8725 3300 
n 0.83 0.78 0.19 0.71 0.7 8725 3400 
n 0.43 0.55 0.31 0.71 0.55 8725 3500 
n 0.75 0.52 0.53 0.83 0.49 8725 3600 
n 0.38 0.55 0.29 0.17 0.55 8725 3700 
n 0.75 0.38 0.13 0.62 0.13 8725 3800 
n 0.83 0.79 0.42 0.78 0.2 9725 3850 
n 0.22 0.73 0.62 0.67 0.8 11425 2300 
n 0.37 0.23 0.83 0.8 0.44 12025 3300 
n 0.32 0.51 0.47 0.72 0.28 12675 2150 
n 0.76 0.17 0.31 0.68 0.63 13100 2150 
n 0.7 0.81 0.36 0.49 0.62 13125 2500 
n 0.77 0.3 0.1 0.64 0.7 13125 3000 
n 0.15 0.6 0.33 0.87 0.44 13475 2050 
n 0.35 0.23 0.74 0.51 0.22 13975 2200 
n 0.56 0.41 0.13 0.16 0.75 15625 2150 
n 0.17 0.37 0.14 0.63 0.42 16375 2550 
n 0.23 0.44 0.5 0.31 0.27 16375 2650 
n 0.24 0.23 0.55 0.73 0.15 16375 2750 
n 0.15 0.74 0.11 0.77 0.53 16375 2850 
n 0.29 0.69 0.82 0.72 0.51 16375 2950 
n 0.49 0.23 0.74 0.79 0.46 16375 3050 
n 0.86 0.33 0.33 0.56 0.57 16375 3200 
n 0.9 0.13 0.25 0.19 0.54 16375 3300 
n 0.31 0.31 0.89 0.3 0.73 16375 3400 
n 0.54 0.12 0.56 0.18 0.12 16375 3500 
n 0.67 0.22 0.32 0.27 0.67 16375 3600 
n 0.86 0.66 0.46 0.8 0.68 16375 3700 
n 0.68 0.43 0.72 0.69 0.5 16375 3800 
n 0.78 0.47 0.75 0.65 0.43 4875 6500 
n 0.67 0.33 0.12 0.63 0.66 4875 6700 
n 0.67 0.29 0.56 0.57 0.16 4875 6600 
n 0.81 0.58 0.44 0.16 0.31 4875 6800 
n 0.34 0.74 0.22 0.59 0.16 4875 6900 
n 0.35 0.76 0.53 0.61 0.42 4875 7000 
n 0.42 0.34 0.21 0.69 0.83 4875 7100 
n 0.31 0.62 0.48 0.84 0.28 4875 7200 
n 0.16 0.62 0.45 0.13 0.83 4975 6500 
n 0.53 0.21 0.18 0.3 0.11 4975 6600 
n 0.75 0.81 0.61 0.9 0.27 4975 6700 
n 0.87 0.33 0.7 0.88 0.84 4975 6800 
n 0.39 0.22 0.23 0.58 0.83 4975 6900 
n 0.85 0.84 0.46 0.51 0.27 4975 7000 
n 0.66 0.14 0.44 0.81 0.79 4975 7100 
n 0.57 0.39 0.72 0.38 0.49 4975 7200 
n 0.46 0.25 0.63 0.41 0.76 12525 6500 
n 0.8 0.4 0.56 0.79 0.75 12525 6700 
n 0.75 0.69 0.56 0.51 0.56 12525 6600 
n 0.77 0.31 0.32 0.67 0.66 12525 6800 
n 0.72 0.61 0.77 0.41 0.25 12525 6900 
n 0.47 0.42 0.8 0.75 0.55 12525 7000 
n 0.39 0.14 0.36 0.21 0.35 12525 7100 
n 0.46 0.53 0.14 0.51 0.78 12525 7200 
n 0.22 0.44 0.31 0.36 0.42 12625 6500 
n 0.57 0.86 0.14 0.6 0.74 12625 6600 
n 0.6 0.62 0.13 0.89 0.74 12625 6700 
n 0.5 0.32 0.16 0.49 0.82 12625 6800 
n 0.74 0.77 0.86 0.36 0.67 12625 6900 
n 0.28 0.61 0.25 0.58 0.63 12625 7000 
n 0.43 0.48 0.76 0.66 0.34 12625 7100 
n 0.59 0.47 0.4 0.22 0.72 12625 7200 
n 0.22 0.21 0.29 0.34 0.57 12625 8450 
n 0.59 0.19 0.41 0.26 0.81 12625 8550 
n 0.33 0.71 0.47 0.45 0.72 12625 8650 
n 0.85 0.63 0.83 0.84 0.65 12625 8750 
n 0.77 0.15 0.31 0.76 0.85 12625 8850 
n 0.14 0.36 0.22 0.77 0.25 12625 8950 
n 0.46 0.53 0.17 0.13 0.16 12625 9050 
n 0.29 0.86 0.32 0.25 0.58 12525 8450 
n 0.34 0.17 0.18 0.12 0.62 12525 8650 
n 0.68 0.22 0.83 0.13 0.83 12525 8550 
n 0.75 0.28 0.46 0.59 0.6 12525 8750 
n 0.75 0.52 0.38 0.56 0.37 12525 8950 
n 0.74 0.11 0.8 0.4 0.76 12525 8850 
n 0.26 0.17 0.49 0.89 0.8 12525 9050 
n 0.34 0.37 0.62 0.14 0.25 10075 8800 
n 0.34 0.13 0.24 0.12 0.87 9975 8800 
n 0.18 0.51 0.43 0.43 0.29 9875 8800 
n 0.48 0.31 0.83 0.87 0.8 9775 8800 
n 0.15 0.29 0.24 0.68 0.23 4975 8450 
n 0.86 0.28 0.59 0.85 0.84 4975 8550 
n 0.87 0.59 0.37 0.13 0.47 4975 8650 
n 0.55 0.11 0.31 0.39 0.5 4975 8750 
n 0.72 0.25 0.76 0.25 0.45 4975 8850 
n 0.25 0.51 0.63 0.3 0.72 4975 8950 
n 0.55 0.18 0.21 0.55 0.2 4975 9050 
n 0.14 0.11 0.66 0.62 0.46 4875 8450 
n 0.45 0.59 0.41 0.44 0.47 4875 8650 
n 0.27 0.78 0.84 0.88 0.69 4875 8550 
n 0.58 0.22 0.38 0.25 0.13 4875 8750 
n 0.5 0.76 0.86 0.52 0.75 4875 8950 
n 0.32 0.83 0.87 0.15 0.8 4875 8850 
n 0.27 0.29 0.59 0.47 0.65 4875 9050 
n 0.88 0.14 0.13 0.82 0.2 2425 8800 
n 0.63 0.84 0.25 0.3 0.12 2325 8800 
n 0.2 0.81 0.64 0.51 0.48 2225 8800 
n 0.3 0.44 0.55 0.18 0.81 2125 8800 
n 0.2 0.68 0.53 0.71 0.14 1875 11850 
n 0.18 0.72 0.52 0.39 0.1 1975 11850 
n 0.22 0.35 0.24 0.61 0.37 2075 11850 
n 0.1 0.63 0.88 0.41 0.73 2425 11850 
n 0.16 0.55 0.85 0.36 0.32 2525 11850 
n 0.68 0.17 0.67 0.84 0.18 2625 11850 
n 0.68 0.89 0.58 0.23 0.19 2725 11850 
n 0.26 0.32 0.13 0.72 0.23 2825 11850 
n 0.72 0.12 0.61 0.32 0.17 2925 11850 
n 0.15 0.25 0.87 0.44 0.55 3025 11850 
n 0.66 0.77 0.67 0.44 0.1 3125 11850 
n 0.75 0.84 0.53 0.47 0.43 3375 11850 
n 0.79 0.58 0.48 0.41 0.74 3475 11850 
n 0.29 0.74 0.61 0.54 0.89 3575 11850 
n 0.6 0.62 0.64 0.63 0.12 3675 11850 
n 0.4 0.37 0.64 0.72 0.31 3775 11850 
n 0.14 0.61 0.8 0.24 0.79 4075 11850 
n 0.66 0.4 0.31 0.17 0.64 4175 11850 
n 0.64 0.6 0.53 0.16 0.76 4275 11850 
n 0.13 0.38 0.32 0.57 0.36 4375 11850 
n 0.46 0.77 0.71 0.41 0.62 4475 11850 
n 0.22 0.34 0.58 0.82 0.8 4575 11850 
n 0.5 0.84 0.48 0.67 0.33 4675 11850 
n 0.6 0.8 0.64 0.86 0.28 4775 11850 
n 0.2 0.44 0.22 0.52 0.25 4875 11850 
n 0.23 0.44 0.49 0.81 0.41 4975 11850 
n 0.13 0.21 0.79 0.49 0.38 5375 11850 
n 0.55 0.29 0.74 0.7 0.43 5475 11850 
n 0.86 0.24 0.32 0.29 0.26 5575 11850 
n 0.86 0.49 0.76 0.41 0.37 5675 11850 
n 0.9 0.73 0.86 0.45 0.81 5775 11850 
n 0.59 0.29 0.69 0.79 0.36 5875 11850 
n 0.33 0.41 0.16 0.32 0.55 5975 11850 
n 0.28 0.67 0.36 0.63 0.2 6075 11850 
n 0.36 0.51 0.21 0.45 0.44 6175 11850 
n 0.42 0.43 0.66 0.89 0.52 6275 11850 
n 0.76 0.67 0.86 0.33 0.68 9525 11850 
n 0.19 0.57 0.59 0.38 0.62 9625 11850 
n 0.31 0.88 0.21 0.45 0.49 9725 11850 
n 0.23 0.15 0.73 0.38 0.2 10075 11850 
n 0.22 0.19 0.3 0.7 0.84 10175 11850 
n 0.74 0.12 0.12 0.73 0.82 10275 11850 
n 0.49 0.54 0.24 0.14 0.36 10375 11850 
n 0.72 0.44 0.28 0.42 0.63 10475 11850 
n 0.76 0.79 0.12 0.77 0.49 10575 11850 
n 0.28 0.66 0.78 0.27 0.47 10675 11850 
n 0.4 0.19 0.15 0.69 0.49 10775 11850 
n 0.85 0.85 0.53 0.52 0.55 11025 11850 
n 0.38 0.76 0.41 0.82 0.54 11125 11850 
n 0.87 0.81 0.84 0.16 0.87 11225 11850 
n 0.18 0.87 0.22 0.59 0.37 11325 11850 
n 0.22 0.66 0.81 0.49 0.15 11425 11850 
n 0.55 0.84 0.61 0.74 0.13 11725 11850 
n 0.83 0.69 0.87 0.8 0.38 11825 11850 
n 0.15 0.35 0.82 0.64 0.37 11925 11850 
n 0.16 0.57 0.72 0.7 0.28 12025 11850 
n 0.63 0.26 0.43 0.26 0.84 12125 11850 
n 0.34 0.53 0.11 0.46 0.55 12225 11850 
n 0.86 0.85 0.8 0.36 0.14 12325 11850 
n 0.48 0.17 0.41 0.86 0.34 12425 11850 
n 0.49 0.69 0.39 0.16 0.8 12525 11850 
n 0.27 0.32 0.25 0.28 0.5 12625 11850 
n 0.71 0.8 0.29 0.85 0.87 13025 11850 
n 0.23 0.71 0.59 0.73 0.89 13125 11850 
n 0.88 0.28 0.61 0.59 0.9 13225 11850 
n 0.71 0.59 0.57 0.89 0.44 13325 11850 
n 0.69 0.2 0.83 0.51 0.41 13425 11850 
n 0.43 0.68 0.31 0.67 0.53 13525 11850 
n 0.53 0.58 0.89 0.86 0.55 13625 11850 
n 0.83 0.29 0.33 0.27 0.88 13725 11850 
n 0.11 0.69 0.87 0.82 0.29 13825 11850 
n 0.63 0.8 0.53 0.38 0.61 13925 11850 
