t 226 15 3
n 0.8 0.49 0.52 15625 1150 
n 0.4 0.62 0.73 14625 1200 
n 0.81 0.61 0.33 14525 1200 
n 0.26 0.19 0.8 14425 1200 
n 0.61 0.29 0.68 14125 1200 
n 0.85 0.34 0.59 14025 1200 
n 0.83 0.14 0.46 13925 1200 
n 0.82 0.59 0.46 13975 1500 
n 0.35 0.41 0.74 13625 1200 
n 0.56 0.42 0.32 13475 1200 
n 0.48 0.85 0.8 13475 1600 
n 0.89 0.61 0.89 13475 1750 
n 0.62 0.54 0.78 13475 1900 
n 0.32 0.82 0.3 13325 1200 
n 0.83 0.87 0.34 13175 1200 
n 0.76 0.48 0.6 13100 1725 
n 0.23 0.31 0.17 12675 1725 
n 0.73 0.34 0.83 12025 1300 
n 0.18 0.19 0.3 11425 1600 
n 0.41 0.47 0.26 9725 1450 
n 0.72 0.86 0.3 7975 1150 
n 0.49 0.3 0.37 6975 1200 
n 0.55 0.67 0.36 6875 1200 
n 0.83 0.11 0.19 6775 1200 
n 0.31 0.67 0.72 6475 1200 
n 0.14 0.27 0.17 6375 1200 
n 0.2 0.17 0.38 6275 1200 
n 0.37 0.42 0.27 6325 1500 
n 0.67 0.57 0.53 5975 1200 
n 0.85 0.89 0.72 5825 1200 
n 0.74 0.85 0.32 5825 1600 
n 0.84 0.51 0.9 5825 1750 
n 0.3 0.73 0.76 5825 1900 
n 0.17 0.87 0.36 5675 1200 
n 0.59 0.89 0.7 5525 1200 
n 0.76 0.32 0.29 5450 1725 
n 0.58 0.82 0.47 5025 1725 
n 0.74 0.17 0.75 4375 1300 
n 0.88 0.73 0.9 3775 1600 
n 0.64 0.49 0.89 2075 1450 
n 0.27 0.34 0.44 2075 3850 
n 0.41 0.75 0.82 3775 2300 
n 0.34 0.38 0.31 4375 3300 
n 0.2 0.52 0.35 5025 2150 
n 0.4 0.28 0.66 5450 2150 
n 0.19 0.76 0.56 5475 2500 
n 0.77 0.63 0.86 5475 3000 
n 0.12 0.58 0.86 5825 2050 
n 0.27 0.22 0.8 6325 2200 
n 0.25 0.3 0.14 7975 2150 
n 0.26 0.57 0.48 8725 2550 
n 0.69 0.19 0.62 8725 2650 
n 0.17 0.26 0.39 8725 2750 
n 0.56 0.52 0.85 8725 2850 
n 0.42 0.16 0.77 8725 2950 
n 0.53 0.62 0.58 8725 3050 
n 0.79 0.56 0.18 8725 3200 
n 0.56 0.62 0.22 8725 3300 
n 0.85 0.25 0.63 8725 3400 
n 0.11 0.29 0.31 8725 3500 
n 0.45 0.34 0.18 8725 3600 
n 0.46 0.83 0.31 8725 3700 
n 0.23 0.42 0.65 8725 3800 
n 0.83 0.4 0.24 9725 3850 
n 0.71 0.14 0.82 11425 2300 
n 0.68 0.4 0.53 12025 3300 
n 0.44 0.75 0.11 12675 2150 
n 0.54 0.5 0.36 13100 2150 
n 0.88 0.55 0.85 13125 2500 
n 0.66 0.32 0.78 13125 3000 
n 0.15 0.28 0.43 13475 2050 
n 0.74 0.33 0.86 13975 2200 
n 0.43 0.71 0.25 15625 2150 
n 0.82 0.29 0.79 16375 2550 
n 0.29 0.12 0.84 16375 2650 
n 0.29 0.87 0.33 16375 2750 
n 0.27 0.83 0.84 16375 2850 
n 0.11 0.42 0.66 16375 2950 
n 0.66 0.86 0.64 16375 3050 
n 0.71 0.31 0.69 16375 3200 
n 0.28 0.65 0.27 16375 3300 
n 0.78 0.7 0.7 16375 3400 
n 0.35 0.7 0.6 16375 3500 
n 0.11 0.41 0.12 16375 3600 
n 0.1 0.29 0.77 16375 3700 
n 0.8 0.65 0.66 16375 3800 
n 0.54 0.34 0.71 4875 6500 
n 0.52 0.72 0.15 4875 6700 
n 0.54 0.27 0.13 4875 6600 
n 0.43 0.11 0.16 4875 6800 
n 0.5 0.76 0.1 4875 6900 
n 0.89 0.23 0.17 4875 7000 
n 0.3 0.11 0.79 4875 7100 
n 0.47 0.27 0.5 4875 7200 
n 0.59 0.72 0.17 4975 6500 
n 0.48 0.87 0.43 4975 6600 
n 0.18 0.63 0.48 4975 6700 
n 0.89 0.41 0.42 4975 6800 
n 0.82 0.89 0.73 4975 6900 
n 0.81 0.26 0.74 4975 7000 
n 0.67 0.75 0.59 4975 7100 
n 0.56 0.78 0.13 4975 7200 
n 0.45 0.88 0.82 12525 6500 
n 0.6 0.87 0.15 12525 6700 
n 0.41 0.69 0.76 12525 6600 
n 0.68 0.33 0.63 12525 6800 
n 0.72 0.54 0.14 12525 6900 
n 0.61 0.9 0.11 12525 7000 
n 0.25 0.58 0.1 12525 7100 
n 0.6 0.28 0.55 12525 7200 
n 0.37 0.52 0.42 12625 6500 
n 0.67 0.16 0.21 12625 6600 
n 0.41 0.86 0.75 12625 6700 
n 0.27 0.73 0.56 12625 6800 
n 0.81 0.24 0.57 12625 6900 
n 0.41 0.53 0.49 12625 7000 
n 0.34 0.69 0.55 12625 7100 
n 0.53 0.35 0.5 12625 7200 
n 0.11 0.81 0.54 12625 8450 
n 0.62 0.5 0.25 12625 8550 
n 0.25 0.87 0.21 12625 8650 
n 0.7 0.32 0.41 12625 8750 
n 0.12 0.71 0.82 12625 8850 
n 0.7 0.55 0.18 12625 8950 
n 0.49 0.39 0.57 12625 9050 
n 0.87 0.1 0.73 12525 8450 
n 0.51 0.9 0.6 12525 8650 
n 0.22 0.83 0.56 12525 8550 
n 0.31 0.59 0.55 12525 8750 
n 0.84 0.7 0.46 12525 8950 
n 0.16 0.12 0.24 12525 8850 
n 0.73 0.85 0.85 12525 9050 
n 0.44 0.45 0.18 10075 8800 
n 0.73 0.2 0.76 9975 8800 
n 0.47 0.7 0.8 9875 8800 
n 0.83 0.35 0.5 9775 8800 
n 0.78 0.5 0.6 4975 8450 
n 0.39 0.26 0.38 4975 8550 
n 0.66 0.44 0.55 4975 8650 
n 0.38 0.81 0.85 4975 8750 
n 0.77 0.74 0.18 4975 8850 
n 0.82 0.88 0.87 4975 8950 
n 0.87 0.51 0.48 4975 9050 
n 0.54 0.29 0.47 4875 8450 
n 0.87 0.19 0.71 4875 8650 
n 0.23 0.15 0.61 4875 8550 
n 0.62 0.68 0.79 4875 8750 
n 0.35 0.82 0.72 4875 8950 
n 0.71 0.42 0.46 4875 8850 
n 0.33 0.61 0.21 4875 9050 
n 0.64 0.66 0.52 2425 8800 
n 0.77 0.31 0.48 2325 8800 
n 0.43 0.51 0.72 2225 8800 
n 0.32 0.84 0.85 2125 8800 
n 0.88 0.38 0.29 1875 11850 
n 0.27 0.73 0.61 1975 11850 
n 0.41 0.62 0.59 2075 11850 
n 0.77 0.41 0.54 2425 11850 
n 0.24 0.71 0.19 2525 11850 
n 0.84 0.27 0.18 2625 11850 
n 0.77 0.19 0.52 2725 11850 
n 0.4 0.46 0.3 2825 11850 
n 0.56 0.14 0.58 2925 11850 
n 0.11 0.51 0.8 3025 11850 
n 0.19 0.39 0.57 3125 11850 
n 0.7 0.62 0.45 3375 11850 
n 0.45 0.44 0.66 3475 11850 
n 0.68 0.7 0.37 3575 11850 
n 0.53 0.49 0.48 3675 11850 
n 0.34 0.49 0.86 3775 11850 
n 0.38 0.11 0.8 4075 11850 
n 0.41 0.86 0.76 4175 11850 
n 0.49 0.21 0.24 4275 11850 
n 0.6 0.16 0.33 4375 11850 
n 0.16 0.23 0.68 4475 11850 
n 0.72 0.89 0.5 4575 11850 
n 0.34 0.73 0.32 4675 11850 
n 0.12 0.72 0.83 4775 11850 
n 0.3 0.9 0.14 4875 11850 
n 0.16 0.76 0.86 4975 11850 
n 0.46 0.28 0.21 5375 11850 
n 0.88 0.71 0.72 5475 11850 
n 0.62 0.65 0.52 5575 11850 
n 0.21 0.16 0.27 5675 11850 
n 0.69 0.2 0.7 5775 11850 
n 0.85 0.58 0.18 5875 11850 
n 0.15 0.27 0.64 5975 11850 
n 0.31 0.16 0.65 6075 11850 
n 0.23 0.82 0.42 6175 11850 
n 0.13 0.83 0.13 6275 11850 
n 0.37 0.36 0.47 9525 11850 
n 0.5 0.3 0.39 9625 11850 
n 0.45 0.5 0.3 9725 11850 
n 0.71 0.13 0.83 10075 11850 
n 0.41 0.65 0.72 10175 11850 
n 0.78 0.29 0.63 10275 11850 
n 0.85 0.52 0.51 10375 11850 
n 0.74 0.24 0.49 10475 11850 
n 0.4 0.73 0.16 10575 11850 
n 0.76 0.1 0.86 10675 11850 
n 0.47 0.34 0.49 10775 11850 
n 0.49 0.53 0.33 11025 11850 
n 0.55 0.23 0.42 11125 11850 
n 0.11 0.67 0.41 11225 11850 
n 0.35 0.58 0.12 11325 11850 
n 0.22 0.5 0.14 11425 11850 
n 0.26 0.31 0.25 11725 11850 
n 0.68 0.2 0.64 11825 11850 
n 0.44 0.44 0.11 11925 11850 
n 0.44 0.76 0.44 12025 11850 
n 0.21 0.21 0.19 12125 11850 
n 0.66 0.7 0.42 12225 11850 
n 0.67 0.22 0.78 12325 11850 
n 0.5 0.87 0.22 12425 11850 
n 0.57 0.62 0.4 12525 11850 
n 0.51 0.59 0.11 12625 11850 
n 0.8 0.87 0.49 13025 11850 
n 0.69 0.76 0.28 13125 11850 
n 0.28 0.61 0.39 13225 11850 
n 0.64 0.56 0.89 13325 11850 
n 0.4 0.62 0.13 13425 11850 
n 0.29 0.52 0.59 13525 11850 
n 0.65 0.26 0.52 13625 11850 
n 0.63 0.42 0.87 13725 11850 
n 0.36 0.64 0.39 13825 11850 
n 0.11 0.54 0.55 13925 11850 
