t 226 15 4
n 0.66 0.52 0.33 0.72 15625 1150 
n 0.29 0.8 0.64 0.42 14625 1200 
n 0.45 0.46 0.16 0.31 14525 1200 
n 0.86 0.36 0.52 0.4 14425 1200 
n 0.15 0.87 0.58 0.31 14125 1200 
n 0.13 0.52 0.72 0.25 14025 1200 
n 0.78 0.85 0.84 0.72 13925 1200 
n 0.58 0.14 0.59 0.41 13975 1500 
n 0.46 0.66 0.42 0.61 13625 1200 
n 0.24 0.87 0.74 0.77 13475 1200 
n 0.71 0.68 0.86 0.74 13475 1600 
n 0.25 0.6 0.84 0.39 13475 1750 
n 0.31 0.78 0.16 0.16 13475 1900 
n 0.24 0.58 0.34 0.23 13325 1200 
n 0.71 0.27 0.1 0.39 13175 1200 
n 0.81 0.28 0.29 0.64 13100 1725 
n 0.33 0.39 0.86 0.59 12675 1725 
n 0.86 0.65 0.84 0.69 12025 1300 
n 0.33 0.88 0.14 0.59 11425 1600 
n 0.47 0.78 0.75 0.68 9725 1450 
n 0.42 0.21 0.43 0.69 7975 1150 
n 0.51 0.75 0.22 0.15 6975 1200 
n 0.43 0.32 0.76 0.44 6875 1200 
n 0.72 0.73 0.29 0.21 6775 1200 
n 0.81 0.32 0.47 0.83 6475 1200 
n 0.14 0.68 0.9 0.21 6375 1200 
n 0.2 0.69 0.2 0.85 6275 1200 
n 0.78 0.62 0.59 0.55 6325 1500 
n 0.14 0.37 0.55 0.56 5975 1200 
n 0.58 0.65 0.4 0.43 5825 1200 
n 0.73 0.62 0.13 0.8 5825 1600 
n 0.58 0.76 0.58 0.58 5825 1750 
n 0.73 0.57 0.73 0.25 5825 1900 
n 0.74 0.17 0.47 0.42 5675 1200 
n 0.55 0.53 0.84 0.42 5525 1200 
n 0.59 0.84 0.32 0.72 5450 1725 
n 0.9 0.39 0.54 0.17 5025 1725 
n 0.2 0.31 0.56 0.7 4375 1300 
n 0.77 0.59 0.21 0.78 3775 1600 
n 0.76 0.21 0.19 0.77 2075 1450 
n 0.71 0.39 0.78 0.53 2075 3850 
n 0.53 0.3 0.13 0.37 3775 2300 
n 0.17 0.4 0.62 0.71 4375 3300 
n 0.33 0.74 0.3 0.12 5025 2150 
n 0.15 0.72 0.44 0.56 5450 2150 
n 0.76 0.7 0.68 0.52 5475 2500 
n 0.37 0.6 0.61 0.17 5475 3000 
n 0.36 0.26 0.4 0.57 5825 2050 
n 0.74 0.62 0.85 0.42 6325 2200 
n 0.33 0.65 0.28 0.44 7975 2150 
n 0.1 0.26 0.59 0.28 8725 2550 
n 0.26 0.26 0.26 0.45 8725 2650 
n 0.8 0.63 0.84 0.75 8725 2750 
n 0.44 0.3 0.89 0.43 8725 2850 
n 0.36 0.13 0.88 0.8 8725 2950 
n 0.31 0.76 0.66 0.38 8725 3050 
n 0.71 0.35 0.2 0.41 8725 3200 
n 0.26 0.56 0.83 0.72 8725 3300 
n 0.69 0.55 0.79 0.59 8725 3400 
n 0.51 0.23 0.45 0.81 8725 3500 
n 0.86 0.42 0.72 0.87 8725 3600 
n 0.41 0.69 0.51 0.23 8725 3700 
n 0.41 0.17 0.71 0.37 8725 3800 
n 0.24 0.54 0.58 0.36 9725 3850 
n 0.12 0.27 0.17 0.76 11425 2300 
n 0.12 0.3 0.68 0.11 12025 3300 
n 0.5 0.72 0.53 0.33 12675 2150 
n 0.8 0.83 0.46 0.66 13100 2150 
n 0.32 0.75 0.45 0.67 13125 2500 
n 0.81 0.13 0.41 0.5 13125 3000 
n 0.38 0.16 0.65 0.58 13475 2050 
n 0.24 0.38 0.79 0.16 13975 2200 
n 0.4 0.83 0.84 0.43 15625 2150 
n 0.72 0.18 0.26 0.54 16375 2550 
n 0.75 0.24 0.37 0.14 16375 2650 
n 0.27 0.7 0.19 0.79 16375 2750 
n 0.82 0.18 0.89 0.34 16375 2850 
n 0.8 0.84 0.31 0.69 16375 2950 
n 0.85 0.6 0.63 0.84 16375 3050 
n 0.87 0.23 0.44 0.56 16375 3200 
n 0.74 0.44 0.17 0.54 16375 3300 
n 0.13 0.32 0.11 0.3 16375 3400 
n 0.15 0.65 0.32 0.48 16375 3500 
n 0.55 0.8 0.79 0.78 16375 3600 
n 0.6 0.77 0.62 0.39 16375 3700 
n 0.54 0.22 0.1 0.37 16375 3800 
n 0.72 0.87 0.61 0.55 4875 6500 
n 0.33 0.46 0.28 0.76 4875 6700 
n 0.35 0.76 0.4 0.62 4875 6600 
n 0.38 0.83 0.61 0.21 4875 6800 
n 0.38 0.58 0.76 0.62 4875 6900 
n 0.71 0.88 0.39 0.78 4875 7000 
n 0.33 0.71 0.55 0.51 4875 7100 
n 0.48 0.52 0.25 0.88 4875 7200 
n 0.62 0.75 0.71 0.84 4975 6500 
n 0.19 0.4 0.85 0.34 4975 6600 
n 0.4 0.24 0.89 0.22 4975 6700 
n 0.88 0.43 0.27 0.23 4975 6800 
n 0.38 0.32 0.87 0.82 4975 6900 
n 0.35 0.62 0.18 0.52 4975 7000 
n 0.67 0.43 0.11 0.24 4975 7100 
n 0.65 0.15 0.21 0.16 4975 7200 
n 0.56 0.33 0.8 0.83 12525 6500 
n 0.42 0.72 0.8 0.16 12525 6700 
n 0.74 0.32 0.47 0.29 12525 6600 
n 0.53 0.52 0.83 0.3 12525 6800 
n 0.77 0.66 0.36 0.14 12525 6900 
n 0.79 0.6 0.49 0.44 12525 7000 
n 0.26 0.5 0.59 0.86 12525 7100 
n 0.34 0.45 0.79 0.65 12525 7200 
n 0.77 0.31 0.59 0.37 12625 6500 
n 0.71 0.25 0.21 0.17 12625 6600 
n 0.52 0.25 0.15 0.19 12625 6700 
n 0.1 0.57 0.87 0.54 12625 6800 
n 0.56 0.62 0.18 0.23 12625 6900 
n 0.83 0.17 0.73 0.41 12625 7000 
n 0.88 0.34 0.22 0.84 12625 7100 
n 0.22 0.23 0.15 0.64 12625 7200 
n 0.24 0.74 0.79 0.31 12625 8450 
n 0.13 0.53 0.48 0.81 12625 8550 
n 0.23 0.3 0.23 0.74 12625 8650 
n 0.52 0.81 0.62 0.33 12625 8750 
n 0.2 0.47 0.69 0.6 12625 8850 
n 0.22 0.45 0.4 0.26 12625 8950 
n 0.23 0.5 0.2 0.85 12625 9050 
n 0.67 0.72 0.84 0.81 12525 8450 
n 0.44 0.86 0.53 0.15 12525 8650 
n 0.18 0.62 0.61 0.32 12525 8550 
n 0.25 0.55 0.57 0.32 12525 8750 
n 0.84 0.79 0.24 0.82 12525 8950 
n 0.23 0.1 0.19 0.9 12525 8850 
n 0.55 0.51 0.24 0.56 12525 9050 
n 0.77 0.65 0.2 0.67 10075 8800 
n 0.56 0.53 0.76 0.49 9975 8800 
n 0.44 0.67 0.79 0.3 9875 8800 
n 0.19 0.72 0.31 0.58 9775 8800 
n 0.73 0.19 0.86 0.4 4975 8450 
n 0.14 0.86 0.26 0.13 4975 8550 
n 0.25 0.69 0.49 0.49 4975 8650 
n 0.67 0.24 0.34 0.63 4975 8750 
n 0.77 0.57 0.4 0.72 4975 8850 
n 0.42 0.89 0.85 0.4 4975 8950 
n 0.11 0.58 0.8 0.77 4975 9050 
n 0.18 0.19 0.39 0.68 4875 8450 
n 0.26 0.13 0.48 0.59 4875 8650 
n 0.42 0.4 0.7 0.79 4875 8550 
n 0.52 0.32 0.74 0.65 4875 8750 
n 0.26 0.64 0.22 0.41 4875 8950 
n 0.3 0.13 0.27 0.65 4875 8850 
n 0.64 0.61 0.42 0.33 4875 9050 
n 0.17 0.38 0.27 0.57 2425 8800 
n 0.36 0.51 0.43 0.26 2325 8800 
n 0.24 0.76 0.78 0.63 2225 8800 
n 0.11 0.28 0.15 0.29 2125 8800 
n 0.48 0.46 0.78 0.79 1875 11850 
n 0.72 0.11 0.23 0.43 1975 11850 
n 0.88 0.38 0.39 0.89 2075 11850 
n 0.32 0.4 0.19 0.28 2425 11850 
n 0.86 0.18 0.2 0.8 2525 11850 
n 0.64 0.81 0.73 0.27 2625 11850 
n 0.21 0.84 0.45 0.64 2725 11850 
n 0.88 0.61 0.73 0.55 2825 11850 
n 0.23 0.23 0.41 0.19 2925 11850 
n 0.86 0.26 0.43 0.18 3025 11850 
n 0.6 0.16 0.61 0.14 3125 11850 
n 0.77 0.57 0.63 0.37 3375 11850 
n 0.17 0.46 0.19 0.23 3475 11850 
n 0.83 0.67 0.85 0.71 3575 11850 
n 0.46 0.39 0.67 0.79 3675 11850 
n 0.67 0.18 0.42 0.66 3775 11850 
n 0.57 0.76 0.14 0.36 4075 11850 
n 0.32 0.85 0.75 0.35 4175 11850 
n 0.33 0.89 0.46 0.62 4275 11850 
n 0.81 0.89 0.72 0.11 4375 11850 
n 0.89 0.22 0.34 0.73 4475 11850 
n 0.19 0.79 0.11 0.76 4575 11850 
n 0.6 0.52 0.56 0.51 4675 11850 
n 0.8 0.13 0.56 0.19 4775 11850 
n 0.62 0.81 0.74 0.35 4875 11850 
n 0.29 0.62 0.75 0.71 4975 11850 
n 0.88 0.86 0.69 0.75 5375 11850 
n 0.4 0.65 0.58 0.79 5475 11850 
n 0.62 0.71 0.45 0.87 5575 11850 
n 0.21 0.42 0.28 0.45 5675 11850 
n 0.54 0.26 0.37 0.52 5775 11850 
n 0.2 0.71 0.72 0.5 5875 11850 
n 0.32 0.76 0.7 0.55 5975 11850 
n 0.77 0.62 0.34 0.63 6075 11850 
n 0.5 0.11 0.31 0.44 6175 11850 
n 0.14 0.41 0.41 0.35 6275 11850 
n 0.84 0.28 0.61 0.34 9525 11850 
n 0.55 0.65 0.7 0.9 9625 11850 
n 0.55 0.42 0.22 0.6 9725 11850 
n 0.64 0.68 0.41 0.66 10075 11850 
n 0.27 0.22 0.74 0.34 10175 11850 
n 0.32 0.22 0.38 0.56 10275 11850 
n 0.82 0.41 0.72 0.87 10375 11850 
n 0.1 0.21 0.87 0.33 10475 11850 
n 0.28 0.29 0.39 0.25 10575 11850 
n 0.53 0.16 0.83 0.16 10675 11850 
n 0.53 0.68 0.28 0.63 10775 11850 
n 0.26 0.34 0.56 0.47 11025 11850 
n 0.15 0.56 0.6 0.6 11125 11850 
n 0.73 0.74 0.71 0.76 11225 11850 
n 0.69 0.26 0.18 0.63 11325 11850 
n 0.41 0.7 0.19 0.83 11425 11850 
n 0.76 0.39 0.7 0.21 11725 11850 
n 0.73 0.47 0.1 0.87 11825 11850 
n 0.5 0.85 0.83 0.37 11925 11850 
n 0.54 0.78 0.78 0.37 12025 11850 
n 0.69 0.85 0.11 0.44 12125 11850 
n 0.6 0.74 0.56 0.2 12225 11850 
n 0.51 0.42 0.6 0.71 12325 11850 
n 0.34 0.5 0.82 0.51 12425 11850 
n 0.29 0.17 0.58 0.86 12525 11850 
n 0.83 0.87 0.51 0.19 12625 11850 
n 0.3 0.42 0.14 0.18 13025 11850 
n 0.84 0.76 0.29 0.75 13125 11850 
n 0.68 0.61 0.41 0.72 13225 11850 
n 0.66 0.21 0.46 0.3 13325 11850 
n 0.31 0.2 0.22 0.27 13425 11850 
n 0.4 0.41 0.25 0.42 13525 11850 
n 0.53 0.23 0.81 0.66 13625 11850 
n 0.44 0.79 0.82 0.11 13725 11850 
n 0.42 0.23 0.7 0.51 13825 11850 
n 0.19 0.52 0.41 0.14 13925 11850 
