t 264 5 5
n 0.36 0.49 0.62 0.77 0.3 3425 6450 
n 0.1 0.64 0.7 0.15 0.6 3625 3200 
n 0.33 0.87 0.44 0.35 0.23 3525 3200 
n 0.74 0.51 0.22 0.56 0.41 3525 3350 
n 0.13 0.16 0.75 0.17 0.37 3625 3350 
n 0.14 0.63 0.42 0.23 0.44 3725 3350 
n 0.5 0.31 0.27 0.24 0.23 3725 3650 
n 0.55 0.73 0.15 0.15 0.74 3625 3650 
n 0.11 0.77 0.53 0.29 0.69 3525 3650 
n 0.82 0.72 0.51 0.49 0.23 3525 3850 
n 0.74 0.79 0.46 0.86 0.33 3625 3850 
n 0.33 0.56 0.57 0.9 0.13 3725 3850 
n 0.25 0.19 0.54 0.31 0.31 3725 4150 
n 0.89 0.3 0.73 0.54 0.12 3625 4150 
n 0.56 0.18 0.12 0.67 0.22 3525 4150 
n 0.32 0.27 0.67 0.86 0.66 3525 4350 
n 0.46 0.8 0.68 0.68 0.43 3625 4350 
n 0.72 0.69 0.5 0.78 0.47 3725 4350 
n 0.75 0.65 0.43 0.67 0.33 3725 4650 
n 0.12 0.63 0.66 0.67 0.29 3625 4650 
n 0.56 0.57 0.16 0.81 0.58 3525 4650 
n 0.44 0.16 0.31 0.34 0.74 3525 4850 
n 0.22 0.59 0.16 0.35 0.76 3625 4850 
n 0.53 0.61 0.42 0.42 0.34 3725 4850 
n 0.21 0.69 0.83 0.31 0.62 3725 5150 
n 0.48 0.84 0.28 0.16 0.62 3625 5150 
n 0.45 0.13 0.83 0.53 0.21 3525 5150 
n 0.18 0.3 0.11 0.75 0.81 3525 5350 
n 0.61 0.9 0.27 0.87 0.33 3625 5350 
n 0.7 0.88 0.84 0.39 0.22 3725 5350 
n 0.23 0.58 0.83 0.85 0.84 3725 5650 
n 0.46 0.51 0.27 0.66 0.14 3625 5650 
n 0.44 0.81 0.79 0.57 0.39 3525 5650 
n 0.72 0.38 0.49 0.46 0.25 3525 5850 
n 0.63 0.41 0.76 0.8 0.4 3625 5850 
n 0.56 0.79 0.75 0.75 0.69 3725 5850 
n 0.56 0.51 0.56 0.77 0.31 3725 6150 
n 0.32 0.67 0.66 0.72 0.61 3625 6150 
n 0.77 0.41 0.25 0.47 0.42 3525 6150 
n 0.8 0.75 0.55 0.39 0.14 3525 6450 
n 0.36 0.21 0.35 0.46 0.53 3525 6650 
n 0.14 0.51 0.78 0.22 0.44 3675 7150 
n 0.31 0.36 0.42 0.57 0.86 3675 7500 
n 0.14 0.6 0.74 0.6 0.62 3675 7700 
n 0.13 0.89 0.74 0.5 0.32 3675 7850 
n 0.16 0.49 0.82 0.74 0.77 3675 8050 
n 0.86 0.36 0.67 0.28 0.61 3525 8300 
n 0.25 0.58 0.63 0.43 0.48 3625 8300 
n 0.76 0.66 0.34 0.59 0.47 3725 8300 
n 0.4 0.22 0.72 0.22 0.21 3725 8600 
n 0.29 0.34 0.57 0.59 0.19 3625 8600 
n 0.41 0.26 0.81 0.33 0.71 3525 8600 
n 0.47 0.45 0.72 0.85 0.63 3825 8750 
n 0.83 0.84 0.65 0.77 0.15 3925 8750 
n 0.31 0.76 0.85 0.14 0.36 3925 8600 
n 0.22 0.77 0.25 0.46 0.53 3825 8600 
n 0.17 0.13 0.16 0.29 0.86 3825 8300 
n 0.32 0.25 0.58 0.34 0.17 3925 8300 
n 0.18 0.12 0.62 0.68 0.22 3925 7600 
n 0.83 0.13 0.83 0.75 0.28 3925 6150 
n 0.46 0.59 0.6 0.75 0.52 3825 6150 
n 0.38 0.56 0.37 0.74 0.11 3825 5850 
n 0.8 0.4 0.76 0.26 0.17 3925 5850 
n 0.49 0.89 0.8 0.34 0.37 3925 5650 
n 0.62 0.14 0.25 0.34 0.13 3825 5650 
n 0.24 0.12 0.87 0.18 0.51 3825 5350 
n 0.43 0.43 0.29 0.48 0.31 3925 5350 
n 0.83 0.87 0.8 0.15 0.29 3925 5150 
n 0.24 0.68 0.23 0.86 0.28 3825 5150 
n 0.59 0.85 0.84 0.87 0.59 3825 4850 
n 0.37 0.13 0.47 0.55 0.11 3925 4850 
n 0.31 0.39 0.5 0.72 0.25 3925 4650 
n 0.76 0.25 0.45 0.25 0.51 3825 4650 
n 0.63 0.3 0.72 0.55 0.18 3825 4350 
n 0.21 0.55 0.2 0.14 0.11 3925 4350 
n 0.66 0.62 0.46 0.45 0.59 3925 4150 
n 0.41 0.44 0.47 0.27 0.78 3825 4150 
n 0.84 0.88 0.69 0.58 0.22 3825 3850 
n 0.38 0.25 0.13 0.5 0.76 3925 3850 
n 0.86 0.52 0.75 0.32 0.83 3925 3650 
n 0.87 0.15 0.8 0.27 0.29 3825 3650 
n 0.59 0.47 0.65 0.88 0.14 3825 3350 
n 0.13 0.82 0.2 0.63 0.84 3925 3350 
n 0.25 0.3 0.12 0.2 0.81 3875 3200 
n 0.64 0.51 0.48 0.3 0.44 4075 3200 
n 0.55 0.18 0.81 0.2 0.68 4025 3350 
n 0.53 0.71 0.14 0.18 0.72 4125 3350 
n 0.52 0.39 0.1 0.22 0.35 4225 3350 
n 0.24 0.61 0.37 0.1 0.63 4225 3650 
n 0.88 0.41 0.73 0.16 0.55 4125 3650 
n 0.85 0.36 0.32 0.68 0.17 4025 3650 
n 0.67 0.84 0.18 0.68 0.89 4025 3850 
n 0.58 0.23 0.19 0.26 0.32 4125 3850 
n 0.13 0.72 0.23 0.72 0.12 4225 3850 
n 0.61 0.32 0.17 0.15 0.25 4225 4150 
n 0.87 0.44 0.55 0.66 0.77 4125 4150 
n 0.67 0.44 0.1 0.75 0.84 4025 4150 
n 0.53 0.47 0.43 0.79 0.58 4025 4350 
n 0.48 0.41 0.74 0.29 0.74 4125 4350 
n 0.61 0.54 0.89 0.6 0.62 4225 4350 
n 0.64 0.63 0.12 0.4 0.37 4225 4650 
n 0.64 0.72 0.31 0.14 0.61 4125 4650 
n 0.8 0.24 0.79 0.66 0.4 4025 4650 
n 0.31 0.17 0.64 0.64 0.6 4025 4850 
n 0.53 0.16 0.76 0.13 0.38 4125 4850 
n 0.32 0.57 0.36 0.46 0.77 4225 4850 
n 0.71 0.41 0.62 0.22 0.34 4225 5150 
n 0.58 0.82 0.8 0.5 0.84 4125 5150 
n 0.48 0.67 0.33 0.6 0.8 4025 5150 
n 0.64 0.86 0.28 0.2 0.44 4025 5350 
n 0.22 0.52 0.25 0.23 0.44 4125 5350 
n 0.49 0.81 0.41 0.13 0.21 4225 5350 
n 0.79 0.49 0.38 0.55 0.29 4225 5650 
n 0.74 0.7 0.43 0.86 0.24 4125 5650 
n 0.32 0.29 0.26 0.86 0.49 4025 5650 
n 0.76 0.41 0.37 0.9 0.73 4025 5850 
n 0.86 0.45 0.81 0.59 0.29 4125 5850 
n 0.69 0.79 0.36 0.33 0.41 4225 5850 
n 0.16 0.32 0.55 0.28 0.67 4225 6150 
n 0.36 0.63 0.2 0.36 0.51 4125 6150 
n 0.21 0.45 0.44 0.42 0.43 4025 6150 
n 0.66 0.89 0.52 0.76 0.67 4025 8300 
n 0.86 0.33 0.68 0.19 0.57 4125 8300 
n 0.59 0.38 0.62 0.31 0.88 4225 8300 
n 0.21 0.45 0.49 0.23 0.15 4225 8600 
n 0.73 0.38 0.2 0.22 0.19 4125 8600 
n 0.3 0.7 0.84 0.74 0.12 4025 8600 
n 0.12 0.73 0.82 0.49 0.54 4275 8850 
n 0.24 0.14 0.36 0.72 0.44 4875 6100 
n 0.28 0.42 0.63 0.76 0.79 4975 4050 
n 0.12 0.77 0.49 0.28 0.66 4975 3900 
n 0.78 0.27 0.47 0.4 0.19 4975 3750 
n 0.15 0.69 0.49 0.85 0.85 9675 3200 
n 0.53 0.52 0.55 0.38 0.76 9675 3350 
n 0.41 0.82 0.54 0.87 0.81 9675 3650 
n 0.84 0.16 0.87 0.18 0.87 9675 3850 
n 0.22 0.59 0.37 0.22 0.66 9675 4150 
n 0.81 0.49 0.15 0.55 0.84 9675 4350 
n 0.61 0.74 0.13 0.83 0.69 9675 4650 
n 0.87 0.8 0.38 0.15 0.35 9675 4850 
n 0.82 0.64 0.37 0.16 0.57 9675 5150 
n 0.72 0.7 0.28 0.63 0.26 9675 5350 
n 0.43 0.26 0.84 0.34 0.53 9675 5650 
n 0.11 0.46 0.55 0.86 0.85 9675 5850 
n 0.8 0.36 0.14 0.48 0.17 9675 6150 
n 0.41 0.86 0.34 0.49 0.69 9575 6450 
n 0.39 0.16 0.8 0.27 0.32 9675 6450 
n 0.25 0.28 0.5 0.71 0.8 9675 6650 
n 0.29 0.85 0.87 0.23 0.71 9675 8300 
n 0.59 0.73 0.89 0.88 0.28 9675 8600 
n 0.61 0.59 0.9 0.71 0.59 9975 8750 
n 0.57 0.89 0.44 0.69 0.2 9975 8600 
n 0.83 0.51 0.41 0.43 0.68 9875 8600 
n 0.31 0.67 0.53 0.53 0.58 9775 8600 
n 0.89 0.86 0.55 0.83 0.29 9775 8300 
n 0.33 0.27 0.88 0.11 0.69 9875 8300 
n 0.87 0.82 0.29 0.63 0.8 9975 8300 
n 0.53 0.38 0.61 0.42 0.39 9825 8050 
n 0.66 0.73 0.65 0.56 0.76 9825 7850 
n 0.12 0.63 0.27 0.52 0.62 9825 7700 
n 0.62 0.15 0.72 0.13 0.84 9825 7500 
n 0.14 0.12 0.77 0.29 0.27 9825 7150 
n 0.83 0.42 0.43 0.83 0.76 9975 6150 
n 0.61 0.21 0.51 0.59 0.29 9875 6150 
n 0.39 0.4 0.32 0.35 0.73 9775 6150 
n 0.56 0.85 0.82 0.12 0.44 9775 5850 
n 0.67 0.56 0.49 0.41 0.58 9875 5850 
n 0.22 0.47 0.68 0.87 0.73 9975 5850 
n 0.17 0.12 0.53 0.28 0.31 9975 5650 
n 0.44 0.71 0.51 0.48 0.79 9875 5650 
n 0.59 0.61 0.63 0.5 0.73 9775 5650 
n 0.71 0.41 0.27 0.44 0.64 9775 5350 
n 0.71 0.17 0.43 0.55 0.34 9875 5350 
n 0.59 0.1 0.22 0.55 0.38 9975 5350 
n 0.12 0.79 0.46 0.64 0.49 9775 5150 
n 0.62 0.84 0.18 0.34 0.49 9875 5150 
n 0.7 0.58 0.5 0.28 0.38 9975 5150 
n 0.48 0.81 0.74 0.85 0.1 9975 4850 
n 0.2 0.82 0.71 0.43 0.29 9875 4850 
n 0.85 0.89 0.12 0.89 0.69 9775 4850 
n 0.86 0.78 0.16 0.51 0.36 9775 4650 
n 0.25 0.81 0.87 0.39 0.47 9875 4650 
n 0.22 0.81 0.38 0.71 0.81 9975 4650 
n 0.17 0.71 0.51 0.56 0.36 9975 4350 
n 0.18 0.54 0.44 0.23 0.77 9875 4350 
n 0.41 0.14 0.86 0.55 0.43 9775 4350 
n 0.57 0.27 0.28 0.8 0.89 9775 4150 
n 0.66 0.25 0.59 0.77 0.84 9875 4150 
n 0.21 0.55 0.24 0.5 0.58 9975 4150 
n 0.34 0.8 0.67 0.71 0.18 9975 3850 
n 0.73 0.64 0.9 0.57 0.37 9875 3850 
n 0.36 0.17 0.79 0.46 0.72 9775 3850 
n 0.17 0.22 0.34 0.77 0.57 9975 3650 
n 0.18 0.32 0.12 0.14 0.48 9875 3650 
n 0.87 0.47 0.23 0.63 0.53 9775 3650 
n 0.18 0.82 0.43 0.72 0.37 9775 3350 
n 0.53 0.34 0.13 0.18 0.54 9875 3350 
n 0.59 0.7 0.65 0.84 0.24 9975 3350 
n 0.42 0.64 0.76 0.49 0.29 9775 3200 
n 0.2 0.85 0.31 0.73 0.27 10225 3200 
n 0.9 0.48 0.42 0.83 0.26 10025 3200 
n 0.59 0.45 0.54 0.37 0.54 10075 3350 
n 0.52 0.79 0.21 0.15 0.83 10175 3350 
n 0.65 0.29 0.48 0.18 0.9 10175 3650 
n 0.43 0.26 0.77 0.44 0.16 10075 3650 
n 0.85 0.1 0.78 0.74 0.55 10175 3850 
n 0.46 0.41 0.12 0.33 0.88 10075 3850 
n 0.86 0.78 0.19 0.69 0.66 10075 4150 
n 0.7 0.5 0.42 0.81 0.75 10175 4150 
n 0.38 0.5 0.83 0.12 0.24 10175 4350 
n 0.33 0.11 0.73 0.41 0.26 10075 4350 
n 0.87 0.15 0.2 0.83 0.56 10075 4650 
n 0.14 0.3 0.75 0.7 0.67 10175 4650 
n 0.66 0.12 0.73 0.35 0.28 10175 4850 
n 0.33 0.61 0.82 0.14 0.62 10075 4850 
n 0.83 0.64 0.55 0.16 0.66 10075 5150 
n 0.83 0.78 0.32 0.77 0.83 10175 5150 
n 0.11 0.76 0.74 0.51 0.46 10075 5350 
n 0.78 0.77 0.25 0.2 0.13 10175 5350 
n 0.19 0.11 0.33 0.42 0.5 10175 5650 
n 0.46 0.71 0.82 0.65 0.89 10075 5650 
n 0.45 0.52 0.28 0.46 0.81 10075 5850 
n 0.86 0.11 0.56 0.32 0.29 10175 5850 
n 0.56 0.57 0.75 0.59 0.14 10175 6150 
n 0.71 0.32 0.4 0.65 0.18 10075 6150 
n 0.57 0.27 0.71 0.45 0.29 10075 7600 
n 0.8 0.8 0.48 0.42 0.82 10075 8300 
n 0.24 0.84 0.84 0.23 0.84 10175 8300 
n 0.3 0.17 0.11 0.27 0.59 10175 8600 
n 0.69 0.58 0.64 0.5 0.78 10075 8600 
n 0.51 0.87 0.12 0.53 0.67 10075 8750 
n 0.18 0.75 0.54 0.55 0.47 10425 8850 
n 0.5 0.47 0.36 0.88 0.32 10375 8600 
n 0.26 0.31 0.77 0.64 0.74 10275 8600 
n 0.3 0.14 0.23 0.85 0.66 10275 8300 
n 0.77 0.47 0.79 0.36 0.69 10375 8300 
n 0.66 0.64 0.81 0.76 0.81 10375 6150 
n 0.88 0.59 0.7 0.57 0.42 10275 6150 
n 0.46 0.15 0.66 0.65 0.35 10275 5850 
n 0.77 0.22 0.77 0.38 0.42 10375 5850 
n 0.56 0.14 0.34 0.54 0.69 10375 5650 
n 0.67 0.22 0.86 0.27 0.38 10275 5650 
n 0.88 0.41 0.59 0.34 0.62 10275 5350 
n 0.62 0.81 0.83 0.29 0.51 10375 5350 
n 0.17 0.26 0.7 0.61 0.68 10275 5150 
n 0.62 0.88 0.82 0.72 0.13 10375 5150 
n 0.81 0.84 0.55 0.54 0.31 10375 4850 
n 0.22 0.61 0.3 0.73 0.23 10275 4850 
n 0.38 0.37 0.47 0.82 0.54 10275 4650 
n 0.25 0.45 0.47 0.13 0.75 10375 4650 
n 0.54 0.5 0.63 0.53 0.27 10375 4350 
n 0.57 0.72 0.3 0.35 0.62 10275 4350 
n 0.8 0.25 0.1 0.29 0.45 10275 4150 
n 0.47 0.55 0.5 0.85 0.14 10375 4150 
n 0.36 0.33 0.65 0.53 0.33 10375 3850 
n 0.36 0.17 0.15 0.66 0.23 10275 3850 
n 0.31 0.46 0.45 0.74 0.44 10375 3650 
n 0.29 0.5 0.49 0.73 0.67 10275 3650 
n 0.77 0.59 0.8 0.36 0.19 10275 3350 
n 0.23 0.76 0.71 0.65 0.28 10375 3350 
n 0.21 0.57 0.54 0.6 0.54 11125 3750 
n 0.31 0.89 0.57 0.44 0.13 11125 3900 
n 0.52 0.7 0.53 0.15 0.3 11125 4050 
n 0.34 0.46 0.72 0.88 0.1 11025 6100 
