t 264 20 4
n 0.4 0.57 0.74 0.62 3425 6450 
n 0.85 0.42 0.33 0.65 3625 3200 
n 0.28 0.44 0.1 0.26 3525 3200 
n 0.59 0.28 0.26 0.26 3525 3350 
n 0.26 0.45 0.8 0.63 3625 3350 
n 0.84 0.75 0.44 0.3 3725 3350 
n 0.89 0.43 0.36 0.13 3725 3650 
n 0.88 0.8 0.31 0.76 3625 3650 
n 0.66 0.38 0.71 0.35 3525 3650 
n 0.2 0.41 0.26 0.56 3525 3850 
n 0.83 0.72 0.69 0.55 3625 3850 
n 0.79 0.59 0.51 0.23 3725 3850 
n 0.45 0.81 0.86 0.42 3725 4150 
n 0.72 0.87 0.41 0.69 3625 4150 
n 0.51 0.23 0.41 0.17 3525 4150 
n 0.71 0.37 0.24 0.54 3525 4350 
n 0.58 0.36 0.12 0.27 3625 4350 
n 0.17 0.76 0.12 0.3 3725 4350 
n 0.68 0.11 0.5 0.72 3725 4650 
n 0.53 0.33 0.8 0.83 3625 4650 
n 0.46 0.66 0.32 0.75 3525 4650 
n 0.45 0.67 0.81 0.13 3525 4850 
n 0.41 0.5 0.38 0.16 3625 4850 
n 0.65 0.58 0.24 0.38 3725 4850 
n 0.79 0.16 0.4 0.83 3725 5150 
n 0.84 0.43 0.72 0.18 3625 5150 
n 0.26 0.54 0.75 0.24 3525 5150 
n 0.37 0.14 0.27 0.7 3525 5350 
n 0.19 0.79 0.82 0.18 3625 5350 
n 0.89 0.34 0.8 0.84 3725 5350 
n 0.31 0.69 0.85 0.6 3725 5650 
n 0.63 0.84 0.87 0.23 3625 5650 
n 0.44 0.56 0.74 0.44 3525 5650 
n 0.17 0.54 0.13 0.32 3525 5850 
n 0.11 0.3 0.15 0.65 3625 5850 
n 0.32 0.48 0.55 0.8 3725 5850 
n 0.79 0.78 0.6 0.77 3725 6150 
n 0.62 0.39 0.54 0.22 3625 6150 
n 0.1 0.37 0.72 0.87 3525 6150 
n 0.61 0.55 0.33 0.46 3525 6450 
n 0.28 0.76 0.35 0.76 3525 6650 
n 0.4 0.62 0.38 0.83 3675 7150 
n 0.61 0.21 0.38 0.58 3675 7500 
n 0.76 0.62 0.71 0.88 3675 7700 
n 0.39 0.78 0.33 0.71 3675 7850 
n 0.55 0.51 0.48 0.52 3675 8050 
n 0.25 0.88 0.62 0.75 3525 8300 
n 0.71 0.84 0.19 0.4 3625 8300 
n 0.85 0.34 0.4 0.24 3725 8300 
n 0.89 0.22 0.88 0.43 3725 8600 
n 0.27 0.23 0.38 0.32 3625 8600 
n 0.87 0.82 0.35 0.62 3525 8600 
n 0.18 0.52 0.67 0.43 3825 8750 
n 0.11 0.24 0.65 0.15 3925 8750 
n 0.21 0.16 0.56 0.33 3925 8600 
n 0.8 0.83 0.42 0.72 3825 8600 
n 0.8 0.16 0.74 0.32 3825 8300 
n 0.47 0.29 0.53 0.52 3925 8300 
n 0.83 0.3 0.77 0.66 3925 7600 
n 0.36 0.14 0.79 0.6 3925 6150 
n 0.49 0.44 0.26 0.5 3825 6150 
n 0.59 0.86 0.34 0.45 3825 5850 
n 0.79 0.65 0.77 0.31 3925 5850 
n 0.59 0.37 0.71 0.25 3925 5650 
n 0.21 0.17 0.52 0.25 3825 5650 
n 0.15 0.19 0.1 0.57 3825 5350 
n 0.87 0.54 0.56 0.62 3925 5350 
n 0.18 0.23 0.83 0.17 3925 5150 
n 0.73 0.41 0.88 0.34 3825 5150 
n 0.22 0.84 0.22 0.23 3825 4850 
n 0.15 0.64 0.24 0.74 3925 4850 
n 0.79 0.31 0.13 0.53 3925 4650 
n 0.48 0.81 0.23 0.3 3825 4650 
n 0.23 0.74 0.52 0.81 3825 4350 
n 0.62 0.33 0.2 0.47 3925 4350 
n 0.69 0.6 0.22 0.45 3925 4150 
n 0.4 0.26 0.23 0.5 3825 4150 
n 0.2 0.85 0.67 0.72 3825 3850 
n 0.84 0.81 0.44 0.86 3925 3850 
n 0.53 0.15 0.18 0.62 3925 3650 
n 0.61 0.32 0.25 0.55 3825 3650 
n 0.57 0.32 0.84 0.79 3825 3350 
n 0.24 0.82 0.23 0.1 3925 3350 
n 0.19 0.9 0.55 0.51 3875 3200 
n 0.24 0.56 0.77 0.65 4075 3200 
n 0.2 0.67 0.56 0.53 4025 3350 
n 0.76 0.49 0.44 0.67 4125 3350 
n 0.79 0.3 0.19 0.72 4225 3350 
n 0.31 0.58 0.73 0.19 4225 3650 
n 0.86 0.4 0.14 0.86 4125 3650 
n 0.26 0.13 0.25 0.69 4025 3650 
n 0.49 0.49 0.67 0.24 4025 3850 
n 0.34 0.63 0.77 0.57 4125 3850 
n 0.4 0.72 0.42 0.89 4225 3850 
n 0.85 0.4 0.11 0.58 4225 4150 
n 0.8 0.77 0.18 0.19 4125 4150 
n 0.39 0.68 0.26 0.13 4025 4150 
n 0.48 0.59 0.42 0.4 4025 4350 
n 0.7 0.79 0.52 0.32 4125 4350 
n 0.74 0.65 0.26 0.64 4225 4350 
n 0.22 0.41 0.3 0.13 4225 4650 
n 0.27 0.65 0.64 0.61 4125 4650 
n 0.42 0.33 0.17 0.38 4025 4650 
n 0.27 0.57 0.36 0.51 4025 4850 
n 0.43 0.26 0.24 0.76 4125 4850 
n 0.78 0.63 0.11 0.28 4225 4850 
n 0.15 0.29 0.48 0.46 4225 5150 
n 0.78 0.79 0.72 0.11 4125 5150 
n 0.23 0.43 0.88 0.38 4025 5150 
n 0.39 0.89 0.32 0.4 4025 5350 
n 0.19 0.28 0.86 0.18 4125 5350 
n 0.2 0.8 0.64 0.81 4225 5350 
n 0.73 0.27 0.21 0.84 4225 5650 
n 0.45 0.64 0.88 0.61 4125 5650 
n 0.73 0.55 0.23 0.23 4025 5650 
n 0.41 0.19 0.86 0.26 4025 5850 
n 0.43 0.18 0.6 0.16 4125 5850 
n 0.61 0.14 0.77 0.57 4225 5850 
n 0.63 0.37 0.17 0.46 4225 6150 
n 0.19 0.23 0.83 0.67 4125 6150 
n 0.85 0.71 0.46 0.39 4025 6150 
n 0.67 0.79 0.67 0.18 4025 8300 
n 0.42 0.66 0.57 0.76 4125 8300 
n 0.14 0.36 0.32 0.85 4225 8300 
n 0.75 0.35 0.33 0.89 4225 8600 
n 0.46 0.62 0.81 0.89 4125 8600 
n 0.72 0.11 0.89 0.22 4025 8600 
n 0.34 0.73 0.19 0.79 4275 8850 
n 0.11 0.76 0.6 0.52 4875 6100 
n 0.56 0.51 0.8 0.13 4975 4050 
n 0.56 0.19 0.62 0.81 4975 3900 
n 0.74 0.35 0.29 0.62 4975 3750 
n 0.75 0.71 0.88 0.86 9675 3200 
n 0.69 0.75 0.4 0.65 9675 3350 
n 0.58 0.79 0.62 0.71 9675 3650 
n 0.45 0.87 0.21 0.42 9675 3850 
n 0.28 0.45 0.54 0.26 9675 4150 
n 0.37 0.52 0.2 0.71 9675 4350 
n 0.72 0.5 0.32 0.76 9675 4650 
n 0.7 0.55 0.77 0.62 9675 4850 
n 0.34 0.63 0.5 0.11 9675 5150 
n 0.31 0.44 0.14 0.41 9675 5350 
n 0.41 0.35 0.84 0.28 9675 5650 
n 0.61 0.34 0.55 0.65 9675 5850 
n 0.7 0.9 0.55 0.42 9675 6150 
n 0.22 0.6 0.64 0.68 9575 6450 
n 0.41 0.66 0.27 0.22 9675 6450 
n 0.74 0.34 0.32 0.22 9675 6650 
n 0.38 0.56 0.82 0.41 9675 8300 
n 0.72 0.87 0.1 0.21 9675 8600 
n 0.87 0.33 0.28 0.29 9975 8750 
n 0.39 0.25 0.53 0.16 9975 8600 
n 0.83 0.16 0.53 0.68 9875 8600 
n 0.28 0.63 0.26 0.34 9775 8600 
n 0.56 0.47 0.15 0.56 9775 8300 
n 0.6 0.6 0.73 0.74 9875 8300 
n 0.71 0.76 0.69 0.26 9975 8300 
n 0.18 0.63 0.41 0.7 9825 8050 
n 0.19 0.83 0.76 0.39 9825 7850 
n 0.7 0.21 0.73 0.47 9825 7700 
n 0.1 0.87 0.5 0.85 9825 7500 
n 0.83 0.37 0.54 0.78 9825 7150 
n 0.78 0.37 0.69 0.85 9975 6150 
n 0.11 0.44 0.6 0.74 9875 6150 
n 0.56 0.2 0.51 0.42 9775 6150 
n 0.6 0.71 0.34 0.5 9775 5850 
n 0.82 0.51 0.29 0.17 9875 5850 
n 0.58 0.86 0.83 0.87 9975 5850 
n 0.51 0.19 0.3 0.42 9975 5650 
n 0.14 0.18 0.84 0.76 9875 5650 
n 0.29 0.75 0.68 0.61 9775 5650 
n 0.41 0.72 0.66 0.21 9775 5350 
n 0.46 0.3 0.31 0.2 9875 5350 
n 0.22 0.27 0.4 0.41 9975 5350 
n 0.25 0.42 0.53 0.23 9775 5150 
n 0.81 0.66 0.44 0.79 9875 5150 
n 0.82 0.11 0.42 0.23 9975 5150 
n 0.7 0.51 0.19 0.52 9975 4850 
n 0.41 0.14 0.43 0.48 9875 4850 
n 0.19 0.76 0.31 0.51 9775 4850 
n 0.6 0.47 0.47 0.11 9775 4650 
n 0.11 0.14 0.23 0.73 9875 4650 
n 0.61 0.18 0.72 0.17 9975 4650 
n 0.32 0.16 0.34 0.85 9975 4350 
n 0.88 0.31 0.62 0.55 9875 4350 
n 0.46 0.82 0.23 0.18 9775 4350 
n 0.41 0.88 0.32 0.52 9775 4150 
n 0.41 0.59 0.61 0.7 9875 4150 
n 0.65 0.37 0.11 0.28 9975 4150 
n 0.57 0.76 0.87 0.23 9975 3850 
n 0.72 0.69 0.51 0.78 9875 3850 
n 0.57 0.83 0.16 0.81 9775 3850 
n 0.54 0.51 0.87 0.86 9975 3650 
n 0.78 0.59 0.15 0.4 9875 3650 
n 0.26 0.38 0.74 0.68 9775 3650 
n 0.56 0.78 0.61 0.5 9775 3350 
n 0.68 0.64 0.72 0.86 9875 3350 
n 0.26 0.14 0.73 0.25 9975 3350 
n 0.12 0.54 0.15 0.13 9775 3200 
n 0.42 0.15 0.89 0.59 10225 3200 
n 0.37 0.59 0.78 0.14 10025 3200 
n 0.42 0.38 0.12 0.3 10075 3350 
n 0.72 0.74 0.65 0.12 10175 3350 
n 0.21 0.12 0.88 0.32 10175 3650 
n 0.73 0.17 0.7 0.84 10075 3650 
n 0.34 0.69 0.22 0.64 10175 3850 
n 0.63 0.55 0.22 0.56 10075 3850 
n 0.85 0.76 0.29 0.71 10075 4150 
n 0.47 0.19 0.9 0.43 10175 4150 
n 0.13 0.21 0.64 0.51 10175 4350 
n 0.69 0.58 0.83 0.86 10075 4350 
n 0.15 0.63 0.53 0.57 10075 4650 
n 0.5 0.37 0.9 0.74 10175 4650 
n 0.1 0.74 0.77 0.68 10175 4850 
n 0.23 0.34 0.63 0.79 10075 4850 
n 0.71 0.32 0.18 0.39 10075 5150 
n 0.35 0.31 0.78 0.19 10175 5150 
n 0.81 0.12 0.86 0.37 10075 5350 
n 0.73 0.81 0.55 0.25 10175 5350 
n 0.4 0.65 0.75 0.79 10175 5650 
n 0.67 0.48 0.18 0.36 10075 5650 
n 0.65 0.25 0.44 0.12 10075 5850 
n 0.85 0.8 0.89 0.87 10175 5850 
n 0.78 0.23 0.37 0.47 10175 6150 
n 0.32 0.82 0.59 0.88 10075 6150 
n 0.43 0.57 0.12 0.83 10075 7600 
n 0.68 0.74 0.43 0.43 10075 8300 
n 0.38 0.36 0.31 0.31 10175 8300 
n 0.39 0.54 0.57 0.4 10175 8600 
n 0.14 0.83 0.73 0.43 10075 8600 
n 0.3 0.71 0.14 0.76 10075 8750 
n 0.65 0.54 0.71 0.5 10425 8850 
n 0.82 0.75 0.82 0.32 10375 8600 
n 0.58 0.41 0.43 0.65 10275 8600 
n 0.69 0.72 0.45 0.7 10275 8300 
n 0.16 0.15 0.46 0.23 10375 8300 
n 0.65 0.4 0.33 0.32 10375 6150 
n 0.65 0.63 0.64 0.1 10275 6150 
n 0.19 0.67 0.16 0.49 10275 5850 
n 0.32 0.65 0.51 0.27 10375 5850 
n 0.23 0.2 0.14 0.82 10375 5650 
n 0.21 0.22 0.53 0.31 10275 5650 
n 0.52 0.55 0.87 0.29 10275 5350 
n 0.77 0.12 0.55 0.52 10375 5350 
n 0.71 0.14 0.68 0.6 10275 5150 
n 0.37 0.66 0.13 0.56 10375 5150 
n 0.24 0.45 0.55 0.14 10375 4850 
n 0.5 0.38 0.11 0.32 10275 4850 
n 0.38 0.23 0.26 0.2 10275 4650 
n 0.32 0.59 0.84 0.6 10375 4650 
n 0.63 0.38 0.55 0.48 10375 4350 
n 0.83 0.78 0.19 0.71 10275 4350 
n 0.7 0.43 0.55 0.31 10275 4150 
n 0.71 0.55 0.75 0.52 10375 4150 
n 0.53 0.83 0.49 0.38 10375 3850 
n 0.55 0.29 0.17 0.55 10275 3850 
n 0.75 0.38 0.13 0.62 10375 3650 
n 0.13 0.83 0.79 0.42 10275 3650 
n 0.78 0.2 0.22 0.73 10275 3350 
n 0.62 0.67 0.8 0.37 10375 3350 
n 0.23 0.83 0.8 0.44 11125 3750 
n 0.32 0.51 0.47 0.72 11125 3900 
n 0.28 0.76 0.17 0.31 11125 4050 
n 0.68 0.63 0.7 0.81 11025 6100 
