t 264 5 3
n 0.27 0.17 0.2 3425 6450 
n 0.17 0.38 0.37 3625 3200 
n 0.42 0.27 0.67 3525 3200 
n 0.57 0.53 0.85 3525 3350 
n 0.89 0.72 0.74 3625 3350 
n 0.85 0.32 0.84 3725 3350 
n 0.51 0.9 0.3 3725 3650 
n 0.73 0.76 0.17 3625 3650 
n 0.87 0.36 0.59 3525 3650 
n 0.89 0.7 0.76 3525 3850 
n 0.32 0.29 0.58 3625 3850 
n 0.82 0.47 0.74 3725 3850 
n 0.17 0.75 0.88 3725 4150 
n 0.73 0.9 0.64 3625 4150 
n 0.49 0.89 0.27 3525 4150 
n 0.34 0.44 0.41 3525 4350 
n 0.75 0.82 0.34 3625 4350 
n 0.38 0.31 0.2 3725 4350 
n 0.52 0.35 0.4 3725 4650 
n 0.28 0.66 0.19 3625 4650 
n 0.76 0.56 0.77 3525 4650 
n 0.63 0.86 0.12 3525 4850 
n 0.58 0.86 0.27 3625 4850 
n 0.22 0.8 0.25 3725 4850 
n 0.3 0.14 0.26 3725 5150 
n 0.57 0.48 0.69 3625 5150 
n 0.19 0.62 0.17 3525 5150 
n 0.26 0.39 0.56 3525 5350 
n 0.52 0.85 0.42 3625 5350 
n 0.16 0.77 0.53 3725 5350 
n 0.62 0.58 0.79 3725 5650 
n 0.56 0.18 0.56 3625 5650 
n 0.62 0.22 0.85 3525 5650 
n 0.25 0.63 0.11 3525 5850 
n 0.29 0.31 0.45 3625 5850 
n 0.34 0.18 0.46 3725 5850 
n 0.83 0.31 0.23 3725 6150 
n 0.42 0.65 0.83 3625 6150 
n 0.4 0.24 0.71 3525 6150 
n 0.14 0.82 0.68 3525 6450 
n 0.4 0.53 0.44 3525 6650 
n 0.75 0.11 0.54 3675 7150 
n 0.5 0.36 0.88 3675 7500 
n 0.55 0.85 0.66 3675 7700 
n 0.32 0.78 0.15 3675 7850 
n 0.28 0.43 0.74 3675 8050 
n 0.33 0.86 0.43 3525 8300 
n 0.71 0.25 0.82 3625 8300 
n 0.29 0.79 0.29 3725 8300 
n 0.12 0.84 0.29 3725 8600 
n 0.87 0.33 0.27 3625 8600 
n 0.83 0.84 0.11 3525 8600 
n 0.42 0.66 0.66 3825 8750 
n 0.86 0.64 0.71 3925 8750 
n 0.31 0.69 0.28 3925 8600 
n 0.65 0.27 0.78 3825 8600 
n 0.7 0.7 0.35 3825 8300 
n 0.7 0.6 0.11 3925 8300 
n 0.41 0.12 0.1 3925 7600 
n 0.29 0.77 0.8 3925 6150 
n 0.65 0.66 0.54 3825 6150 
n 0.34 0.71 0.52 3825 5850 
n 0.72 0.15 0.54 3925 5850 
n 0.27 0.13 0.43 3925 5650 
n 0.11 0.16 0.5 3825 5650 
n 0.76 0.1 0.89 3825 5350 
n 0.23 0.17 0.3 3925 5350 
n 0.11 0.79 0.47 3925 5150 
n 0.27 0.5 0.59 3825 5150 
n 0.72 0.17 0.48 3825 4850 
n 0.87 0.43 0.18 3925 4850 
n 0.63 0.48 0.89 3925 4650 
n 0.41 0.42 0.82 3825 4650 
n 0.89 0.73 0.81 3825 4350 
n 0.26 0.74 0.67 3925 4350 
n 0.75 0.59 0.56 3925 4150 
n 0.78 0.13 0.45 3825 4150 
n 0.88 0.82 0.6 3825 3850 
n 0.87 0.15 0.41 3925 3850 
n 0.69 0.76 0.68 3925 3650 
n 0.33 0.63 0.72 3825 3650 
n 0.54 0.14 0.61 3825 3350 
n 0.9 0.11 0.25 3925 3350 
n 0.58 0.1 0.6 3875 3200 
n 0.28 0.55 0.37 4075 3200 
n 0.52 0.42 0.67 4025 3350 
n 0.16 0.21 0.41 4125 3350 
n 0.86 0.75 0.27 4225 3350 
n 0.73 0.56 0.81 4225 3650 
n 0.24 0.57 0.41 4125 3650 
n 0.53 0.49 0.34 4025 3650 
n 0.69 0.55 0.53 4025 3850 
n 0.35 0.5 0.11 4125 3850 
n 0.81 0.54 0.62 4225 3850 
n 0.5 0.25 0.25 4225 4150 
n 0.87 0.21 0.7 4125 4150 
n 0.32 0.41 0.12 4025 4150 
n 0.71 0.82 0.7 4025 4350 
n 0.55 0.18 0.49 4125 4350 
n 0.39 0.57 0.87 4225 4350 
n 0.1 0.73 0.51 4225 4650 
n 0.9 0.6 0.22 4125 4650 
n 0.83 0.56 0.31 4025 4650 
n 0.59 0.55 0.84 4025 4850 
n 0.7 0.46 0.16 4125 4850 
n 0.12 0.24 0.73 4225 4850 
n 0.85 0.85 0.44 4225 5150 
n 0.45 0.18 0.73 4125 5150 
n 0.2 0.76 0.47 4025 5150 
n 0.7 0.8 0.83 4025 5350 
n 0.35 0.5 0.78 4125 5350 
n 0.5 0.6 0.39 4225 5350 
n 0.26 0.38 0.66 4225 5650 
n 0.44 0.55 0.38 4125 5650 
n 0.81 0.85 0.77 4025 5650 
n 0.74 0.18 0.82 4025 5850 
n 0.88 0.87 0.87 4125 5850 
n 0.51 0.48 0.54 4225 5850 
n 0.29 0.47 0.87 4225 6150 
n 0.19 0.71 0.23 4125 6150 
n 0.15 0.61 0.62 4025 6150 
n 0.68 0.79 0.35 4025 8300 
n 0.82 0.72 0.71 4125 8300 
n 0.42 0.46 0.33 4225 8300 
n 0.61 0.21 0.64 4225 8600 
n 0.66 0.52 0.77 4125 8600 
n 0.31 0.48 0.43 4025 8600 
n 0.51 0.72 0.32 4275 8850 
n 0.84 0.85 0.88 4875 6100 
n 0.38 0.29 0.27 4975 4050 
n 0.73 0.61 0.41 4975 3900 
n 0.62 0.59 0.77 4975 3750 
n 0.41 0.54 0.24 9675 3200 
n 0.71 0.19 0.84 9675 3350 
n 0.27 0.18 0.77 9675 3650 
n 0.19 0.52 0.4 9675 3850 
n 0.46 0.3 0.56 9675 4150 
n 0.14 0.58 0.11 9675 4350 
n 0.51 0.8 0.19 9675 4650 
n 0.39 0.57 0.7 9675 4850 
n 0.62 0.45 0.45 9675 5150 
n 0.44 0.66 0.68 9675 5350 
n 0.7 0.37 0.53 9675 5650 
n 0.49 0.48 0.34 9675 5850 
n 0.49 0.86 0.38 9675 6150 
n 0.11 0.8 0.41 9575 6450 
n 0.86 0.76 0.49 9675 6450 
n 0.21 0.24 0.6 9675 6650 
n 0.16 0.33 0.16 9675 8300 
n 0.23 0.68 0.72 9675 8600 
n 0.89 0.5 0.34 9975 8750 
n 0.73 0.32 0.12 9975 8600 
n 0.72 0.83 0.3 9875 8600 
n 0.9 0.14 0.16 9775 8600 
n 0.76 0.86 0.46 9775 8300 
n 0.28 0.21 0.88 9875 8300 
n 0.71 0.72 0.62 9975 8300 
n 0.65 0.52 0.21 9825 8050 
n 0.16 0.27 0.69 9825 7850 
n 0.2 0.7 0.85 9825 7700 
n 0.58 0.18 0.15 9825 7500 
n 0.27 0.64 0.31 9825 7150 
n 0.16 0.65 0.23 9975 6150 
n 0.82 0.42 0.13 9875 6150 
n 0.83 0.13 0.37 9775 6150 
n 0.36 0.47 0.5 9775 5850 
n 0.3 0.39 0.45 9875 5850 
n 0.5 0.3 0.71 9975 5850 
n 0.13 0.83 0.41 9975 5650 
n 0.65 0.72 0.78 9875 5650 
n 0.29 0.63 0.85 9775 5650 
n 0.52 0.51 0.74 9775 5350 
n 0.24 0.49 0.4 9875 5350 
n 0.73 0.16 0.76 9975 5350 
n 0.1 0.86 0.47 9775 5150 
n 0.34 0.49 0.49 9875 5150 
n 0.53 0.33 0.55 9975 5150 
n 0.23 0.42 0.11 9975 4850 
n 0.67 0.41 0.35 9875 4850 
n 0.58 0.12 0.22 9775 4850 
n 0.5 0.14 0.26 9775 4650 
n 0.31 0.25 0.68 9875 4650 
n 0.2 0.64 0.44 9975 4650 
n 0.44 0.11 0.44 9975 4350 
n 0.76 0.44 0.21 9875 4350 
n 0.21 0.19 0.66 9775 4350 
n 0.7 0.42 0.67 9775 4150 
n 0.22 0.78 0.5 9875 4150 
n 0.87 0.22 0.57 9975 4150 
n 0.62 0.4 0.51 9975 3850 
n 0.59 0.11 0.8 9875 3850 
n 0.87 0.49 0.69 9775 3850 
n 0.76 0.28 0.28 9975 3650 
n 0.61 0.39 0.64 9875 3650 
n 0.56 0.89 0.4 9775 3650 
n 0.62 0.13 0.29 9775 3350 
n 0.52 0.59 0.65 9875 3350 
n 0.26 0.52 0.63 9975 3350 
n 0.42 0.87 0.36 9775 3200 
n 0.64 0.39 0.11 10225 3200 
n 0.54 0.55 0.66 10025 3200 
n 0.52 0.33 0.72 10075 3350 
n 0.29 0.8 0.64 10175 3350 
n 0.42 0.45 0.46 10175 3650 
n 0.16 0.31 0.86 10075 3650 
n 0.36 0.52 0.4 10175 3850 
n 0.15 0.87 0.58 10075 3850 
n 0.31 0.13 0.52 10075 4150 
n 0.72 0.25 0.78 10175 4150 
n 0.85 0.84 0.72 10175 4350 
n 0.58 0.14 0.59 10075 4350 
n 0.41 0.46 0.66 10075 4650 
n 0.42 0.61 0.24 10175 4650 
n 0.87 0.74 0.77 10175 4850 
n 0.71 0.68 0.86 10075 4850 
n 0.74 0.25 0.6 10075 5150 
n 0.84 0.39 0.31 10175 5150 
n 0.78 0.16 0.16 10075 5350 
n 0.24 0.58 0.34 10175 5350 
n 0.23 0.71 0.27 10175 5650 
n 0.1 0.39 0.81 10075 5650 
n 0.28 0.29 0.64 10075 5850 
n 0.33 0.39 0.86 10175 5850 
n 0.59 0.86 0.65 10175 6150 
n 0.84 0.69 0.33 10075 6150 
n 0.88 0.14 0.59 10075 7600 
n 0.47 0.78 0.75 10075 8300 
n 0.68 0.42 0.21 10175 8300 
n 0.43 0.69 0.51 10175 8600 
n 0.75 0.22 0.15 10075 8600 
n 0.43 0.32 0.76 10075 8750 
n 0.44 0.72 0.73 10425 8850 
n 0.29 0.21 0.81 10375 8600 
n 0.32 0.47 0.83 10275 8600 
n 0.14 0.68 0.9 10275 8300 
n 0.21 0.2 0.69 10375 8300 
n 0.2 0.85 0.78 10375 6150 
n 0.62 0.59 0.55 10275 6150 
n 0.14 0.37 0.55 10275 5850 
n 0.56 0.58 0.65 10375 5850 
n 0.4 0.43 0.73 10375 5650 
n 0.62 0.13 0.8 10275 5650 
n 0.58 0.76 0.58 10275 5350 
n 0.58 0.73 0.57 10375 5350 
n 0.73 0.25 0.74 10275 5150 
n 0.17 0.47 0.42 10375 5150 
n 0.55 0.53 0.84 10375 4850 
n 0.42 0.59 0.84 10275 4850 
n 0.32 0.72 0.9 10275 4650 
n 0.39 0.54 0.17 10375 4650 
n 0.2 0.31 0.56 10375 4350 
n 0.7 0.77 0.59 10275 4350 
n 0.21 0.78 0.76 10275 4150 
n 0.21 0.19 0.77 10375 4150 
n 0.71 0.39 0.78 10375 3850 
n 0.53 0.53 0.3 10275 3850 
n 0.13 0.37 0.17 10375 3650 
n 0.4 0.62 0.71 10275 3650 
n 0.33 0.74 0.3 10275 3350 
n 0.12 0.15 0.72 10375 3350 
n 0.44 0.56 0.76 11125 3750 
n 0.7 0.68 0.52 11125 3900 
n 0.37 0.6 0.61 11125 4050 
n 0.17 0.36 0.26 11025 6100 
