t 299 10 4
n 0.88 0.39 0.78 0.33 2156 1639 
n 0.71 0.55 0.51 0.48 2456 1639 
n 0.52 0.25 0.88 0.62 2355 1640 
n 0.75 0.71 0.84 0.19 2256 1640 
n 0.4 0.85 0.34 0.4 2656 1640 
n 0.24 0.89 0.22 0.88 2556 1639 
n 0.43 0.27 0.23 0.38 2975 1725 
n 0.32 0.87 0.82 0.35 3275 1600 
n 0.62 0.18 0.52 0.67 3375 1600 
n 0.43 0.11 0.24 0.65 3475 1600 
n 0.15 0.21 0.16 0.56 3575 1600 
n 0.33 0.8 0.83 0.42 3700 1600 
n 0.72 0.8 0.16 0.74 3900 1625 
n 0.32 0.47 0.29 0.53 3875 1775 
n 0.52 0.83 0.3 0.77 4275 1625 
n 0.66 0.36 0.14 0.79 4275 1725 
n 0.6 0.49 0.44 0.26 4375 1675 
n 0.5 0.59 0.86 0.34 4500 1675 
n 0.45 0.79 0.65 0.77 4450 1750 
n 0.31 0.59 0.37 0.71 4550 1750 
n 0.25 0.21 0.17 0.52 4560 1565 
n 0.25 0.15 0.19 0.1 4775 1725 
n 0.57 0.87 0.54 0.56 4710 1565 
n 0.62 0.18 0.23 0.83 4860 1565 
n 0.17 0.73 0.41 0.88 5010 1565 
n 0.34 0.22 0.84 0.22 5160 1565 
n 0.23 0.15 0.64 0.24 5310 1565 
n 0.74 0.79 0.31 0.13 5460 1565 
n 0.53 0.48 0.81 0.23 5610 1565 
n 0.3 0.23 0.74 0.52 6375 1575 
n 0.81 0.62 0.33 0.2 6525 1575 
n 0.47 0.69 0.6 0.22 6675 1575 
n 0.45 0.4 0.26 0.23 6675 1725 
n 0.5 0.2 0.85 0.67 6525 1725 
n 0.72 0.84 0.81 0.44 6875 1575 
n 0.86 0.53 0.15 0.18 7075 1575 
n 0.62 0.61 0.32 0.25 7260 1575 
n 0.55 0.57 0.32 0.84 7259 1576 
n 0.79 0.24 0.82 0.23 7625 1775 
n 0.1 0.19 0.9 0.55 7410 1575 
n 0.51 0.24 0.56 0.77 7560 1575 
n 0.65 0.2 0.67 0.56 7409 1576 
n 0.53 0.76 0.49 0.44 7560 1576 
n 0.67 0.79 0.3 0.19 7825 1675 
n 0.72 0.31 0.58 0.73 7710 1575 
n 0.19 0.86 0.4 0.14 7711 1575 
n 0.86 0.26 0.13 0.25 7875 1575 
n 0.69 0.49 0.49 0.67 7975 1575 
n 0.24 0.34 0.63 0.77 8075 1575 
n 0.57 0.4 0.72 0.42 8175 1575 
n 0.89 0.85 0.4 0.11 8275 1575 
n 0.58 0.8 0.77 0.18 8375 1575 
n 0.19 0.39 0.68 0.26 8475 1575 
n 0.13 0.48 0.59 0.42 8825 1625 
n 0.4 0.7 0.79 0.52 8820 1928 
n 0.32 0.74 0.65 0.26 8825 1825 
n 0.64 0.22 0.41 0.3 7725 1825 
n 0.13 0.27 0.65 0.64 7725 1975 
n 0.61 0.42 0.33 0.17 7475 1975 
n 0.38 0.27 0.57 0.36 7625 1925 
n 0.51 0.43 0.26 0.24 7575 2075 
n 0.76 0.78 0.63 0.11 7075 1975 
n 0.28 0.15 0.29 0.48 6825 1925 
n 0.46 0.78 0.79 0.72 6775 2075 
n 0.11 0.23 0.43 0.88 6975 2075 
n 0.38 0.39 0.89 0.32 6675 1925 
n 0.4 0.19 0.28 0.86 6200 1975 
n 0.18 0.2 0.8 0.64 6425 2075 
n 0.81 0.73 0.27 0.21 6000 1975 
n 0.84 0.45 0.64 0.88 6025 2075 
n 0.61 0.73 0.55 0.23 5675 1825 
n 0.23 0.41 0.19 0.86 5275 1825 
n 0.26 0.43 0.18 0.6 5425 1825 
n 0.16 0.61 0.14 0.77 5525 1825 
n 0.57 0.63 0.37 0.17 5025 1825 
n 0.46 0.19 0.23 0.83 4975 2025 
n 0.67 0.85 0.71 0.46 5075 1925 
n 0.39 0.67 0.79 0.67 5075 2075 
n 0.18 0.42 0.66 0.57 4775 1875 
n 0.76 0.14 0.36 0.32 4925 1925 
n 0.85 0.75 0.35 0.33 4675 1950 
n 0.89 0.46 0.62 0.81 4775 1975 
n 0.89 0.72 0.11 0.89 4425 2050 
n 0.22 0.34 0.73 0.19 4525 2050 
n 0.79 0.11 0.76 0.6 4175 1950 
n 0.52 0.56 0.51 0.8 4125 2050 
n 0.13 0.56 0.19 0.62 4275 2050 
n 0.81 0.74 0.35 0.29 3875 1900 
n 0.62 0.75 0.71 0.88 3875 2075 
n 0.86 0.69 0.75 0.4 3975 1975 
n 0.65 0.58 0.79 0.62 3975 2075 
n 0.71 0.45 0.87 0.21 2925 1875 
n 0.42 0.28 0.45 0.54 2925 2150 
n 0.26 0.37 0.52 0.2 4175 2150 
n 0.71 0.72 0.5 0.32 4325 2150 
n 0.76 0.7 0.55 0.77 4275 2225 
n 0.62 0.34 0.63 0.5 4275 2325 
n 0.11 0.31 0.44 0.14 4425 2150 
n 0.41 0.41 0.35 0.84 4525 2150 
n 0.28 0.61 0.34 0.55 4600 2225 
n 0.65 0.7 0.9 0.55 4600 2325 
n 0.42 0.22 0.6 0.64 4775 2125 
n 0.68 0.41 0.66 0.27 5175 2325 
n 0.22 0.74 0.34 0.32 5450 2375 
n 0.22 0.38 0.56 0.82 6775 2225 
n 0.41 0.72 0.87 0.1 7275 2275 
n 0.21 0.87 0.33 0.28 7075 2175 
n 0.29 0.39 0.25 0.53 7425 2325 
n 0.16 0.83 0.16 0.53 7525 2375 
n 0.68 0.28 0.63 0.26 7475 2175 
n 0.34 0.56 0.47 0.15 7775 2350 
n 0.56 0.6 0.6 0.73 7825 2175 
n 0.74 0.71 0.76 0.69 7875 2350 
n 0.26 0.18 0.63 0.41 8825 2225 
n 0.7 0.19 0.83 0.76 8725 2375 
n 0.39 0.7 0.21 0.73 8703 2197 
n 0.47 0.1 0.87 0.5 8825 2425 
n 0.85 0.83 0.37 0.54 8575 2450 
n 0.78 0.78 0.37 0.69 8725 2525 
n 0.85 0.11 0.44 0.6 8625 2600 
n 0.74 0.56 0.2 0.51 8375 2600 
n 0.42 0.6 0.71 0.34 8475 2600 
n 0.5 0.82 0.51 0.29 7975 2475 
n 0.17 0.58 0.86 0.83 8225 2500 
n 0.87 0.51 0.19 0.3 8225 2600 
n 0.42 0.14 0.18 0.84 8125 2575 
n 0.76 0.29 0.75 0.68 7975 2625 
n 0.61 0.41 0.72 0.66 7750 2650 
n 0.21 0.46 0.3 0.31 5350 2400 
n 0.2 0.22 0.27 0.4 5450 2525 
n 0.41 0.25 0.42 0.53 5450 2675 
n 0.23 0.81 0.66 0.44 5250 2400 
n 0.79 0.82 0.11 0.42 5175 2475 
n 0.23 0.7 0.51 0.19 5175 2675 
n 0.52 0.41 0.14 0.43 5075 2575 
n 0.48 0.19 0.76 0.31 4975 2525 
n 0.51 0.6 0.47 0.47 5025 2675 
n 0.11 0.11 0.14 0.23 4875 2675 
n 0.73 0.61 0.18 0.72 4175 2425 
n 0.17 0.32 0.16 0.34 4175 2625 
n 0.85 0.88 0.31 0.62 3925 2450 
n 0.55 0.46 0.82 0.23 3725 2450 
n 0.18 0.41 0.88 0.32 3325 2450 
n 0.52 0.41 0.59 0.61 2925 2425 
n 0.7 0.65 0.37 0.11 2575 2525 
n 0.28 0.57 0.76 0.87 2675 2525 
n 0.23 0.72 0.69 0.51 2275 2525 
n 0.78 0.57 0.83 0.16 2375 2525 
n 0.81 0.54 0.51 0.87 2175 2525 
n 0.86 0.78 0.59 0.15 2148 2786 
n 0.4 0.26 0.38 0.74 2249 2786 
n 0.68 0.56 0.78 0.61 2352 2786 
n 0.5 0.68 0.64 0.72 2451 2785 
n 0.86 0.26 0.14 0.73 2552 2785 
n 0.25 0.12 0.54 0.15 2651 2787 
n 0.13 0.42 0.15 0.89 2925 2925 
n 0.59 0.37 0.59 0.78 3325 2900 
n 0.14 0.42 0.38 0.12 3725 2900 
n 0.3 0.72 0.74 0.65 3925 2900 
n 0.12 0.21 0.12 0.88 4175 2925 
n 0.32 0.73 0.17 0.7 4175 2725 
n 0.84 0.34 0.69 0.22 4975 2825 
n 0.64 0.63 0.55 0.22 5075 2775 
n 0.56 0.85 0.76 0.29 5175 2875 
n 0.71 0.47 0.19 0.9 5450 2825 
n 0.43 0.13 0.21 0.64 5450 2925 
n 0.51 0.69 0.58 0.83 6125 2875 
n 0.86 0.15 0.63 0.53 6025 2875 
n 0.57 0.5 0.37 0.9 7575 2875 
n 0.74 0.1 0.74 0.77 7425 2875 
n 0.68 0.23 0.34 0.63 7925 2875 
n 0.79 0.71 0.32 0.18 7875 2775 
n 0.39 0.35 0.31 0.78 7825 2925 
n 0.19 0.81 0.12 0.86 7750 2800 
n 0.37 0.73 0.81 0.55 8125 2775 
n 0.25 0.4 0.65 0.75 8075 2875 
n 0.79 0.67 0.48 0.18 8025 2775 
n 0.36 0.65 0.25 0.44 8125 2975 
n 0.12 0.85 0.8 0.89 7975 2975 
n 0.87 0.78 0.23 0.37 8775 2825 
n 0.47 0.32 0.82 0.59 8775 2925 
n 0.88 0.43 0.57 0.12 8775 3025 
n 0.83 0.68 0.74 0.43 8775 3125 
n 0.43 0.38 0.36 0.31 8775 3275 
n 0.31 0.39 0.54 0.57 8625 3225 
n 0.4 0.14 0.83 0.73 8525 3225 
n 0.43 0.3 0.71 0.14 8075 3075 
n 0.76 0.65 0.54 0.71 7975 3275 
n 0.5 0.82 0.75 0.82 7975 3075 
n 0.32 0.58 0.41 0.43 7825 3125 
n 0.65 0.69 0.72 0.45 7575 3075 
n 0.7 0.16 0.15 0.46 7600 3175 
n 0.23 0.65 0.4 0.33 7425 3275 
n 0.32 0.65 0.63 0.64 7425 3125 
n 0.1 0.19 0.67 0.16 7425 3025 
n 0.49 0.32 0.65 0.51 7325 3225 
n 0.27 0.23 0.2 0.14 6125 3025 
n 0.82 0.21 0.22 0.53 6025 3175 
n 0.31 0.52 0.55 0.87 5375 3250 
n 0.29 0.77 0.12 0.55 5275 3250 
n 0.52 0.71 0.14 0.68 5450 3025 
n 0.6 0.37 0.66 0.13 5175 3150 
n 0.56 0.24 0.45 0.55 5075 3275 
n 0.14 0.5 0.38 0.11 4525 3200 
n 0.32 0.38 0.23 0.26 4575 3125 
n 0.2 0.32 0.59 0.84 4575 3025 
n 0.6 0.63 0.38 0.55 4425 3200 
n 0.48 0.83 0.78 0.19 4325 3200 
n 0.71 0.7 0.43 0.55 4175 3200 
n 0.31 0.71 0.55 0.75 4275 3125 
n 0.52 0.53 0.83 0.49 4275 3025 
n 0.38 0.55 0.29 0.17 3975 3275 
n 0.55 0.75 0.38 0.13 3875 3275 
n 0.62 0.13 0.83 0.79 2925 3198 
n 0.42 0.78 0.2 0.22 2925 3475 
n 0.73 0.62 0.67 0.8 3925 3475 
n 0.37 0.23 0.83 0.8 3825 3475 
n 0.44 0.32 0.51 0.47 3975 3375 
n 0.72 0.28 0.76 0.17 4325 3575 
n 0.31 0.68 0.63 0.7 4275 3300 
n 0.81 0.36 0.49 0.62 4175 3400 
n 0.77 0.3 0.1 0.64 4125 3300 
n 0.7 0.15 0.6 0.33 4500 3300 
n 0.87 0.44 0.35 0.23 4400 3300 
n 0.74 0.51 0.22 0.56 4725 3525 
n 0.41 0.13 0.16 0.75 4675 3400 
n 0.17 0.37 0.14 0.63 4775 3375 
n 0.42 0.23 0.44 0.5 5175 3300 
n 0.31 0.27 0.24 0.23 4975 3325 
n 0.55 0.73 0.15 0.15 5175 3475 
n 0.74 0.11 0.77 0.53 5025 3450 
n 0.29 0.69 0.82 0.72 5375 3525 
n 0.51 0.49 0.23 0.74 5275 3525 
n 0.79 0.46 0.86 0.33 6050 3375 
n 0.33 0.56 0.57 0.9 5908 3574 
n 0.13 0.25 0.19 0.54 6450 3375 
n 0.31 0.31 0.89 0.3 6675 3325 
n 0.73 0.54 0.12 0.56 6575 3525 
n 0.18 0.12 0.67 0.22 6975 3525 
n 0.32 0.27 0.67 0.86 6875 3325 
n 0.66 0.46 0.8 0.68 6775 3425 
n 0.68 0.43 0.72 0.69 7150 3325 
n 0.5 0.78 0.47 0.75 7150 3475 
n 0.65 0.43 0.67 0.33 7625 3525 
n 0.12 0.63 0.66 0.67 7575 3425 
n 0.29 0.56 0.57 0.16 7475 3525 
n 0.81 0.58 0.44 0.16 7425 3425 
n 0.31 0.34 0.74 0.22 7825 3525 
n 0.59 0.16 0.35 0.76 7725 3525 
n 0.53 0.61 0.42 0.42 7825 3375 
n 0.34 0.21 0.69 0.83 7725 3375 
n 0.31 0.62 0.48 0.84 8225 3425 
n 0.28 0.16 0.62 0.45 8225 3325 
n 0.13 0.83 0.53 0.21 8475 3525 
n 0.18 0.3 0.11 0.75 8325 3525 
n 0.81 0.61 0.9 0.27 8575 3325 
n 0.87 0.33 0.7 0.88 8775 3700 
n 0.84 0.39 0.22 0.23 8675 3800 
n 0.58 0.83 0.85 0.84 8575 3700 
n 0.46 0.51 0.27 0.66 8425 3625 
n 0.14 0.44 0.81 0.79 8325 3625 
n 0.57 0.39 0.72 0.38 8375 3775 
n 0.49 0.46 0.25 0.63 8175 3625 
n 0.41 0.76 0.8 0.4 8225 3775 
n 0.56 0.79 0.75 0.75 8075 3775 
n 0.69 0.56 0.51 0.56 8075 3675 
n 0.77 0.31 0.32 0.67 7925 3775 
n 0.66 0.72 0.61 0.77 7875 3675 
n 0.41 0.25 0.47 0.42 7075 3675 
n 0.8 0.75 0.55 0.39 7150 3750 
n 0.14 0.36 0.21 0.35 6975 3725 
n 0.46 0.53 0.14 0.51 6575 3750 
n 0.78 0.22 0.44 0.31 6375 3750 
n 0.36 0.42 0.57 0.86 5975 3750 
n 0.14 0.6 0.74 0.6 5325 3775 
n 0.62 0.13 0.89 0.74 5275 3675 
n 0.5 0.32 0.16 0.49 5375 3675 
n 0.82 0.74 0.77 0.86 5075 3800 
n 0.36 0.67 0.28 0.61 5204 3772 
n 0.25 0.58 0.63 0.43 4675 3675 
n 0.48 0.76 0.66 0.34 4925 3800 
n 0.59 0.47 0.4 0.22 4925 3675 
n 0.72 0.22 0.21 0.29 4775 3675 
n 0.34 0.57 0.59 0.19 4575 3675 
n 0.41 0.26 0.81 0.33 4425 3675 
n 0.71 0.47 0.45 0.72 4325 3725 
n 0.85 0.63 0.83 0.84 3825 3650 
n 0.65 0.77 0.15 0.31 3625 3750 
n 0.76 0.85 0.14 0.36 3475 3750 
n 0.22 0.77 0.25 0.46 3225 3750 
n 0.53 0.17 0.13 0.16 3325 3750 
n 0.29 0.86 0.32 0.25 3125 3725 
n 0.58 0.34 0.17 0.18 2925 3725 
n 0.12 0.62 0.68 0.22 2575 3675 
n 0.83 0.13 0.83 0.75 2675 3675 
n 0.28 0.46 0.59 0.6 2275 3675 
n 0.75 0.52 0.38 0.56 2375 3675 
n 0.37 0.74 0.11 0.8 2175 3675 
n 0.4 0.76 0.26 0.17 4775 3225 
