t 299 20 5
n 0.49 0.89 0.8 0.34 0.37 2156 1639 
n 0.62 0.14 0.25 0.34 0.13 2456 1639 
n 0.24 0.12 0.87 0.18 0.51 2355 1640 
n 0.43 0.43 0.29 0.48 0.31 2256 1640 
n 0.83 0.87 0.8 0.15 0.29 2656 1640 
n 0.24 0.68 0.23 0.86 0.28 2556 1639 
n 0.59 0.85 0.84 0.87 0.59 2975 1725 
n 0.37 0.13 0.47 0.55 0.11 3275 1600 
n 0.31 0.39 0.5 0.72 0.25 3375 1600 
n 0.76 0.25 0.45 0.25 0.51 3475 1600 
n 0.63 0.3 0.72 0.55 0.18 3575 1600 
n 0.21 0.55 0.2 0.14 0.11 3700 1600 
n 0.66 0.62 0.46 0.45 0.59 3900 1625 
n 0.41 0.44 0.47 0.27 0.78 3875 1775 
n 0.84 0.88 0.69 0.58 0.22 4275 1625 
n 0.38 0.25 0.13 0.5 0.76 4275 1725 
n 0.86 0.52 0.75 0.32 0.83 4375 1675 
n 0.87 0.15 0.8 0.27 0.29 4500 1675 
n 0.59 0.47 0.65 0.88 0.14 4450 1750 
n 0.13 0.82 0.2 0.63 0.84 4550 1750 
n 0.25 0.3 0.12 0.2 0.81 4560 1565 
n 0.64 0.51 0.48 0.3 0.44 4775 1725 
n 0.55 0.18 0.81 0.2 0.68 4710 1565 
n 0.53 0.71 0.14 0.18 0.72 4860 1565 
n 0.52 0.39 0.1 0.22 0.35 5010 1565 
n 0.24 0.61 0.37 0.1 0.63 5160 1565 
n 0.88 0.41 0.73 0.16 0.55 5310 1565 
n 0.85 0.36 0.32 0.68 0.17 5460 1565 
n 0.67 0.84 0.18 0.68 0.89 5610 1565 
n 0.58 0.23 0.19 0.26 0.32 6375 1575 
n 0.13 0.72 0.23 0.72 0.12 6525 1575 
n 0.61 0.32 0.17 0.15 0.25 6675 1575 
n 0.87 0.44 0.55 0.66 0.77 6675 1725 
n 0.67 0.44 0.1 0.75 0.84 6525 1725 
n 0.53 0.47 0.43 0.79 0.58 6875 1575 
n 0.48 0.41 0.74 0.29 0.74 7075 1575 
n 0.61 0.54 0.89 0.6 0.62 7260 1575 
n 0.64 0.63 0.12 0.4 0.37 7259 1576 
n 0.64 0.72 0.31 0.14 0.61 7625 1775 
n 0.8 0.24 0.79 0.66 0.4 7410 1575 
n 0.31 0.17 0.64 0.64 0.6 7560 1575 
n 0.53 0.16 0.76 0.13 0.38 7409 1576 
n 0.32 0.57 0.36 0.46 0.77 7560 1576 
n 0.71 0.41 0.62 0.22 0.34 7825 1675 
n 0.58 0.82 0.8 0.5 0.84 7710 1575 
n 0.48 0.67 0.33 0.6 0.8 7711 1575 
n 0.64 0.86 0.28 0.2 0.44 7875 1575 
n 0.22 0.52 0.25 0.23 0.44 7975 1575 
n 0.49 0.81 0.41 0.13 0.21 8075 1575 
n 0.79 0.49 0.38 0.55 0.29 8175 1575 
n 0.74 0.7 0.43 0.86 0.24 8275 1575 
n 0.32 0.29 0.26 0.86 0.49 8375 1575 
n 0.76 0.41 0.37 0.9 0.73 8475 1575 
n 0.86 0.45 0.81 0.59 0.29 8825 1625 
n 0.69 0.79 0.36 0.33 0.41 8820 1928 
n 0.16 0.32 0.55 0.28 0.67 8825 1825 
n 0.36 0.63 0.2 0.36 0.51 7725 1825 
n 0.21 0.45 0.44 0.42 0.43 7725 1975 
n 0.66 0.89 0.52 0.76 0.67 7475 1975 
n 0.86 0.33 0.68 0.19 0.57 7625 1925 
n 0.59 0.38 0.62 0.31 0.88 7575 2075 
n 0.21 0.45 0.49 0.23 0.15 7075 1975 
n 0.73 0.38 0.2 0.22 0.19 6825 1925 
n 0.3 0.7 0.84 0.74 0.12 6775 2075 
n 0.12 0.73 0.82 0.49 0.54 6975 2075 
n 0.24 0.14 0.36 0.72 0.44 6675 1925 
n 0.28 0.42 0.63 0.76 0.79 6200 1975 
n 0.12 0.77 0.49 0.28 0.66 6425 2075 
n 0.78 0.27 0.47 0.4 0.19 6000 1975 
n 0.15 0.69 0.49 0.85 0.85 6025 2075 
n 0.53 0.52 0.55 0.38 0.76 5675 1825 
n 0.41 0.82 0.54 0.87 0.81 5275 1825 
n 0.84 0.16 0.87 0.18 0.87 5425 1825 
n 0.22 0.59 0.37 0.22 0.66 5525 1825 
n 0.81 0.49 0.15 0.55 0.84 5025 1825 
n 0.61 0.74 0.13 0.83 0.69 4975 2025 
n 0.87 0.8 0.38 0.15 0.35 5075 1925 
n 0.82 0.64 0.37 0.16 0.57 5075 2075 
n 0.72 0.7 0.28 0.63 0.26 4775 1875 
n 0.43 0.26 0.84 0.34 0.53 4925 1925 
n 0.11 0.46 0.55 0.86 0.85 4675 1950 
n 0.8 0.36 0.14 0.48 0.17 4775 1975 
n 0.41 0.86 0.34 0.49 0.69 4425 2050 
n 0.39 0.16 0.8 0.27 0.32 4525 2050 
n 0.25 0.28 0.5 0.71 0.8 4175 1950 
n 0.29 0.85 0.87 0.23 0.71 4125 2050 
n 0.59 0.73 0.89 0.88 0.28 4275 2050 
n 0.61 0.59 0.9 0.71 0.59 3875 1900 
n 0.57 0.89 0.44 0.69 0.2 3875 2075 
n 0.83 0.51 0.41 0.43 0.68 3975 1975 
n 0.31 0.67 0.53 0.53 0.58 3975 2075 
n 0.89 0.86 0.55 0.83 0.29 2925 1875 
n 0.33 0.27 0.88 0.11 0.69 2925 2150 
n 0.87 0.82 0.29 0.63 0.8 4175 2150 
n 0.53 0.38 0.61 0.42 0.39 4325 2150 
n 0.66 0.73 0.65 0.56 0.76 4275 2225 
n 0.12 0.63 0.27 0.52 0.62 4275 2325 
n 0.62 0.15 0.72 0.13 0.84 4425 2150 
n 0.14 0.12 0.77 0.29 0.27 4525 2150 
n 0.83 0.42 0.43 0.83 0.76 4600 2225 
n 0.61 0.21 0.51 0.59 0.29 4600 2325 
n 0.39 0.4 0.32 0.35 0.73 4775 2125 
n 0.56 0.85 0.82 0.12 0.44 5175 2325 
n 0.67 0.56 0.49 0.41 0.58 5450 2375 
n 0.22 0.47 0.68 0.87 0.73 6775 2225 
n 0.17 0.12 0.53 0.28 0.31 7275 2275 
n 0.44 0.71 0.51 0.48 0.79 7075 2175 
n 0.59 0.61 0.63 0.5 0.73 7425 2325 
n 0.71 0.41 0.27 0.44 0.64 7525 2375 
n 0.71 0.17 0.43 0.55 0.34 7475 2175 
n 0.59 0.1 0.22 0.55 0.38 7775 2350 
n 0.12 0.79 0.46 0.64 0.49 7825 2175 
n 0.62 0.84 0.18 0.34 0.49 7875 2350 
n 0.7 0.58 0.5 0.28 0.38 8825 2225 
n 0.48 0.81 0.74 0.85 0.1 8725 2375 
n 0.2 0.82 0.71 0.43 0.29 8703 2197 
n 0.85 0.89 0.12 0.89 0.69 8825 2425 
n 0.86 0.78 0.16 0.51 0.36 8575 2450 
n 0.25 0.81 0.87 0.39 0.47 8725 2525 
n 0.22 0.81 0.38 0.71 0.81 8625 2600 
n 0.17 0.71 0.51 0.56 0.36 8375 2600 
n 0.18 0.54 0.44 0.23 0.77 8475 2600 
n 0.41 0.14 0.86 0.55 0.43 7975 2475 
n 0.57 0.27 0.28 0.8 0.89 8225 2500 
n 0.66 0.25 0.59 0.77 0.84 8225 2600 
n 0.21 0.55 0.24 0.5 0.58 8125 2575 
n 0.34 0.8 0.67 0.71 0.18 7975 2625 
n 0.73 0.64 0.9 0.57 0.37 7750 2650 
n 0.36 0.17 0.79 0.46 0.72 5350 2400 
n 0.17 0.22 0.34 0.77 0.57 5450 2525 
n 0.18 0.32 0.12 0.14 0.48 5450 2675 
n 0.87 0.47 0.23 0.63 0.53 5250 2400 
n 0.18 0.82 0.43 0.72 0.37 5175 2475 
n 0.53 0.34 0.13 0.18 0.54 5175 2675 
n 0.59 0.7 0.65 0.84 0.24 5075 2575 
n 0.42 0.64 0.76 0.49 0.29 4975 2525 
n 0.2 0.85 0.31 0.73 0.27 5025 2675 
n 0.9 0.48 0.42 0.83 0.26 4875 2675 
n 0.59 0.45 0.54 0.37 0.54 4175 2425 
n 0.52 0.79 0.21 0.15 0.83 4175 2625 
n 0.65 0.29 0.48 0.18 0.9 3925 2450 
n 0.43 0.26 0.77 0.44 0.16 3725 2450 
n 0.85 0.1 0.78 0.74 0.55 3325 2450 
n 0.46 0.41 0.12 0.33 0.88 2925 2425 
n 0.86 0.78 0.19 0.69 0.66 2575 2525 
n 0.7 0.5 0.42 0.81 0.75 2675 2525 
n 0.38 0.5 0.83 0.12 0.24 2275 2525 
n 0.33 0.11 0.73 0.41 0.26 2375 2525 
n 0.87 0.15 0.2 0.83 0.56 2175 2525 
n 0.14 0.3 0.75 0.7 0.67 2148 2786 
n 0.66 0.12 0.73 0.35 0.28 2249 2786 
n 0.33 0.61 0.82 0.14 0.62 2352 2786 
n 0.83 0.64 0.55 0.16 0.66 2451 2785 
n 0.83 0.78 0.32 0.77 0.83 2552 2785 
n 0.11 0.76 0.74 0.51 0.46 2651 2787 
n 0.78 0.77 0.25 0.2 0.13 2925 2925 
n 0.19 0.11 0.33 0.42 0.5 3325 2900 
n 0.46 0.71 0.82 0.65 0.89 3725 2900 
n 0.45 0.52 0.28 0.46 0.81 3925 2900 
n 0.86 0.11 0.56 0.32 0.29 4175 2925 
n 0.56 0.57 0.75 0.59 0.14 4175 2725 
n 0.71 0.32 0.4 0.65 0.18 4975 2825 
n 0.57 0.27 0.71 0.45 0.29 5075 2775 
n 0.8 0.8 0.48 0.42 0.82 5175 2875 
n 0.24 0.84 0.84 0.23 0.84 5450 2825 
n 0.3 0.17 0.11 0.27 0.59 5450 2925 
n 0.69 0.58 0.64 0.5 0.78 6125 2875 
n 0.51 0.87 0.12 0.53 0.67 6025 2875 
n 0.18 0.75 0.54 0.55 0.47 7575 2875 
n 0.5 0.47 0.36 0.88 0.32 7425 2875 
n 0.26 0.31 0.77 0.64 0.74 7925 2875 
n 0.3 0.14 0.23 0.85 0.66 7875 2775 
n 0.77 0.47 0.79 0.36 0.69 7825 2925 
n 0.66 0.64 0.81 0.76 0.81 7750 2800 
n 0.88 0.59 0.7 0.57 0.42 8125 2775 
n 0.46 0.15 0.66 0.65 0.35 8075 2875 
n 0.77 0.22 0.77 0.38 0.42 8025 2775 
n 0.56 0.14 0.34 0.54 0.69 8125 2975 
n 0.67 0.22 0.86 0.27 0.38 7975 2975 
n 0.88 0.41 0.59 0.34 0.62 8775 2825 
n 0.62 0.81 0.83 0.29 0.51 8775 2925 
n 0.17 0.26 0.7 0.61 0.68 8775 3025 
n 0.62 0.88 0.82 0.72 0.13 8775 3125 
n 0.81 0.84 0.55 0.54 0.31 8775 3275 
n 0.22 0.61 0.3 0.73 0.23 8625 3225 
n 0.38 0.37 0.47 0.82 0.54 8525 3225 
n 0.25 0.45 0.47 0.13 0.75 8075 3075 
n 0.54 0.5 0.63 0.53 0.27 7975 3275 
n 0.57 0.72 0.3 0.35 0.62 7975 3075 
n 0.8 0.25 0.1 0.29 0.45 7825 3125 
n 0.47 0.55 0.5 0.85 0.14 7575 3075 
n 0.36 0.33 0.65 0.53 0.33 7600 3175 
n 0.36 0.17 0.15 0.66 0.23 7425 3275 
n 0.31 0.46 0.45 0.74 0.44 7425 3125 
n 0.29 0.5 0.49 0.73 0.67 7425 3025 
n 0.77 0.59 0.8 0.36 0.19 7325 3225 
n 0.23 0.76 0.71 0.65 0.28 6125 3025 
n 0.21 0.57 0.54 0.6 0.54 6025 3175 
n 0.31 0.89 0.57 0.44 0.13 5375 3250 
n 0.52 0.7 0.53 0.15 0.3 5275 3250 
n 0.34 0.46 0.72 0.88 0.1 5450 3025 
n 0.19 0.27 0.4 0.3 0.81 5175 3150 
n 0.58 0.39 0.68 0.22 0.11 5075 3275 
n 0.83 0.43 0.21 0.24 0.38 4525 3200 
n 0.9 0.13 0.26 0.35 0.73 4575 3125 
n 0.71 0.38 0.36 0.76 0.52 4575 3025 
n 0.15 0.87 0.42 0.47 0.82 4425 3200 
n 0.51 0.18 0.2 0.59 0.61 4325 3200 
n 0.8 0.1 0.18 0.63 0.53 4175 3200 
n 0.85 0.66 0.74 0.21 0.78 4275 3125 
n 0.66 0.89 0.3 0.35 0.27 4275 3025 
n 0.51 0.17 0.34 0.67 0.26 3975 3275 
n 0.82 0.85 0.76 0.8 0.86 3875 3275 
n 0.87 0.88 0.51 0.8 0.35 2925 3198 
n 0.36 0.22 0.36 0.43 0.17 2925 3475 
n 0.12 0.54 0.72 0.51 0.65 3925 3475 
n 0.81 0.5 0.66 0.13 0.58 3825 3475 
n 0.24 0.78 0.17 0.66 0.43 3975 3375 
n 0.68 0.7 0.75 0.39 0.46 4325 3575 
n 0.89 0.34 0.12 0.46 0.39 4275 3300 
n 0.12 0.75 0.7 0.51 0.28 4175 3400 
n 0.11 0.82 0.65 0.53 0.81 4125 3300 
n 0.73 0.63 0.52 0.8 0.55 4500 3300 
n 0.34 0.46 0.46 0.65 0.47 4400 3300 
n 0.84 0.83 0.6 0.22 0.8 4725 3525 
n 0.22 0.74 0.61 0.86 0.31 4675 3400 
n 0.8 0.48 0.81 0.23 0.88 4775 3375 
n 0.28 0.8 0.75 0.1 0.23 5175 3300 
n 0.13 0.17 0.46 0.53 0.32 4975 3325 
n 0.62 0.84 0.5 0.46 0.53 5175 3475 
n 0.68 0.39 0.66 0.33 0.52 5025 3450 
n 0.52 0.15 0.83 0.82 0.43 5375 3525 
n 0.16 0.58 0.64 0.75 0.19 5275 3525 
n 0.29 0.71 0.37 0.28 0.23 6050 3375 
n 0.77 0.29 0.22 0.75 0.73 5908 3574 
n 0.23 0.15 0.16 0.34 0.69 6450 3375 
n 0.11 0.31 0.84 0.37 0.34 6675 3325 
n 0.19 0.39 0.63 0.17 0.61 6575 3525 
n 0.28 0.77 0.69 0.73 0.82 6975 3525 
n 0.17 0.84 0.76 0.59 0.44 6875 3325 
n 0.7 0.31 0.41 0.28 0.63 6775 3425 
n 0.2 0.46 0.75 0.66 0.72 7150 3325 
n 0.42 0.72 0.63 0.39 0.11 7150 3475 
n 0.21 0.45 0.59 0.17 0.27 7625 3525 
n 0.51 0.66 0.2 0.89 0.57 7575 3425 
n 0.44 0.85 0.88 0.53 0.32 7475 3525 
n 0.36 0.11 0.24 0.35 0.12 7425 3425 
n 0.58 0.31 0.71 0.46 0.14 7825 3525 
n 0.67 0.49 0.7 0.14 0.81 7725 3525 
n 0.86 0.49 0.32 0.58 0.66 7825 3375 
n 0.31 0.67 0.25 0.13 0.63 7725 3375 
n 0.4 0.57 0.36 0.45 0.64 8225 3425 
n 0.45 0.82 0.6 0.31 0.68 8225 3325 
n 0.74 0.67 0.54 0.71 0.74 8475 3525 
n 0.76 0.39 0.24 0.83 0.76 8325 3525 
n 0.19 0.5 0.59 0.82 0.8 8575 3325 
n 0.26 0.16 0.49 0.36 0.27 8775 3700 
n 0.51 0.43 0.78 0.2 0.82 8675 3800 
n 0.69 0.25 0.61 0.25 0.57 8575 3700 
n 0.55 0.11 0.11 0.58 0.6 8425 3625 
n 0.47 0.41 0.75 0.31 0.2 8325 3625 
n 0.65 0.75 0.41 0.31 0.57 8375 3775 
n 0.1 0.51 0.24 0.3 0.9 8175 3625 
n 0.44 0.65 0.47 0.28 0.68 8225 3775 
n 0.29 0.19 0.2 0.62 0.51 8075 3775 
n 0.81 0.19 0.87 0.31 0.48 8075 3675 
n 0.51 0.76 0.7 0.81 0.3 7925 3775 
n 0.49 0.76 0.24 0.58 0.62 7875 3675 
n 0.13 0.72 0.26 0.24 0.11 7075 3675 
n 0.65 0.48 0.49 0.77 0.72 7150 3750 
n 0.4 0.22 0.19 0.5 0.35 6975 3725 
n 0.6 0.3 0.37 0.15 0.54 6575 3750 
n 0.48 0.19 0.44 0.48 0.69 6375 3750 
n 0.45 0.53 0.39 0.19 0.45 5975 3750 
n 0.45 0.86 0.54 0.52 0.6 5325 3775 
n 0.55 0.6 0.33 0.15 0.87 5275 3675 
n 0.25 0.12 0.57 0.78 0.72 5375 3675 
n 0.82 0.16 0.88 0.62 0.39 5075 3800 
n 0.45 0.76 0.83 0.46 0.63 5204 3772 
n 0.63 0.66 0.28 0.78 0.75 4675 3675 
n 0.77 0.44 0.26 0.76 0.8 4925 3800 
n 0.77 0.29 0.65 0.89 0.46 4925 3675 
n 0.24 0.54 0.87 0.47 0.74 4775 3675 
n 0.4 0.28 0.17 0.52 0.88 4575 3675 
n 0.88 0.22 0.75 0.35 0.86 4425 3675 
n 0.26 0.74 0.84 0.68 0.31 4325 3725 
n 0.71 0.64 0.58 0.52 0.31 3825 3650 
n 0.1 0.82 0.33 0.77 0.26 3625 3750 
n 0.8 0.86 0.65 0.62 0.31 3475 3750 
n 0.58 0.21 0.73 0.5 0.48 3225 3750 
n 0.24 0.54 0.24 0.18 0.53 3325 3750 
n 0.33 0.7 0.71 0.32 0.51 3125 3725 
n 0.71 0.81 0.79 0.52 0.34 2925 3725 
n 0.69 0.16 0.81 0.49 0.34 2575 3675 
n 0.51 0.66 0.45 0.62 0.24 2675 3675 
n 0.24 0.12 0.46 0.52 0.55 2275 3675 
n 0.5 0.79 0.77 0.1 0.68 2375 3675 
n 0.49 0.86 0.49 0.65 0.85 2175 3675 
n 0.32 0.76 0.37 0.69 0.61 4775 3225 
