t 299 20 3
n 0.8 0.25 0.3 2156 1639 
n 0.14 0.26 0.57 2456 1639 
n 0.48 0.69 0.19 2355 1640 
n 0.62 0.17 0.26 2256 1640 
n 0.39 0.56 0.52 2656 1640 
n 0.85 0.42 0.16 2556 1639 
n 0.77 0.53 0.62 2975 1725 
n 0.58 0.79 0.56 3275 1600 
n 0.18 0.56 0.62 3375 1600 
n 0.22 0.85 0.25 3475 1600 
n 0.63 0.11 0.29 3575 1600 
n 0.31 0.45 0.34 3700 1600 
n 0.18 0.46 0.83 3900 1625 
n 0.31 0.23 0.42 3875 1775 
n 0.65 0.83 0.4 4275 1625 
n 0.24 0.71 0.14 4275 1725 
n 0.82 0.68 0.4 4375 1675 
n 0.53 0.44 0.75 4500 1675 
n 0.11 0.54 0.5 4450 1750 
n 0.36 0.88 0.55 4550 1750 
n 0.85 0.66 0.32 4560 1565 
n 0.78 0.15 0.28 4775 1725 
n 0.43 0.74 0.33 4710 1565 
n 0.86 0.43 0.71 4860 1565 
n 0.25 0.82 0.29 5010 1565 
n 0.79 0.29 0.12 5160 1565 
n 0.84 0.29 0.87 5310 1565 
n 0.33 0.27 0.83 5460 1565 
n 0.84 0.11 0.42 5610 1565 
n 0.66 0.66 0.86 6375 1575 
n 0.64 0.71 0.31 6525 1575 
n 0.69 0.28 0.65 6675 1575 
n 0.27 0.78 0.7 6675 1725 
n 0.7 0.35 0.7 6525 1725 
n 0.6 0.11 0.41 6875 1575 
n 0.12 0.1 0.29 7075 1575 
n 0.77 0.8 0.65 7260 1575 
n 0.66 0.54 0.34 7259 1576 
n 0.71 0.52 0.72 7625 1775 
n 0.15 0.54 0.27 7410 1575 
n 0.13 0.43 0.11 7560 1575 
n 0.16 0.5 0.76 7409 1576 
n 0.1 0.89 0.23 7560 1576 
n 0.17 0.3 0.11 7825 1675 
n 0.79 0.47 0.27 7710 1575 
n 0.5 0.59 0.72 7711 1575 
n 0.17 0.48 0.87 7875 1575 
n 0.43 0.18 0.63 7975 1575 
n 0.48 0.89 0.41 8075 1575 
n 0.42 0.82 0.89 8175 1575 
n 0.73 0.81 0.26 8275 1575 
n 0.74 0.67 0.75 8375 1575 
n 0.59 0.56 0.78 8475 1575 
n 0.13 0.45 0.88 8825 1625 
n 0.82 0.6 0.87 8820 1928 
n 0.15 0.41 0.69 8825 1825 
n 0.76 0.68 0.33 7725 1825 
n 0.63 0.72 0.54 7725 1975 
n 0.14 0.61 0.9 7475 1975 
n 0.11 0.25 0.58 7625 1925 
n 0.1 0.6 0.28 7575 2075 
n 0.55 0.37 0.52 7075 1975 
n 0.42 0.67 0.16 6825 1925 
n 0.21 0.41 0.86 6775 2075 
n 0.75 0.27 0.73 6975 2075 
n 0.56 0.81 0.24 6675 1925 
n 0.57 0.41 0.53 6200 1975 
n 0.49 0.34 0.69 6425 2075 
n 0.55 0.53 0.35 6000 1975 
n 0.5 0.11 0.81 6025 2075 
n 0.54 0.62 0.5 5675 1825 
n 0.25 0.25 0.87 5275 1825 
n 0.21 0.7 0.32 5425 1825 
n 0.41 0.12 0.71 5525 1825 
n 0.82 0.7 0.55 5025 1825 
n 0.18 0.49 0.39 4975 2025 
n 0.57 0.87 0.1 5075 1925 
n 0.73 0.51 0.9 5075 2075 
n 0.6 0.22 0.83 4775 1875 
n 0.56 0.31 0.59 4925 1925 
n 0.55 0.84 0.7 4675 1950 
n 0.46 0.16 0.12 4775 1975 
n 0.24 0.73 0.85 4425 2050 
n 0.85 0.44 0.45 4525 2050 
n 0.18 0.73 0.2 4175 1950 
n 0.76 0.47 0.7 4125 2050 
n 0.8 0.83 0.35 4275 2050 
n 0.5 0.78 0.5 3875 1900 
n 0.6 0.39 0.26 3875 2075 
n 0.38 0.66 0.44 3975 1975 
n 0.55 0.38 0.81 3975 2075 
n 0.85 0.77 0.74 2925 1875 
n 0.18 0.82 0.88 2925 2150 
n 0.87 0.87 0.51 4175 2150 
n 0.48 0.54 0.29 4325 2150 
n 0.47 0.87 0.19 4275 2225 
n 0.71 0.23 0.15 4275 2325 
n 0.61 0.62 0.68 4425 2150 
n 0.79 0.35 0.82 4525 2150 
n 0.72 0.71 0.42 4600 2225 
n 0.46 0.33 0.61 4600 2325 
n 0.21 0.64 0.66 4775 2125 
n 0.52 0.77 0.31 5175 2325 
n 0.48 0.43 0.51 5450 2375 
n 0.72 0.32 0.84 6775 2225 
n 0.85 0.88 0.38 7275 2275 
n 0.29 0.27 0.73 7075 2175 
n 0.61 0.41 0.62 7425 2325 
n 0.59 0.77 0.41 7525 2375 
n 0.54 0.24 0.71 7475 2175 
n 0.19 0.84 0.27 7775 2350 
n 0.18 0.77 0.19 7825 2175 
n 0.52 0.4 0.46 7875 2350 
n 0.3 0.56 0.14 8825 2225 
n 0.58 0.11 0.51 8725 2375 
n 0.8 0.19 0.39 8703 2197 
n 0.57 0.7 0.62 8825 2425 
n 0.45 0.45 0.44 8575 2450 
n 0.66 0.68 0.7 8725 2525 
n 0.37 0.53 0.49 8625 2600 
n 0.48 0.34 0.49 8375 2600 
n 0.86 0.38 0.11 8475 2600 
n 0.8 0.41 0.86 7975 2475 
n 0.76 0.49 0.21 8225 2500 
n 0.24 0.6 0.16 8225 2600 
n 0.33 0.16 0.23 8125 2575 
n 0.68 0.72 0.89 7975 2625 
n 0.5 0.34 0.73 7750 2650 
n 0.32 0.12 0.72 5350 2400 
n 0.83 0.3 0.9 5450 2525 
n 0.14 0.16 0.76 5450 2675 
n 0.86 0.46 0.28 5250 2400 
n 0.21 0.88 0.71 5175 2475 
n 0.72 0.62 0.65 5175 2675 
n 0.52 0.21 0.16 5075 2575 
n 0.27 0.69 0.2 4975 2525 
n 0.7 0.85 0.58 5025 2675 
n 0.18 0.15 0.27 4875 2675 
n 0.64 0.31 0.16 4175 2425 
n 0.65 0.23 0.82 4175 2625 
n 0.42 0.13 0.83 3925 2450 
n 0.13 0.37 0.36 3725 2450 
n 0.47 0.5 0.3 3325 2450 
n 0.39 0.45 0.5 2925 2425 
n 0.3 0.71 0.13 2575 2525 
n 0.83 0.41 0.65 2675 2525 
n 0.72 0.78 0.29 2275 2525 
n 0.63 0.85 0.52 2375 2525 
n 0.51 0.74 0.24 2175 2525 
n 0.49 0.4 0.73 2148 2786 
n 0.16 0.76 0.1 2249 2786 
n 0.86 0.47 0.34 2352 2786 
n 0.49 0.49 0.53 2451 2785 
n 0.33 0.55 0.23 2552 2785 
n 0.42 0.11 0.67 2651 2787 
n 0.41 0.35 0.58 2925 2925 
n 0.12 0.22 0.5 3325 2900 
n 0.14 0.26 0.31 3725 2900 
n 0.25 0.68 0.2 3925 2900 
n 0.64 0.44 0.44 4175 2925 
n 0.11 0.44 0.76 4175 2725 
n 0.44 0.21 0.21 4975 2825 
n 0.19 0.66 0.7 5075 2775 
n 0.42 0.67 0.22 5175 2875 
n 0.78 0.5 0.87 5450 2825 
n 0.22 0.57 0.62 5450 2925 
n 0.4 0.51 0.59 6125 2875 
n 0.11 0.8 0.87 6025 2875 
n 0.49 0.69 0.76 7575 2875 
n 0.28 0.28 0.61 7425 2875 
n 0.39 0.64 0.56 7925 2875 
n 0.89 0.4 0.62 7875 2775 
n 0.13 0.29 0.52 7825 2925 
n 0.59 0.65 0.26 7750 2800 
n 0.52 0.63 0.42 8125 2775 
n 0.87 0.36 0.64 8075 2875 
n 0.39 0.11 0.54 8025 2775 
n 0.55 0.66 0.52 8125 2975 
n 0.33 0.72 0.29 7975 2975 
n 0.8 0.64 0.42 8775 2825 
n 0.45 0.46 0.16 8775 2925 
n 0.31 0.86 0.36 8775 3025 
n 0.52 0.4 0.15 8775 3125 
n 0.87 0.58 0.31 8775 3275 
n 0.13 0.52 0.72 8625 3225 
n 0.25 0.78 0.85 8525 3225 
n 0.84 0.72 0.58 8075 3075 
n 0.14 0.59 0.41 7975 3275 
n 0.46 0.66 0.42 7975 3075 
n 0.61 0.24 0.87 7825 3125 
n 0.74 0.77 0.71 7575 3075 
n 0.68 0.86 0.74 7600 3175 
n 0.25 0.6 0.84 7425 3275 
n 0.39 0.31 0.78 7425 3125 
n 0.16 0.16 0.24 7425 3025 
n 0.58 0.34 0.23 7325 3225 
n 0.71 0.27 0.1 6125 3025 
n 0.39 0.81 0.28 6025 3175 
n 0.29 0.64 0.33 5375 3250 
n 0.39 0.86 0.59 5275 3250 
n 0.86 0.65 0.84 5450 3025 
n 0.69 0.33 0.88 5175 3150 
n 0.14 0.59 0.47 5075 3275 
n 0.78 0.75 0.68 4525 3200 
n 0.42 0.21 0.43 4575 3125 
n 0.69 0.51 0.75 4575 3025 
n 0.22 0.15 0.43 4425 3200 
n 0.32 0.76 0.44 4325 3200 
n 0.72 0.73 0.29 4175 3200 
n 0.21 0.81 0.32 4275 3125 
n 0.47 0.83 0.14 4275 3025 
n 0.68 0.9 0.21 3975 3275 
n 0.2 0.69 0.2 3875 3275 
n 0.85 0.78 0.62 2925 3198 
n 0.59 0.55 0.14 2925 3475 
n 0.37 0.55 0.56 3925 3475 
n 0.58 0.65 0.4 3825 3475 
n 0.43 0.73 0.62 3975 3375 
n 0.13 0.8 0.58 4325 3575 
n 0.76 0.58 0.58 4275 3300 
n 0.73 0.57 0.73 4175 3400 
n 0.25 0.74 0.17 4125 3300 
n 0.47 0.42 0.55 4500 3300 
n 0.53 0.84 0.42 4400 3300 
n 0.59 0.84 0.32 4725 3525 
n 0.72 0.9 0.39 4675 3400 
n 0.54 0.17 0.2 4775 3375 
n 0.31 0.56 0.7 5175 3300 
n 0.77 0.59 0.21 4975 3325 
n 0.78 0.76 0.21 5175 3475 
n 0.19 0.77 0.71 5025 3450 
n 0.39 0.78 0.53 5375 3525 
n 0.53 0.3 0.13 5275 3525 
n 0.37 0.17 0.4 6050 3375 
n 0.62 0.71 0.33 5908 3574 
n 0.74 0.3 0.12 6450 3375 
n 0.15 0.72 0.44 6675 3325 
n 0.56 0.76 0.7 6575 3525 
n 0.68 0.52 0.37 6975 3525 
n 0.6 0.61 0.17 6875 3325 
n 0.36 0.26 0.4 6775 3425 
n 0.57 0.74 0.62 7150 3325 
n 0.85 0.42 0.33 7150 3475 
n 0.65 0.28 0.44 7625 3525 
n 0.1 0.26 0.59 7575 3425 
n 0.28 0.26 0.26 7475 3525 
n 0.26 0.45 0.8 7425 3425 
n 0.63 0.84 0.75 7825 3525 
n 0.44 0.3 0.89 7725 3525 
n 0.43 0.36 0.13 7825 3375 
n 0.88 0.8 0.31 7725 3375 
n 0.76 0.66 0.38 8225 3425 
n 0.71 0.35 0.2 8225 3325 
n 0.41 0.26 0.56 8475 3525 
n 0.83 0.72 0.69 8325 3525 
n 0.55 0.79 0.59 8575 3325 
n 0.51 0.23 0.45 8775 3700 
n 0.81 0.86 0.42 8675 3800 
n 0.72 0.87 0.41 8575 3700 
n 0.69 0.51 0.23 8425 3625 
n 0.41 0.17 0.71 8325 3625 
n 0.37 0.24 0.54 8375 3775 
n 0.58 0.36 0.12 8175 3625 
n 0.27 0.17 0.76 8225 3775 
n 0.12 0.3 0.68 8075 3775 
n 0.11 0.5 0.72 8075 3675 
n 0.53 0.33 0.8 7925 3775 
n 0.83 0.46 0.66 7875 3675 
n 0.32 0.75 0.45 7075 3675 
n 0.67 0.81 0.13 7150 3750 
n 0.41 0.5 0.38 6975 3725 
n 0.16 0.65 0.58 6575 3750 
n 0.24 0.38 0.79 6375 3750 
n 0.16 0.4 0.83 5975 3750 
n 0.84 0.43 0.72 5325 3775 
n 0.18 0.26 0.54 5275 3675 
n 0.75 0.24 0.37 5375 3675 
n 0.14 0.27 0.7 5075 3800 
n 0.19 0.79 0.82 5204 3772 
n 0.18 0.89 0.34 4675 3675 
n 0.8 0.84 0.31 4925 3800 
n 0.69 0.85 0.6 4925 3675 
n 0.63 0.84 0.87 4775 3675 
n 0.23 0.44 0.56 4575 3675 
n 0.74 0.44 0.17 4425 3675 
n 0.54 0.13 0.32 4325 3725 
n 0.11 0.3 0.15 3825 3650 
n 0.65 0.32 0.48 3625 3750 
n 0.55 0.8 0.79 3475 3750 
n 0.78 0.6 0.77 3225 3750 
n 0.62 0.39 0.54 3325 3750 
n 0.22 0.1 0.37 3125 3725 
n 0.72 0.87 0.61 2925 3725 
n 0.55 0.33 0.46 2575 3675 
n 0.28 0.76 0.35 2675 3675 
n 0.76 0.4 0.62 2275 3675 
n 0.38 0.83 0.61 2375 3675 
n 0.21 0.38 0.58 2175 3675 
n 0.76 0.62 0.71 4775 3225 
