t 439 15 3
n 0.87 0.51 0.48 7125 11300 
n 0.54 0.29 0.47 7225 11050 
n 0.87 0.19 0.71 7225 11150 
n 0.23 0.15 0.61 7375 11300 
n 0.62 0.68 0.79 7500 11200 
n 0.35 0.82 0.72 7625 11275 
n 0.71 0.42 0.46 7725 11275 
n 0.33 0.61 0.21 7825 11275 
n 0.64 0.66 0.52 7925 11275 
n 0.77 0.31 0.48 8050 11225 
n 0.43 0.51 0.72 8050 11125 
n 0.32 0.84 0.85 8150 11125 
n 0.88 0.38 0.29 8275 11300 
n 0.27 0.73 0.61 8400 11300 
n 0.41 0.62 0.59 8525 11300 
n 0.77 0.41 0.54 8650 11300 
n 0.24 0.71 0.19 8750 11200 
n 0.84 0.27 0.18 12475 10800 
n 0.77 0.19 0.52 12075 10800 
n 0.4 0.46 0.3 11975 10975 
n 0.56 0.14 0.58 11575 10975 
n 0.11 0.51 0.8 11525 10850 
n 0.19 0.39 0.57 11400 10975 
n 0.7 0.62 0.45 11425 10850 
n 0.45 0.44 0.66 11000 10975 
n 0.68 0.7 0.37 10475 10850 
n 0.53 0.49 0.48 10375 10850 
n 0.34 0.49 0.86 10300 10975 
n 0.38 0.11 0.8 10250 10850 
n 0.41 0.86 0.76 9900 10975 
n 0.49 0.21 0.24 9850 10850 
n 0.6 0.16 0.33 9350 11000 
n 0.16 0.23 0.68 8750 11000 
n 0.72 0.89 0.5 8650 10900 
n 0.34 0.73 0.32 8525 10900 
n 0.12 0.72 0.83 8400 10900 
n 0.3 0.9 0.14 8275 10900 
n 0.16 0.76 0.86 8050 10775 
n 0.46 0.28 0.21 7900 10775 
n 0.88 0.71 0.72 7925 10975 
n 0.62 0.65 0.52 7825 10975 
n 0.21 0.16 0.27 7750 10775 
n 0.69 0.2 0.7 7725 10975 
n 0.85 0.58 0.18 7600 10775 
n 0.15 0.27 0.64 7625 10975 
n 0.31 0.16 0.65 7500 11000 
n 0.23 0.82 0.42 7425 10750 
n 0.13 0.83 0.13 7325 10750 
n 0.37 0.36 0.47 7375 10900 
n 0.5 0.3 0.39 7225 10750 
n 0.45 0.5 0.3 7125 10750 
n 0.71 0.13 0.83 7125 10900 
n 0.41 0.65 0.72 7125 10450 
n 0.78 0.29 0.63 7225 10450 
n 0.85 0.52 0.51 7325 10450 
n 0.74 0.24 0.49 7425 10450 
n 0.4 0.73 0.16 8300 10500 
n 0.76 0.1 0.86 8600 10500 
n 0.47 0.34 0.49 8950 10425 
n 0.49 0.53 0.33 9050 10425 
n 0.55 0.23 0.42 9150 10425 
n 0.11 0.67 0.41 9350 10600 
n 0.35 0.58 0.12 10200 10600 
n 0.22 0.5 0.14 10700 10600 
n 0.26 0.31 0.25 11375 10575 
n 0.68 0.2 0.64 11525 10625 
n 0.44 0.44 0.11 11650 10625 
n 0.44 0.76 0.44 11775 10450 
n 0.21 0.21 0.19 11775 10250 
n 0.66 0.7 0.42 11650 10125 
n 0.67 0.22 0.78 11525 10125 
n 0.5 0.87 0.22 11375 10175 
n 0.57 0.62 0.4 10250 10325 
n 0.51 0.59 0.11 10250 10125 
n 0.8 0.87 0.49 9275 10275 
n 0.69 0.76 0.28 9175 10275 
n 0.28 0.61 0.39 8950 10200 
n 0.64 0.56 0.89 8750 10200 
n 0.4 0.62 0.13 8050 10275 
n 0.29 0.52 0.59 7900 10275 
n 0.65 0.26 0.52 7750 10275 
n 0.63 0.42 0.87 7600 10275 
n 0.36 0.64 0.39 4975 10125 
n 0.11 0.54 0.55 4750 10125 
n 0.66 0.52 0.33 4525 10125 
n 0.72 0.29 0.8 8750 10000 
n 0.64 0.42 0.45 8950 10000 
n 0.46 0.16 0.31 11375 10000 
n 0.86 0.36 0.52 11475 10000 
n 0.4 0.15 0.87 11575 10000 
n 0.58 0.31 0.13 11675 10000 
n 0.52 0.72 0.25 12100 9875 
n 0.78 0.85 0.84 12225 9875 
n 0.72 0.58 0.14 12350 9875 
n 0.59 0.41 0.46 12750 9925 
n 0.66 0.42 0.61 12875 9925 
n 0.24 0.87 0.74 13125 9875 
n 0.77 0.71 0.68 13000 9800 
n 0.86 0.74 0.25 13000 9550 
n 0.6 0.84 0.39 12600 9775 
n 0.31 0.78 0.16 12600 9575 
n 0.16 0.24 0.58 11975 9800 
n 0.34 0.23 0.71 11975 9550 
n 0.27 0.1 0.39 11675 9700 
n 0.81 0.28 0.29 11575 9700 
n 0.64 0.33 0.39 11475 9700 
n 0.86 0.59 0.86 11375 9700 
n 0.65 0.84 0.69 10975 9600 
n 0.33 0.88 0.14 10850 9600 
n 0.59 0.47 0.78 10375 9250 
n 0.75 0.68 0.42 10475 9250 
n 0.21 0.43 0.69 10575 9250 
n 0.51 0.75 0.22 11725 9325 
n 0.15 0.43 0.32 11850 9375 
n 0.76 0.44 0.72 12100 9475 
n 0.73 0.29 0.21 12050 9275 
n 0.81 0.32 0.47 12225 9475 
n 0.83 0.14 0.68 12150 9275 
n 0.9 0.21 0.2 12250 9275 
n 0.69 0.2 0.85 12350 9475 
n 0.78 0.62 0.59 12350 9275 
n 0.55 0.14 0.37 12525 9325 
n 0.55 0.56 0.58 12750 9425 
n 0.65 0.4 0.43 12775 9275 
n 0.73 0.62 0.13 12875 9425 
n 0.8 0.58 0.76 12875 9275 
n 0.58 0.58 0.73 12975 9275 
n 0.57 0.73 0.25 13125 9475 
n 0.74 0.17 0.47 13075 9275 
n 0.42 0.55 0.53 13250 9375 
n 0.84 0.42 0.59 13375 9375 
n 0.84 0.32 0.72 13500 9375 
n 0.9 0.39 0.54 13625 9375 
n 0.17 0.2 0.31 13075 8975 
n 0.56 0.7 0.77 12975 8975 
n 0.59 0.21 0.78 12875 8975 
n 0.76 0.21 0.19 12775 8975 
n 0.77 0.71 0.39 12525 8925 
n 0.78 0.53 0.53 12350 8975 
n 0.3 0.13 0.37 12250 8975 
n 0.17 0.4 0.62 12150 8975 
n 0.71 0.33 0.74 12050 8975 
n 0.3 0.12 0.15 11725 8925 
n 0.72 0.44 0.56 10975 9200 
n 0.76 0.7 0.68 10900 8975 
n 0.52 0.37 0.6 10850 9200 
n 0.61 0.17 0.36 10800 9075 
n 0.26 0.4 0.57 10800 8975 
n 0.74 0.62 0.85 5150 8750 
n 0.42 0.33 0.65 11650 8725 
n 0.28 0.44 0.1 11775 8775 
n 0.26 0.59 0.28 11850 8875 
n 0.26 0.26 0.26 11900 8725 
n 0.45 0.8 0.63 12025 8625 
n 0.84 0.75 0.44 12150 8650 
n 0.3 0.89 0.43 12275 8725 
n 0.36 0.13 0.88 12400 8625 
n 0.8 0.31 0.76 12525 8725 
n 0.66 0.38 0.71 12650 8625 
n 0.35 0.2 0.41 12850 8725 
n 0.26 0.56 0.83 12975 8625 
n 0.72 0.69 0.55 13100 8775 
n 0.79 0.59 0.51 13250 8875 
n 0.23 0.45 0.81 13375 8875 
n 0.86 0.42 0.72 13500 8875 
n 0.87 0.41 0.69 13475 8725 
n 0.51 0.23 0.41 13625 8875 
n 0.17 0.71 0.37 13700 8500 
n 0.24 0.54 0.58 13600 8600 
n 0.36 0.12 0.27 13600 8500 
n 0.17 0.76 0.12 13475 8325 
n 0.3 0.68 0.11 13350 8350 
n 0.5 0.72 0.53 13250 8450 
n 0.33 0.8 0.83 13250 8350 
n 0.46 0.66 0.32 12975 8425 
n 0.75 0.45 0.67 12850 8325 
n 0.81 0.13 0.41 12650 8425 
n 0.5 0.38 0.16 12525 8325 
n 0.65 0.58 0.24 12400 8425 
n 0.38 0.79 0.16 12275 8325 
n 0.4 0.83 0.84 12150 8400 
n 0.43 0.72 0.18 12025 8425 
n 0.26 0.54 0.75 11900 8325 
n 0.24 0.37 0.14 11650 8325 
n 0.27 0.7 0.19 11000 8575 
n 0.79 0.82 0.18 4900 8500 
n 0.89 0.34 0.8 6150 8275 
n 0.84 0.31 0.69 6625 8300 
n 0.85 0.6 0.63 7025 8300 
n 0.84 0.87 0.23 11225 8125 
n 0.44 0.56 0.74 11550 8125 
n 0.44 0.17 0.54 11775 8275 
n 0.13 0.32 0.11 11850 8125 
n 0.3 0.15 0.65 11975 8125 
n 0.32 0.48 0.55 12100 8125 
n 0.8 0.79 0.78 12225 8125 
n 0.6 0.77 0.62 12350 8125 
n 0.39 0.54 0.22 12475 8025 
n 0.1 0.37 0.72 12600 8125 
n 0.87 0.61 0.55 12725 8125 
n 0.33 0.46 0.28 12850 8125 
n 0.76 0.35 0.76 12975 8125 
n 0.4 0.62 0.38 13100 8125 
n 0.83 0.61 0.21 13100 8275 
n 0.38 0.58 0.76 13225 8125 
n 0.62 0.71 0.88 13375 8175 
n 0.39 0.78 0.33 13500 8175 
n 0.71 0.55 0.51 13625 8125 
n 0.48 0.52 0.25 13625 7725 
n 0.88 0.62 0.75 13225 7725 
n 0.71 0.84 0.19 13100 7725 
n 0.4 0.85 0.34 12975 7725 
n 0.4 0.24 0.89 12850 7725 
n 0.22 0.88 0.43 12725 7725 
n 0.27 0.23 0.38 12600 7725 
n 0.32 0.87 0.82 12475 7825 
n 0.35 0.62 0.18 12350 7725 
n 0.52 0.67 0.43 12225 7725 
n 0.11 0.24 0.65 12100 7725 
n 0.15 0.21 0.16 11975 7725 
n 0.56 0.33 0.8 11850 7725 
n 0.83 0.42 0.72 11550 7725 
n 0.8 0.16 0.74 11225 7725 
n 0.32 0.47 0.29 11000 7775 
n 0.53 0.52 0.83 6625 7950 
n 0.3 0.77 0.66 4800 7825 
n 0.36 0.14 0.79 4550 7825 
n 0.6 0.49 0.44 4550 7425 
n 0.26 0.5 0.59 4800 7425 
n 0.86 0.34 0.45 6150 7525 
n 0.79 0.65 0.77 6825 7575 
n 0.31 0.59 0.37 7075 7575 
n 0.71 0.25 0.21 11450 7500 
n 0.17 0.52 0.25 11550 7500 
n 0.15 0.19 0.1 11650 7500 
n 0.57 0.87 0.54 11750 7500 
n 0.56 0.62 0.18 11850 7500 
n 0.23 0.83 0.17 11950 7500 
n 0.73 0.41 0.88 12050 7500 
n 0.34 0.22 0.84 12150 7500 
n 0.22 0.23 0.15 12325 7550 
n 0.64 0.24 0.74 12500 7500 
n 0.79 0.31 0.13 12600 7500 
n 0.53 0.48 0.81 12700 7500 
n 0.23 0.3 0.23 12800 7500 
n 0.74 0.52 0.81 13025 7500 
n 0.62 0.33 0.2 13125 7500 
n 0.47 0.69 0.6 13225 7500 
n 0.22 0.45 0.4 13325 7500 
n 0.26 0.23 0.5 13375 7675 
n 0.2 0.85 0.67 13500 7675 
n 0.72 0.84 0.81 13500 7450 
n 0.44 0.86 0.53 13625 7550 
n 0.15 0.18 0.62 13625 7150 
n 0.61 0.32 0.25 13500 7250 
n 0.55 0.57 0.32 13325 7200 
n 0.84 0.79 0.24 13225 7200 
n 0.82 0.23 0.1 13125 7200 
n 0.19 0.9 0.55 13025 7200 
n 0.51 0.24 0.56 12800 7200 
n 0.77 0.65 0.2 12700 7200 
n 0.67 0.56 0.53 12600 7200 
n 0.76 0.49 0.44 12500 7200 
n 0.67 0.79 0.3 12325 7150 
n 0.19 0.72 0.31 12150 7200 
n 0.58 0.73 0.19 12050 7200 
n 0.86 0.4 0.14 11950 7200 
n 0.86 0.26 0.13 11850 7200 
n 0.25 0.69 0.49 11750 7200 
n 0.49 0.67 0.24 11650 7200 
n 0.34 0.63 0.77 11550 7200 
n 0.57 0.4 0.72 11450 7200 
n 0.42 0.89 0.85 11050 7125 
n 0.4 0.11 0.58 10950 7125 
n 0.8 0.77 0.18 10850 7125 
n 0.19 0.39 0.68 10750 7125 
n 0.26 0.13 0.48 10650 7125 
n 0.59 0.42 0.4 10550 7125 
n 0.7 0.79 0.52 10450 7125 
n 0.32 0.74 0.65 7075 7175 
n 0.26 0.64 0.22 5825 7350 
n 0.41 0.3 0.13 5425 7350 
n 0.27 0.65 0.64 4425 7275 
n 0.61 0.42 0.33 4425 6875 
n 0.17 0.38 0.27 7075 7075 
n 0.57 0.36 0.51 7250 7025 
n 0.43 0.26 0.24 7250 6900 
n 0.76 0.78 0.63 7750 6900 
n 0.11 0.28 0.15 7900 6900 
n 0.29 0.48 0.46 8200 6900 
n 0.78 0.79 0.72 8350 6900 
n 0.11 0.23 0.43 8650 6900 
n 0.88 0.38 0.39 8800 6900 
n 0.89 0.32 0.4 10450 6825 
n 0.19 0.28 0.86 10550 6825 
n 0.18 0.2 0.8 10650 6825 
n 0.64 0.81 0.73 10750 6825 
n 0.27 0.21 0.84 10850 6825 
n 0.45 0.64 0.88 10950 6825 
n 0.61 0.73 0.55 11050 6825 
n 0.23 0.23 0.41 11425 6975 
n 0.19 0.86 0.26 11575 6925 
n 0.43 0.18 0.6 11575 6825 
n 0.16 0.61 0.14 11675 6825 
n 0.77 0.57 0.63 11850 6975 
n 0.37 0.17 0.46 11975 6975 
n 0.19 0.23 0.83 12225 6975 
n 0.67 0.85 0.71 12350 6975 
n 0.46 0.39 0.67 12475 6975 
n 0.79 0.67 0.18 12600 6975 
n 0.42 0.66 0.57 12725 6875 
n 0.76 0.14 0.36 12850 6975 
n 0.32 0.85 0.75 12975 6975 
n 0.35 0.33 0.89 13125 7025 
n 0.46 0.62 0.81 13275 6975 
n 0.89 0.72 0.11 13400 7025 
n 0.89 0.22 0.34 13400 6525 
n 0.73 0.19 0.79 13275 6575 
n 0.11 0.76 0.6 13125 6525 
n 0.52 0.56 0.51 12975 6575 
n 0.8 0.13 0.56 12850 6575 
n 0.19 0.62 0.81 12725 6675 
n 0.74 0.35 0.29 12600 6575 
n 0.62 0.75 0.71 12475 6575 
n 0.88 0.86 0.69 12350 6575 
n 0.75 0.4 0.65 12225 6575 
n 0.58 0.79 0.62 11975 6575 
n 0.71 0.45 0.87 11850 6575 
n 0.21 0.42 0.28 11675 6575 
n 0.45 0.54 0.26 11575 6675 
n 0.37 0.52 0.2 11575 6575 
n 0.71 0.72 0.5 11425 6575 
n 0.32 0.76 0.7 11050 6625 
n 0.55 0.77 0.62 10950 6625 
n 0.34 0.63 0.5 10850 6625 
n 0.11 0.31 0.44 10750 6625 
n 0.14 0.41 0.41 10650 6625 
n 0.35 0.84 0.28 10550 6625 
n 0.61 0.34 0.55 10450 6625 
n 0.65 0.7 0.9 7075 6675 
n 0.55 0.42 0.22 5675 6650 
n 0.6 0.64 0.68 5175 6650 
n 0.41 0.66 0.27 5050 6575 
n 0.22 0.74 0.34 4650 6575 
n 0.32 0.22 0.38 7650 6375 
n 0.56 0.82 0.41 7750 6375 
n 0.72 0.87 0.1 7750 6500 
n 0.21 0.87 0.33 7850 6375 
n 0.28 0.29 0.39 7900 6500 
n 0.25 0.53 0.16 8100 6375 
n 0.83 0.16 0.53 8200 6375 
n 0.68 0.28 0.63 8200 6500 
n 0.26 0.34 0.56 8300 6375 
n 0.47 0.15 0.56 8350 6500 
n 0.6 0.6 0.73 8550 6375 
n 0.74 0.71 0.76 8650 6375 
n 0.69 0.26 0.18 8650 6500 
n 0.63 0.41 0.7 8750 6375 
n 0.19 0.83 0.76 8800 6500 
n 0.39 0.7 0.21 10450 6325 
n 0.73 0.47 0.1 10550 6325 
n 0.87 0.5 0.85 10650 6325 
n 0.83 0.37 0.54 10750 6325 
n 0.78 0.78 0.37 10850 6325 
n 0.69 0.85 0.11 10950 6325 
n 0.44 0.6 0.74 11050 6325 
n 0.56 0.2 0.51 11100 6075 
n 0.42 0.6 0.71 10950 6075 
n 0.34 0.5 0.82 10800 6125 
n 0.51 0.29 0.17 10300 6125 
n 0.58 0.86 0.83 5550 5675 
n 0.87 0.51 0.19 5625 5625 
n 0.3 0.42 0.14 5675 5750 
n 0.18 0.84 0.76 6175 5750 
n 0.29 0.75 0.68 6225 5625 
n 0.61 0.41 0.72 7625 5850 
n 0.66 0.21 0.46 7875 5850 
n 0.3 0.31 0.2 10950 5800 
n 0.22 0.27 0.4 7875 5350 
n 0.41 0.25 0.42 7625 5350 
n 0.53 0.23 0.81 6175 5400 
n 0.66 0.44 0.79 5675 5400 
n 0.82 0.11 0.42 5550 5425 
n 0.23 0.7 0.51 5550 5200 
n 0.19 0.52 0.41 10950 5300 
n 0.14 0.43 0.48 11050 5075 
n 0.19 0.76 0.31 11200 5075 
n 0.51 0.6 0.47 11350 4875 
n 0.47 0.11 0.11 7875 4875 
n 0.14 0.23 0.73 7675 4875 
n 0.61 0.18 0.72 6225 5000 
n 0.17 0.32 0.16 6175 4875 
n 0.34 0.85 0.88 5675 4875 
n 0.31 0.62 0.55 5625 5000 
n 0.46 0.82 0.23 5550 4950 
n 0.18 0.41 0.88 5550 4475 
n 0.32 0.52 0.41 5550 4675 
n 0.59 0.61 0.7 5675 4675 
n 0.65 0.37 0.11 6175 4675 
n 0.28 0.57 0.76 11350 4425 
n 0.87 0.23 0.72 11350 4650 
n 0.69 0.51 0.78 13225 4275 
n 0.57 0.83 0.16 4225 4075 
n 0.81 0.54 0.51 13225 4075 
n 0.87 0.86 0.78 13225 3700 
n 0.59 0.15 0.4 6350 3600 
n 0.26 0.38 0.74 5950 3600 
n 0.68 0.56 0.78 4225 3675 
n 0.61 0.5 0.68 4225 3525 
n 0.64 0.72 0.86 4475 3300 
n 0.26 0.14 0.73 4475 3450 
n 0.25 0.12 0.54 4975 3300 
n 0.15 0.13 0.42 4975 3450 
n 0.15 0.89 0.59 7900 3350 
n 0.37 0.59 0.78 10650 3525 
n 0.14 0.42 0.38 10850 3525 
n 0.12 0.3 0.72 13225 3500 
n 0.74 0.65 0.12 13225 3125 
n 0.21 0.12 0.88 8275 3000 
n 0.32 0.73 0.17 8125 3000 
n 0.7 0.84 0.34 7900 3200 
n 0.69 0.22 0.64 4975 3000 
n 0.63 0.55 0.22 4975 3150 
n 0.56 0.85 0.76 4475 3000 
n 0.29 0.71 0.47 4475 3150 
n 0.19 0.9 0.43 4225 3125 
n 0.13 0.21 0.64 4675 2700 
n 0.51 0.69 0.58 13225 2925 
n 0.83 0.86 0.15 13225 2525 
n 0.63 0.53 0.57 4675 2550 
n 0.5 0.37 0.9 13225 2325 
n 0.74 0.1 0.74 4675 1825 
n 0.77 0.68 0.23 4675 1975 
n 0.34 0.63 0.79 1975 4025 
n 0.71 0.32 0.18 2075 5675 
n 0.39 0.35 0.31 1975 5575 
n 0.78 0.19 0.81 1875 5475 
n 0.12 0.86 0.37 1775 5375 
n 0.73 0.81 0.55 2075 6475 
