t 439 5 4
n 0.25 0.4 0.65 0.75 7125 11300 
n 0.79 0.67 0.48 0.18 7225 11050 
n 0.36 0.65 0.25 0.44 7225 11150 
n 0.12 0.85 0.8 0.89 7375 11300 
n 0.87 0.78 0.23 0.37 7500 11200 
n 0.47 0.32 0.82 0.59 7625 11275 
n 0.88 0.43 0.57 0.12 7725 11275 
n 0.83 0.68 0.74 0.43 7825 11275 
n 0.43 0.38 0.36 0.31 7925 11275 
n 0.31 0.39 0.54 0.57 8050 11225 
n 0.4 0.14 0.83 0.73 8050 11125 
n 0.43 0.3 0.71 0.14 8150 11125 
n 0.76 0.65 0.54 0.71 8275 11300 
n 0.5 0.82 0.75 0.82 8400 11300 
n 0.32 0.58 0.41 0.43 8525 11300 
n 0.65 0.69 0.72 0.45 8650 11300 
n 0.7 0.16 0.15 0.46 8750 11200 
n 0.23 0.65 0.4 0.33 12475 10800 
n 0.32 0.65 0.63 0.64 12075 10800 
n 0.1 0.19 0.67 0.16 11975 10975 
n 0.49 0.32 0.65 0.51 11575 10975 
n 0.27 0.23 0.2 0.14 11525 10850 
n 0.82 0.21 0.22 0.53 11400 10975 
n 0.31 0.52 0.55 0.87 11425 10850 
n 0.29 0.77 0.12 0.55 11000 10975 
n 0.52 0.71 0.14 0.68 10475 10850 
n 0.6 0.37 0.66 0.13 10375 10850 
n 0.56 0.24 0.45 0.55 10300 10975 
n 0.14 0.5 0.38 0.11 10250 10850 
n 0.32 0.38 0.23 0.26 9900 10975 
n 0.2 0.32 0.59 0.84 9850 10850 
n 0.6 0.63 0.38 0.55 9350 11000 
n 0.48 0.83 0.78 0.19 8750 11000 
n 0.71 0.7 0.43 0.55 8650 10900 
n 0.31 0.71 0.55 0.75 8525 10900 
n 0.52 0.53 0.83 0.49 8400 10900 
n 0.38 0.55 0.29 0.17 8275 10900 
n 0.55 0.75 0.38 0.13 8050 10775 
n 0.62 0.13 0.83 0.79 7900 10775 
n 0.42 0.78 0.2 0.22 7925 10975 
n 0.73 0.62 0.67 0.8 7825 10975 
n 0.37 0.23 0.83 0.8 7750 10775 
n 0.44 0.32 0.51 0.47 7725 10975 
n 0.72 0.28 0.76 0.17 7600 10775 
n 0.31 0.68 0.63 0.7 7625 10975 
n 0.81 0.36 0.49 0.62 7500 11000 
n 0.77 0.3 0.1 0.64 7425 10750 
n 0.7 0.15 0.6 0.33 7325 10750 
n 0.87 0.44 0.35 0.23 7375 10900 
n 0.74 0.51 0.22 0.56 7225 10750 
n 0.41 0.13 0.16 0.75 7125 10750 
n 0.17 0.37 0.14 0.63 7125 10900 
n 0.42 0.23 0.44 0.5 7125 10450 
n 0.31 0.27 0.24 0.23 7225 10450 
n 0.55 0.73 0.15 0.15 7325 10450 
n 0.74 0.11 0.77 0.53 7425 10450 
n 0.29 0.69 0.82 0.72 8300 10500 
n 0.51 0.49 0.23 0.74 8600 10500 
n 0.79 0.46 0.86 0.33 8950 10425 
n 0.33 0.56 0.57 0.9 9050 10425 
n 0.13 0.25 0.19 0.54 9150 10425 
n 0.31 0.31 0.89 0.3 9350 10600 
n 0.73 0.54 0.12 0.56 10200 10600 
n 0.18 0.12 0.67 0.22 10700 10600 
n 0.32 0.27 0.67 0.86 11375 10575 
n 0.66 0.46 0.8 0.68 11525 10625 
n 0.68 0.43 0.72 0.69 11650 10625 
n 0.5 0.78 0.47 0.75 11775 10450 
n 0.65 0.43 0.67 0.33 11775 10250 
n 0.12 0.63 0.66 0.67 11650 10125 
n 0.29 0.56 0.57 0.16 11525 10125 
n 0.81 0.58 0.44 0.16 11375 10175 
n 0.31 0.34 0.74 0.22 10250 10325 
n 0.59 0.16 0.35 0.76 10250 10125 
n 0.53 0.61 0.42 0.42 9275 10275 
n 0.34 0.21 0.69 0.83 9175 10275 
n 0.31 0.62 0.48 0.84 8950 10200 
n 0.28 0.16 0.62 0.45 8750 10200 
n 0.13 0.83 0.53 0.21 8050 10275 
n 0.18 0.3 0.11 0.75 7900 10275 
n 0.81 0.61 0.9 0.27 7750 10275 
n 0.87 0.33 0.7 0.88 7600 10275 
n 0.84 0.39 0.22 0.23 4975 10125 
n 0.58 0.83 0.85 0.84 4750 10125 
n 0.46 0.51 0.27 0.66 4525 10125 
n 0.14 0.44 0.81 0.79 8750 10000 
n 0.57 0.39 0.72 0.38 8950 10000 
n 0.49 0.46 0.25 0.63 11375 10000 
n 0.41 0.76 0.8 0.4 11475 10000 
n 0.56 0.79 0.75 0.75 11575 10000 
n 0.69 0.56 0.51 0.56 11675 10000 
n 0.77 0.31 0.32 0.67 12100 9875 
n 0.66 0.72 0.61 0.77 12225 9875 
n 0.41 0.25 0.47 0.42 12350 9875 
n 0.8 0.75 0.55 0.39 12750 9925 
n 0.14 0.36 0.21 0.35 12875 9925 
n 0.46 0.53 0.14 0.51 13125 9875 
n 0.78 0.22 0.44 0.31 13000 9800 
n 0.36 0.42 0.57 0.86 13000 9550 
n 0.14 0.6 0.74 0.6 12600 9775 
n 0.62 0.13 0.89 0.74 12600 9575 
n 0.5 0.32 0.16 0.49 11975 9800 
n 0.82 0.74 0.77 0.86 11975 9550 
n 0.36 0.67 0.28 0.61 11675 9700 
n 0.25 0.58 0.63 0.43 11575 9700 
n 0.48 0.76 0.66 0.34 11475 9700 
n 0.59 0.47 0.4 0.22 11375 9700 
n 0.72 0.22 0.21 0.29 10975 9600 
n 0.34 0.57 0.59 0.19 10850 9600 
n 0.41 0.26 0.81 0.33 10375 9250 
n 0.71 0.47 0.45 0.72 10475 9250 
n 0.85 0.63 0.83 0.84 10575 9250 
n 0.65 0.77 0.15 0.31 11725 9325 
n 0.76 0.85 0.14 0.36 11850 9375 
n 0.22 0.77 0.25 0.46 12100 9475 
n 0.53 0.17 0.13 0.16 12050 9275 
n 0.29 0.86 0.32 0.25 12225 9475 
n 0.58 0.34 0.17 0.18 12150 9275 
n 0.12 0.62 0.68 0.22 12250 9275 
n 0.83 0.13 0.83 0.75 12350 9475 
n 0.28 0.46 0.59 0.6 12350 9275 
n 0.75 0.52 0.38 0.56 12525 9325 
n 0.37 0.74 0.11 0.8 12750 9425 
n 0.4 0.76 0.26 0.17 12775 9275 
n 0.49 0.89 0.8 0.34 12875 9425 
n 0.37 0.62 0.14 0.25 12875 9275 
n 0.34 0.13 0.24 0.12 12975 9275 
n 0.87 0.18 0.51 0.43 13125 9475 
n 0.43 0.29 0.48 0.31 13075 9275 
n 0.83 0.87 0.8 0.15 13250 9375 
n 0.29 0.24 0.68 0.23 13375 9375 
n 0.86 0.28 0.59 0.85 13500 9375 
n 0.84 0.87 0.59 0.37 13625 9375 
n 0.13 0.47 0.55 0.11 13075 8975 
n 0.31 0.39 0.5 0.72 12975 8975 
n 0.25 0.76 0.25 0.45 12875 8975 
n 0.25 0.51 0.63 0.3 12775 8975 
n 0.72 0.55 0.18 0.21 12525 8925 
n 0.55 0.2 0.14 0.11 12350 8975 
n 0.66 0.62 0.46 0.45 12250 8975 
n 0.59 0.41 0.44 0.47 12150 8975 
n 0.27 0.78 0.84 0.88 12050 8975 
n 0.69 0.58 0.22 0.38 11725 8925 
n 0.25 0.13 0.5 0.76 10975 9200 
n 0.86 0.52 0.75 0.32 10900 8975 
n 0.83 0.87 0.15 0.8 10850 9200 
n 0.27 0.29 0.59 0.47 10800 9075 
n 0.65 0.88 0.14 0.13 10800 8975 
n 0.82 0.2 0.63 0.84 5150 8750 
n 0.25 0.3 0.12 0.2 11650 8725 
n 0.81 0.64 0.51 0.48 11775 8775 
n 0.3 0.44 0.55 0.18 11850 8875 
n 0.81 0.2 0.68 0.53 11900 8725 
n 0.71 0.14 0.18 0.72 12025 8625 
n 0.52 0.39 0.1 0.22 12150 8650 
n 0.35 0.24 0.61 0.37 12275 8725 
n 0.1 0.63 0.88 0.41 12400 8625 
n 0.73 0.16 0.55 0.85 12525 8725 
n 0.36 0.32 0.68 0.17 12650 8625 
n 0.67 0.84 0.18 0.68 12850 8725 
n 0.89 0.58 0.23 0.19 12975 8625 
n 0.26 0.32 0.13 0.72 13100 8775 
n 0.23 0.72 0.12 0.61 13250 8875 
n 0.32 0.17 0.15 0.25 13375 8875 
n 0.87 0.44 0.55 0.66 13500 8875 
n 0.77 0.67 0.44 0.1 13475 8725 
n 0.75 0.84 0.53 0.47 13625 8875 
n 0.43 0.79 0.58 0.48 13700 8500 
n 0.41 0.74 0.29 0.74 13600 8600 
n 0.61 0.54 0.89 0.6 13600 8500 
n 0.62 0.64 0.63 0.12 13475 8325 
n 0.4 0.37 0.64 0.72 13350 8350 
n 0.31 0.14 0.61 0.8 13250 8450 
n 0.24 0.79 0.66 0.4 13250 8350 
n 0.31 0.17 0.64 0.64 12975 8425 
n 0.6 0.53 0.16 0.76 12850 8325 
n 0.13 0.38 0.32 0.57 12650 8425 
n 0.36 0.46 0.77 0.71 12525 8325 
n 0.41 0.62 0.22 0.34 12400 8425 
n 0.58 0.82 0.8 0.5 12275 8325 
n 0.84 0.48 0.67 0.33 12150 8400 
n 0.6 0.8 0.64 0.86 12025 8425 
n 0.28 0.2 0.44 0.22 11900 8325 
n 0.52 0.25 0.23 0.44 11650 8325 
n 0.49 0.81 0.41 0.13 11000 8575 
n 0.21 0.79 0.49 0.38 4900 8500 
n 0.55 0.29 0.74 0.7 6150 8275 
n 0.43 0.86 0.24 0.32 6625 8300 
n 0.29 0.26 0.86 0.49 7025 8300 
n 0.76 0.41 0.37 0.9 11225 8125 
n 0.73 0.86 0.45 0.81 11550 8125 
n 0.59 0.29 0.69 0.79 11775 8275 
n 0.36 0.33 0.41 0.16 11850 8125 
n 0.32 0.55 0.28 0.67 11975 8125 
n 0.36 0.63 0.2 0.36 12100 8125 
n 0.51 0.21 0.45 0.44 12225 8125 
n 0.42 0.43 0.66 0.89 12350 8125 
n 0.52 0.76 0.67 0.86 12475 8025 
n 0.33 0.68 0.19 0.57 12600 8125 
n 0.59 0.38 0.62 0.31 12725 8125 
n 0.88 0.21 0.45 0.49 12850 8125 
n 0.23 0.15 0.73 0.38 12975 8125 
n 0.2 0.22 0.19 0.3 13100 8125 
n 0.7 0.84 0.74 0.12 13100 8275 
n 0.12 0.73 0.82 0.49 13225 8125 
n 0.54 0.24 0.14 0.36 13375 8175 
n 0.72 0.44 0.28 0.42 13500 8175 
n 0.63 0.76 0.79 0.12 13625 8125 
n 0.77 0.49 0.28 0.66 13625 7725 
n 0.78 0.27 0.47 0.4 13225 7725 
n 0.19 0.15 0.69 0.49 13100 7725 
n 0.85 0.85 0.53 0.52 12975 7725 
n 0.55 0.38 0.76 0.41 12850 7725 
n 0.82 0.54 0.87 0.81 12725 7725 
n 0.84 0.16 0.87 0.18 12600 7725 
n 0.87 0.22 0.59 0.37 12475 7825 
n 0.22 0.66 0.81 0.49 12350 7725 
n 0.15 0.55 0.84 0.61 12225 7725 
n 0.74 0.13 0.83 0.69 12100 7725 
n 0.87 0.8 0.38 0.15 11975 7725 
n 0.35 0.82 0.64 0.37 11850 7725 
n 0.16 0.57 0.72 0.7 11550 7725 
n 0.28 0.63 0.26 0.43 11225 7725 
n 0.26 0.84 0.34 0.53 11000 7775 
n 0.11 0.46 0.55 0.86 6625 7950 
n 0.85 0.8 0.36 0.14 4800 7825 
n 0.48 0.17 0.41 0.86 4550 7825 
n 0.34 0.49 0.69 0.39 4550 7425 
n 0.16 0.8 0.27 0.32 4800 7425 
n 0.25 0.28 0.5 0.71 6150 7525 
n 0.8 0.29 0.85 0.87 6825 7575 
n 0.23 0.71 0.59 0.73 7075 7575 
n 0.89 0.88 0.28 0.61 11450 7500 
n 0.59 0.9 0.71 0.59 11550 7500 
n 0.57 0.89 0.44 0.69 11650 7500 
n 0.2 0.83 0.51 0.41 11750 7500 
n 0.43 0.68 0.31 0.67 11850 7500 
n 0.53 0.53 0.58 0.89 11950 7500 
n 0.86 0.55 0.83 0.29 12050 7500 
n 0.33 0.27 0.88 0.11 12150 7500 
n 0.69 0.87 0.82 0.29 12325 7550 
n 0.63 0.8 0.53 0.38 12500 7500 
n 0.61 0.42 0.39 0.66 12600 7500 
n 0.73 0.65 0.56 0.76 12700 7500 
n 0.12 0.63 0.27 0.52 12800 7500 
n 0.62 0.62 0.15 0.72 13025 7500 
n 0.13 0.84 0.14 0.12 13125 7500 
n 0.77 0.29 0.27 0.83 13225 7500 
n 0.42 0.43 0.83 0.76 13325 7500 
n 0.61 0.21 0.51 0.59 13375 7675 
n 0.29 0.39 0.4 0.32 13500 7675 
n 0.35 0.73 0.56 0.85 13500 7450 
n 0.82 0.12 0.44 0.67 13625 7550 
n 0.56 0.49 0.41 0.58 13625 7150 
n 0.22 0.47 0.68 0.87 13500 7250 
n 0.73 0.17 0.12 0.53 13325 7200 
n 0.28 0.31 0.44 0.71 13225 7200 
n 0.51 0.48 0.79 0.59 13125 7200 
n 0.61 0.63 0.5 0.73 13025 7200 
n 0.71 0.41 0.27 0.44 12800 7200 
n 0.64 0.71 0.17 0.43 12700 7200 
n 0.55 0.34 0.59 0.1 12600 7200 
n 0.22 0.55 0.38 0.12 12500 7200 
n 0.79 0.46 0.64 0.49 12325 7150 
n 0.62 0.84 0.18 0.34 12150 7200 
n 0.49 0.7 0.58 0.5 12050 7200 
n 0.28 0.38 0.48 0.81 11950 7200 
n 0.74 0.85 0.1 0.2 11850 7200 
n 0.82 0.71 0.43 0.29 11750 7200 
n 0.85 0.89 0.12 0.89 11650 7200 
n 0.69 0.86 0.78 0.16 11550 7200 
n 0.51 0.36 0.25 0.81 11450 7200 
n 0.87 0.39 0.47 0.22 11050 7125 
n 0.81 0.38 0.71 0.81 10950 7125 
n 0.17 0.71 0.51 0.56 10850 7125 
n 0.36 0.18 0.54 0.44 10750 7125 
n 0.23 0.77 0.41 0.14 10650 7125 
n 0.86 0.55 0.43 0.57 10550 7125 
n 0.27 0.28 0.8 0.89 10450 7125 
n 0.66 0.25 0.59 0.77 7075 7175 
n 0.84 0.21 0.55 0.24 5825 7350 
n 0.5 0.58 0.34 0.8 5425 7350 
n 0.67 0.71 0.18 0.73 4425 7275 
n 0.64 0.9 0.57 0.37 4425 6875 
n 0.36 0.17 0.79 0.46 7075 7075 
n 0.72 0.17 0.22 0.34 7250 7025 
n 0.77 0.57 0.18 0.32 7250 6900 
n 0.12 0.14 0.48 0.87 7750 6900 
n 0.47 0.23 0.63 0.53 7900 6900 
n 0.18 0.82 0.43 0.72 8200 6900 
n 0.37 0.53 0.34 0.13 8350 6900 
n 0.18 0.54 0.59 0.7 8650 6900 
n 0.65 0.84 0.24 0.42 8800 6900 
n 0.64 0.76 0.49 0.29 10450 6825 
n 0.2 0.85 0.31 0.73 10550 6825 
n 0.27 0.9 0.48 0.42 10650 6825 
n 0.83 0.26 0.59 0.45 10750 6825 
n 0.54 0.37 0.54 0.52 10850 6825 
n 0.79 0.21 0.15 0.83 10950 6825 
n 0.65 0.29 0.48 0.18 11050 6825 
n 0.9 0.43 0.26 0.77 11425 6975 
n 0.44 0.16 0.85 0.1 11575 6925 
n 0.78 0.74 0.55 0.46 11575 6825 
n 0.41 0.12 0.33 0.88 11675 6825 
n 0.86 0.78 0.19 0.69 11850 6975 
n 0.66 0.7 0.5 0.42 11975 6975 
n 0.81 0.75 0.38 0.5 12225 6975 
n 0.83 0.12 0.24 0.33 12350 6975 
n 0.11 0.73 0.41 0.26 12475 6975 
n 0.87 0.15 0.2 0.83 12600 6975 
n 0.56 0.14 0.3 0.75 12725 6875 
n 0.7 0.67 0.66 0.12 12850 6975 
n 0.73 0.35 0.28 0.33 12975 6975 
n 0.61 0.82 0.14 0.62 13125 7025 
n 0.83 0.64 0.55 0.16 13275 6975 
n 0.66 0.83 0.78 0.32 13400 7025 
n 0.77 0.83 0.11 0.76 13400 6525 
n 0.74 0.51 0.46 0.78 13275 6575 
n 0.77 0.25 0.2 0.13 13125 6525 
n 0.19 0.11 0.33 0.42 12975 6575 
n 0.5 0.46 0.71 0.82 12850 6575 
n 0.65 0.89 0.45 0.52 12725 6675 
n 0.28 0.46 0.81 0.86 12600 6575 
n 0.11 0.56 0.32 0.29 12475 6575 
n 0.56 0.57 0.75 0.59 12350 6575 
n 0.14 0.71 0.32 0.4 12225 6575 
n 0.65 0.18 0.57 0.27 11975 6575 
n 0.71 0.45 0.29 0.8 11850 6575 
n 0.8 0.48 0.42 0.82 11675 6575 
n 0.24 0.84 0.84 0.23 11575 6675 
n 0.84 0.3 0.17 0.11 11575 6575 
n 0.27 0.59 0.69 0.58 11425 6575 
n 0.64 0.5 0.78 0.51 11050 6625 
n 0.87 0.12 0.53 0.67 10950 6625 
n 0.18 0.75 0.54 0.55 10850 6625 
n 0.47 0.5 0.47 0.36 10750 6625 
n 0.88 0.32 0.26 0.31 10650 6625 
n 0.77 0.64 0.74 0.3 10550 6625 
n 0.14 0.23 0.85 0.66 10450 6625 
n 0.77 0.47 0.79 0.36 7075 6675 
n 0.69 0.66 0.64 0.81 5675 6650 
n 0.76 0.81 0.88 0.59 5175 6650 
n 0.7 0.57 0.42 0.46 5050 6575 
n 0.15 0.66 0.65 0.35 4650 6575 
n 0.77 0.22 0.77 0.38 7650 6375 
n 0.42 0.56 0.14 0.34 7750 6375 
n 0.54 0.69 0.67 0.22 7750 6500 
n 0.86 0.27 0.38 0.88 7850 6375 
n 0.41 0.59 0.34 0.62 7900 6500 
n 0.62 0.81 0.83 0.29 8100 6375 
n 0.51 0.17 0.26 0.7 8200 6375 
n 0.61 0.68 0.62 0.88 8200 6500 
n 0.82 0.72 0.13 0.81 8300 6375 
n 0.84 0.55 0.54 0.31 8350 6500 
n 0.22 0.61 0.3 0.73 8550 6375 
n 0.23 0.38 0.37 0.47 8650 6375 
n 0.82 0.54 0.25 0.45 8650 6500 
n 0.47 0.13 0.75 0.54 8750 6375 
n 0.5 0.63 0.53 0.27 8800 6500 
n 0.57 0.72 0.3 0.35 10450 6325 
n 0.62 0.8 0.25 0.1 10550 6325 
n 0.29 0.45 0.47 0.55 10650 6325 
n 0.5 0.85 0.14 0.36 10750 6325 
n 0.33 0.65 0.53 0.33 10850 6325 
n 0.36 0.17 0.15 0.66 10950 6325 
n 0.23 0.31 0.46 0.45 11050 6325 
n 0.74 0.44 0.29 0.5 11100 6075 
n 0.49 0.73 0.67 0.77 10950 6075 
n 0.59 0.8 0.36 0.19 10800 6125 
n 0.23 0.76 0.71 0.65 10300 6125 
n 0.28 0.21 0.57 0.54 5550 5675 
n 0.6 0.54 0.31 0.89 5625 5625 
n 0.57 0.44 0.13 0.52 5675 5750 
n 0.7 0.53 0.15 0.3 6175 5750 
n 0.34 0.46 0.72 0.88 6225 5625 
n 0.1 0.19 0.27 0.4 7625 5850 
n 0.3 0.81 0.58 0.39 7875 5850 
n 0.68 0.22 0.11 0.83 10950 5800 
n 0.43 0.21 0.24 0.38 7875 5350 
n 0.9 0.13 0.26 0.35 7625 5350 
n 0.73 0.71 0.38 0.36 6175 5400 
n 0.76 0.52 0.15 0.87 5675 5400 
n 0.42 0.47 0.82 0.51 5550 5425 
n 0.18 0.2 0.59 0.61 5550 5200 
n 0.8 0.1 0.18 0.63 10950 5300 
n 0.53 0.85 0.66 0.74 11050 5075 
n 0.21 0.78 0.66 0.89 11200 5075 
n 0.3 0.35 0.27 0.51 11350 4875 
n 0.17 0.34 0.67 0.26 7875 4875 
n 0.82 0.85 0.76 0.8 7675 4875 
n 0.86 0.87 0.88 0.51 6225 5000 
n 0.8 0.35 0.36 0.22 6175 4875 
n 0.36 0.43 0.17 0.12 5675 4875 
n 0.54 0.72 0.51 0.65 5625 5000 
n 0.81 0.5 0.66 0.13 5550 4950 
n 0.58 0.24 0.78 0.17 5550 4475 
n 0.66 0.43 0.68 0.7 5550 4675 
n 0.75 0.39 0.46 0.89 5675 4675 
n 0.34 0.12 0.46 0.39 6175 4675 
n 0.12 0.75 0.7 0.51 11350 4425 
n 0.28 0.11 0.82 0.65 11350 4650 
n 0.53 0.81 0.73 0.63 13225 4275 
n 0.52 0.8 0.55 0.34 4225 4075 
n 0.46 0.46 0.65 0.47 13225 4075 
n 0.84 0.83 0.6 0.22 13225 3700 
n 0.8 0.22 0.74 0.61 6350 3600 
n 0.86 0.31 0.8 0.48 5950 3600 
n 0.81 0.23 0.88 0.28 4225 3675 
n 0.8 0.75 0.1 0.23 4225 3525 
n 0.13 0.17 0.46 0.53 4475 3300 
n 0.32 0.62 0.84 0.5 4475 3450 
n 0.46 0.53 0.68 0.39 4975 3300 
n 0.66 0.33 0.52 0.52 4975 3450 
n 0.15 0.83 0.82 0.43 7900 3350 
n 0.16 0.58 0.64 0.75 10650 3525 
n 0.19 0.29 0.71 0.37 10850 3525 
n 0.28 0.23 0.77 0.29 13225 3500 
n 0.22 0.75 0.73 0.23 13225 3125 
n 0.15 0.16 0.34 0.69 8275 3000 
n 0.11 0.31 0.84 0.37 8125 3000 
n 0.34 0.19 0.39 0.63 7900 3200 
n 0.17 0.61 0.28 0.77 4975 3000 
n 0.69 0.73 0.82 0.17 4975 3150 
n 0.84 0.76 0.59 0.44 4475 3000 
n 0.7 0.31 0.41 0.28 4475 3150 
n 0.63 0.2 0.46 0.75 4225 3125 
n 0.66 0.72 0.42 0.72 4675 2700 
n 0.63 0.39 0.11 0.21 13225 2925 
n 0.45 0.59 0.17 0.27 13225 2525 
n 0.51 0.66 0.2 0.89 4675 2550 
n 0.57 0.44 0.85 0.88 13225 2325 
n 0.53 0.32 0.36 0.11 4675 1825 
n 0.24 0.35 0.12 0.58 4675 1975 
n 0.31 0.71 0.46 0.14 1975 4025 
n 0.67 0.49 0.7 0.14 2075 5675 
n 0.81 0.86 0.49 0.32 1975 5575 
n 0.58 0.66 0.31 0.67 1875 5475 
n 0.25 0.13 0.63 0.4 1775 5375 
n 0.57 0.36 0.45 0.64 2075 6475 
