t 439 15 5
n 0.45 0.82 0.6 0.31 0.68 7125 11300 
n 0.74 0.67 0.54 0.71 0.74 7225 11050 
n 0.76 0.39 0.24 0.83 0.76 7225 11150 
n 0.19 0.5 0.59 0.82 0.8 7375 11300 
n 0.26 0.16 0.49 0.36 0.27 7500 11200 
n 0.51 0.43 0.78 0.2 0.82 7625 11275 
n 0.69 0.25 0.61 0.25 0.57 7725 11275 
n 0.55 0.11 0.11 0.58 0.6 7825 11275 
n 0.47 0.41 0.75 0.31 0.2 7925 11275 
n 0.65 0.75 0.41 0.31 0.57 8050 11225 
n 0.1 0.51 0.24 0.3 0.9 8050 11125 
n 0.44 0.65 0.47 0.28 0.68 8150 11125 
n 0.29 0.19 0.2 0.62 0.51 8275 11300 
n 0.81 0.19 0.87 0.31 0.48 8400 11300 
n 0.51 0.76 0.7 0.81 0.3 8525 11300 
n 0.49 0.76 0.24 0.58 0.62 8650 11300 
n 0.13 0.72 0.26 0.24 0.11 8750 11200 
n 0.65 0.48 0.49 0.77 0.72 12475 10800 
n 0.4 0.22 0.19 0.5 0.35 12075 10800 
n 0.6 0.3 0.37 0.15 0.54 11975 10975 
n 0.48 0.19 0.44 0.48 0.69 11575 10975 
n 0.45 0.53 0.39 0.19 0.45 11525 10850 
n 0.45 0.86 0.54 0.52 0.6 11400 10975 
n 0.55 0.6 0.33 0.15 0.87 11425 10850 
n 0.25 0.12 0.57 0.78 0.72 11000 10975 
n 0.82 0.16 0.88 0.62 0.39 10475 10850 
n 0.45 0.76 0.83 0.46 0.63 10375 10850 
n 0.63 0.66 0.28 0.78 0.75 10300 10975 
n 0.77 0.44 0.26 0.76 0.8 10250 10850 
n 0.77 0.29 0.65 0.89 0.46 9900 10975 
n 0.24 0.54 0.87 0.47 0.74 9850 10850 
n 0.4 0.28 0.17 0.52 0.88 9350 11000 
n 0.88 0.22 0.75 0.35 0.86 8750 11000 
n 0.26 0.74 0.84 0.68 0.31 8650 10900 
n 0.71 0.64 0.58 0.52 0.31 8525 10900 
n 0.1 0.82 0.33 0.77 0.26 8400 10900 
n 0.8 0.86 0.65 0.62 0.31 8275 10900 
n 0.58 0.21 0.73 0.5 0.48 8050 10775 
n 0.24 0.54 0.24 0.18 0.53 7900 10775 
n 0.33 0.7 0.71 0.32 0.51 7925 10975 
n 0.71 0.81 0.79 0.52 0.34 7825 10975 
n 0.69 0.16 0.81 0.49 0.34 7750 10775 
n 0.51 0.66 0.45 0.62 0.24 7725 10975 
n 0.24 0.12 0.46 0.52 0.55 7600 10775 
n 0.5 0.79 0.77 0.1 0.68 7625 10975 
n 0.49 0.86 0.49 0.65 0.85 7500 11000 
n 0.32 0.76 0.37 0.69 0.61 7425 10750 
n 0.42 0.34 0.41 0.89 0.42 7325 10750 
n 0.84 0.7 0.76 0.85 0.86 7375 10900 
n 0.37 0.66 0.47 0.76 0.75 7225 10750 
n 0.31 0.12 0.86 0.84 0.42 7125 10750 
n 0.53 0.23 0.7 0.86 0.41 7125 10900 
n 0.41 0.83 0.41 0.25 0.75 7125 10450 
n 0.53 0.73 0.17 0.79 0.5 7225 10450 
n 0.83 0.15 0.43 0.79 0.33 7325 10450 
n 0.2 0.37 0.21 0.55 0.35 7425 10450 
n 0.14 0.28 0.33 0.27 0.18 8300 10500 
n 0.9 0.61 0.22 0.46 0.67 8600 10500 
n 0.82 0.47 0.73 0.55 0.72 8950 10425 
n 0.28 0.38 0.15 0.21 0.75 9050 10425 
n 0.48 0.38 0.69 0.83 0.6 9150 10425 
n 0.13 0.44 0.62 0.77 0.49 9350 10600 
n 0.69 0.1 0.21 0.25 0.76 10200 10600 
n 0.29 0.42 0.13 0.51 0.15 10700 10600 
n 0.72 0.69 0.16 0.25 0.81 11375 10575 
n 0.46 0.86 0.33 0.82 0.43 11525 10625 
n 0.39 0.38 0.38 0.12 0.57 11650 10625 
n 0.67 0.1 0.17 0.47 0.5 11775 10450 
n 0.23 0.68 0.77 0.55 0.16 11775 10250 
n 0.89 0.2 0.57 0.27 0.43 11650 10125 
n 0.36 0.85 0.77 0.19 0.71 11525 10125 
n 0.52 0.38 0.64 0.79 0.66 11375 10175 
n 0.82 0.3 0.68 0.67 0.13 10250 10325 
n 0.57 0.44 0.11 0.57 0.38 10250 10125 
n 0.33 0.89 0.29 0.26 0.87 9275 10275 
n 0.49 0.28 0.67 0.14 0.44 9175 10275 
n 0.71 0.72 0.54 0.67 0.74 8950 10200 
n 0.48 0.54 0.34 0.27 0.87 8750 10200 
n 0.2 0.25 0.13 0.66 0.53 8050 10275 
n 0.5 0.34 0.19 0.4 0.52 7900 10275 
n 0.1 0.81 0.6 0.73 0.53 7750 10275 
n 0.69 0.15 0.23 0.78 0.59 7600 10275 
n 0.85 0.19 0.13 0.11 0.69 4975 10125 
n 0.43 0.72 0.51 0.8 0.66 4750 10125 
n 0.88 0.56 0.56 0.73 0.73 4525 10125 
n 0.74 0.37 0.42 0.17 0.59 8750 10000 
n 0.12 0.34 0.54 0.79 0.35 8950 10000 
n 0.11 0.11 0.48 0.61 0.8 11375 10000 
n 0.46 0.37 0.15 0.73 0.55 11475 10000 
n 0.56 0.74 0.73 0.24 0.47 11575 10000 
n 0.58 0.1 0.86 0.45 0.25 11675 10000 
n 0.25 0.52 0.78 0.69 0.64 12100 9875 
n 0.86 0.22 0.27 0.4 0.33 12225 9875 
n 0.15 0.55 0.54 0.75 0.19 12350 9875 
n 0.72 0.36 0.42 0.45 0.36 12750 9925 
n 0.56 0.52 0.85 0.12 0.79 12875 9925 
n 0.71 0.68 0.34 0.28 0.12 13125 9875 
n 0.36 0.75 0.65 0.41 0.71 13000 9800 
n 0.63 0.6 0.27 0.31 0.23 13000 9550 
n 0.61 0.62 0.17 0.31 0.21 12600 9775 
n 0.82 0.18 0.8 0.78 0.7 12600 9575 
n 0.17 0.8 0.67 0.84 0.15 11975 9800 
n 0.45 0.34 0.53 0.61 0.79 11975 9550 
n 0.31 0.78 0.74 0.8 0.57 11675 9700 
n 0.24 0.9 0.1 0.75 0.72 11575 9700 
n 0.49 0.49 0.71 0.15 0.41 11475 9700 
n 0.78 0.72 0.15 0.49 0.87 11375 9700 
n 0.48 0.37 0.41 0.16 0.3 10975 9600 
n 0.14 0.24 0.83 0.13 0.41 10850 9600 
n 0.5 0.23 0.62 0.27 0.26 10375 9250 
n 0.3 0.26 0.11 0.71 0.48 10475 9250 
n 0.77 0.15 0.42 0.29 0.26 10575 9250 
n 0.49 0.5 0.64 0.7 0.12 11725 9325 
n 0.81 0.51 0.82 0.3 0.22 11850 9375 
n 0.24 0.25 0.64 0.7 0.5 12100 9475 
n 0.72 0.24 0.57 0.37 0.86 12050 9275 
n 0.55 0.71 0.88 0.79 0.16 12225 9475 
n 0.32 0.67 0.59 0.13 0.46 12150 9275 
n 0.79 0.4 0.11 0.39 0.4 12250 9275 
n 0.57 0.28 0.47 0.43 0.69 12350 9475 
n 0.48 0.87 0.46 0.36 0.84 12350 9275 
n 0.55 0.2 0.21 0.82 0.32 12525 9325 
n 0.26 0.39 0.77 0.74 0.7 12750 9425 
n 0.76 0.46 0.77 0.66 0.41 12775 9275 
n 0.5 0.46 0.76 0.56 0.68 12875 9425 
n 0.26 0.2 0.76 0.27 0.14 12875 9275 
n 0.73 0.64 0.34 0.39 0.69 12975 9275 
n 0.16 0.27 0.35 0.79 0.28 13125 9475 
n 0.63 0.33 0.76 0.48 0.39 13075 9275 
n 0.25 0.37 0.14 0.3 0.41 13250 9375 
n 0.81 0.23 0.65 0.78 0.17 13375 9375 
n 0.6 0.68 0.75 0.65 0.8 13500 9375 
n 0.2 0.51 0.49 0.38 0.43 13625 9375 
n 0.2 0.13 0.38 0.39 0.16 13075 8975 
n 0.44 0.41 0.23 0.56 0.82 12975 8975 
n 0.65 0.61 0.58 0.82 0.45 12875 8975 
n 0.23 0.56 0.2 0.82 0.54 12775 8975 
n 0.78 0.13 0.82 0.49 0.29 12525 8925 
n 0.41 0.77 0.9 0.65 0.61 12350 8975 
n 0.61 0.79 0.2 0.75 0.16 12250 8975 
n 0.89 0.74 0.74 0.12 0.62 12150 8975 
n 0.29 0.43 0.71 0.42 0.27 12050 8975 
n 0.87 0.68 0.36 0.34 0.49 11725 8925 
n 0.18 0.86 0.31 0.17 0.63 10975 9200 
n 0.67 0.12 0.55 0.55 0.82 10900 8975 
n 0.7 0.26 0.39 0.42 0.61 10850 9200 
n 0.43 0.48 0.9 0.3 0.42 10800 9075 
n 0.88 0.14 0.15 0.14 0.58 10800 8975 
n 0.32 0.21 0.18 0.58 0.62 5150 8750 
n 0.16 0.76 0.83 0.28 0.58 11650 8725 
n 0.23 0.59 0.16 0.14 0.32 11775 8775 
n 0.32 0.82 0.77 0.71 0.51 11850 8875 
n 0.44 0.32 0.42 0.8 0.41 11900 8725 
n 0.49 0.84 0.6 0.52 0.62 12025 8625 
n 0.6 0.89 0.3 0.26 0.65 12150 8650 
n 0.34 0.72 0.68 0.21 0.89 12275 8725 
n 0.32 0.76 0.41 0.46 0.87 12400 8625 
n 0.7 0.13 0.51 0.6 0.33 12525 8725 
n 0.12 0.42 0.85 0.88 0.43 12650 8625 
n 0.9 0.63 0.67 0.36 0.24 12850 8725 
n 0.83 0.72 0.17 0.5 0.31 12975 8625 
n 0.38 0.56 0.8 0.74 0.84 13100 8775 
n 0.81 0.29 0.17 0.58 0.55 13250 8875 
n 0.7 0.37 0.68 0.46 0.71 13375 8875 
n 0.12 0.11 0.79 0.88 0.32 13500 8875 
n 0.75 0.42 0.34 0.75 0.89 13475 8725 
n 0.1 0.47 0.32 0.67 0.44 13625 8875 
n 0.46 0.27 0.74 0.4 0.46 13700 8500 
n 0.47 0.15 0.37 0.35 0.12 13600 8600 
n 0.58 0.21 0.36 0.42 0.76 13600 8500 
n 0.44 0.83 0.78 0.34 0.78 13475 8325 
n 0.51 0.13 0.46 0.22 0.25 13350 8350 
n 0.75 0.33 0.19 0.15 0.74 13250 8450 
n 0.16 0.64 0.53 0.14 0.45 13250 8350 
n 0.56 0.25 0.36 0.55 0.77 12975 8425 
n 0.2 0.41 0.22 0.24 0.4 12850 8325 
n 0.17 0.69 0.38 0.39 0.32 12650 8425 
n 0.51 0.11 0.17 0.31 0.43 12525 8325 
n 0.11 0.36 0.13 0.41 0.55 12400 8425 
n 0.67 0.59 0.32 0.2 0.39 12275 8325 
n 0.29 0.19 0.53 0.56 0.33 12150 8400 
n 0.38 0.35 0.72 0.75 0.3 12025 8425 
n 0.4 0.53 0.61 0.26 0.46 11900 8325 
n 0.6 0.29 0.76 0.84 0.39 11650 8325 
n 0.21 0.35 0.17 0.37 0.67 11000 8575 
n 0.44 0.21 0.13 0.34 0.52 4900 8500 
n 0.37 0.28 0.86 0.3 0.12 6150 8275 
n 0.54 0.15 0.21 0.55 0.2 6625 8300 
n 0.28 0.76 0.51 0.57 0.41 7025 8300 
n 0.34 0.12 0.54 0.1 0.75 11225 8125 
n 0.35 0.34 0.45 0.15 0.62 11550 8125 
n 0.67 0.33 0.39 0.74 0.6 11775 8275 
n 0.46 0.12 0.27 0.28 0.43 11850 8125 
n 0.48 0.46 0.18 0.82 0.28 11975 8125 
n 0.53 0.58 0.34 0.58 0.27 12100 8125 
n 0.36 0.51 0.22 0.81 0.72 12225 8125 
n 0.61 0.65 0.84 0.74 0.44 12350 8125 
n 0.12 0.38 0.46 0.47 0.3 12475 8025 
n 0.53 0.66 0.33 0.21 0.3 12600 8125 
n 0.42 0.7 0.28 0.17 0.58 12725 8125 
n 0.22 0.84 0.68 0.36 0.87 12850 8125 
n 0.84 0.52 0.58 0.3 0.31 12975 8125 
n 0.83 0.51 0.31 0.19 0.48 13100 8125 
n 0.71 0.8 0.84 0.82 0.85 13100 8275 
n 0.86 0.64 0.49 0.67 0.27 13225 8125 
n 0.31 0.54 0.14 0.45 0.27 13375 8175 
n 0.26 0.41 0.66 0.22 0.18 13500 8175 
n 0.63 0.37 0.84 0.78 0.35 13625 8125 
n 0.53 0.77 0.44 0.54 0.69 13625 7725 
n 0.42 0.2 0.26 0.44 0.69 13225 7725 
n 0.47 0.31 0.5 0.11 0.57 13100 7725 
n 0.45 0.55 0.59 0.85 0.26 12975 7725 
n 0.22 0.68 0.77 0.38 0.38 12850 7725 
n 0.21 0.54 0.24 0.17 0.53 12725 7725 
n 0.12 0.71 0.87 0.59 0.41 12600 7725 
n 0.18 0.86 0.28 0.62 0.12 12475 7825 
n 0.3 0.61 0.58 0.11 0.36 12350 7725 
n 0.56 0.43 0.18 0.55 0.81 12225 7725 
n 0.11 0.26 0.24 0.17 0.87 12100 7725 
n 0.27 0.12 0.62 0.14 0.11 11975 7725 
n 0.9 0.18 0.51 0.16 0.44 11850 7725 
n 0.89 0.88 0.62 0.85 0.77 11550 7725 
n 0.85 0.72 0.61 0.24 0.78 11225 7725 
n 0.62 0.57 0.33 0.41 0.46 11000 7775 
n 0.88 0.76 0.14 0.23 0.54 6625 7950 
n 0.65 0.34 0.57 0.41 0.54 4800 7825 
n 0.16 0.31 0.65 0.85 0.29 4550 7825 
n 0.12 0.15 0.63 0.75 0.56 4550 7425 
n 0.16 0.33 0.19 0.34 0.79 4800 7425 
n 0.72 0.34 0.33 0.43 0.86 6150 7525 
n 0.17 0.21 0.22 0.61 0.73 6825 7575 
n 0.66 0.47 0.81 0.64 0.41 7075 7575 
n 0.35 0.17 0.3 0.13 0.24 11450 7500 
n 0.35 0.85 0.21 0.29 0.46 11550 7500 
n 0.45 0.28 0.1 0.37 0.47 11650 7500 
n 0.31 0.46 0.6 0.32 0.33 11750 7500 
n 0.79 0.59 0.74 0.66 0.23 11850 7500 
n 0.45 0.52 0.48 0.3 0.85 11950 7500 
n 0.67 0.25 0.31 0.79 0.81 12050 7500 
n 0.53 0.39 0.61 0.66 0.58 12150 7500 
n 0.56 0.84 0.86 0.12 0.82 12325 7550 
n 0.35 0.73 0.11 0.75 0.54 12500 7500 
n 0.88 0.17 0.56 0.21 0.81 12600 7500 
n 0.48 0.39 0.28 0.9 0.52 12700 7500 
n 0.15 0.48 0.77 0.39 0.5 12800 7500 
n 0.85 0.25 0.73 0.24 0.51 13025 7500 
n 0.52 0.54 0.22 0.54 0.32 13125 7500 
n 0.6 0.51 0.34 0.29 0.67 13225 7500 
n 0.67 0.67 0.76 0.44 0.24 13325 7500 
n 0.24 0.59 0.41 0.87 0.23 13375 7675 
n 0.79 0.74 0.49 0.37 0.83 13500 7675 
n 0.66 0.31 0.12 0.82 0.21 13500 7450 
n 0.2 0.58 0.62 0.32 0.44 13625 7550 
n 0.8 0.41 0.75 0.89 0.14 13625 7150 
n 0.4 0.8 0.44 0.42 0.59 13500 7250 
n 0.6 0.51 0.71 0.56 0.21 13325 7200 
n 0.83 0.84 0.72 0.18 0.43 13225 7200 
n 0.38 0.43 0.9 0.86 0.39 13125 7200 
n 0.86 0.38 0.44 0.77 0.15 13025 7200 
n 0.14 0.1 0.57 0.5 0.83 12800 7200 
n 0.23 0.21 0.75 0.55 0.66 12700 7200 
n 0.4 0.45 0.46 0.89 0.83 12600 7200 
n 0.53 0.6 0.39 0.29 0.15 12500 7200 
n 0.36 0.43 0.28 0.44 0.84 12325 7150 
n 0.85 0.88 0.51 0.45 0.58 12150 7200 
n 0.44 0.14 0.21 0.28 0.78 12050 7200 
n 0.81 0.88 0.73 0.9 0.35 11950 7200 
n 0.59 0.38 0.37 0.53 0.21 11850 7200 
n 0.87 0.4 0.67 0.47 0.24 11750 7200 
n 0.19 0.9 0.85 0.72 0.69 11650 7200 
n 0.79 0.43 0.47 0.86 0.22 11550 7200 
n 0.67 0.63 0.39 0.68 0.56 11450 7200 
n 0.45 0.48 0.83 0.58 0.44 11050 7125 
n 0.81 0.63 0.59 0.45 0.37 10950 7125 
n 0.26 0.49 0.41 0.74 0.18 10850 7125 
n 0.43 0.59 0.61 0.34 0.66 10750 7125 
n 0.41 0.84 0.51 0.14 0.53 10650 7125 
n 0.8 0.43 0.49 0.35 0.14 10550 7125 
n 0.86 0.58 0.53 0.85 0.6 10450 7125 
n 0.57 0.33 0.82 0.11 0.62 7075 7175 
n 0.36 0.85 0.53 0.74 0.34 5825 7350 
n 0.12 0.79 0.47 0.18 0.52 5425 7350 
n 0.45 0.88 0.37 0.44 0.16 4425 7275 
n 0.37 0.12 0.88 0.71 0.33 4425 6875 
n 0.49 0.71 0.63 0.31 0.19 7075 7075 
n 0.45 0.46 0.72 0.9 0.5 7250 7025 
n 0.36 0.59 0.17 0.48 0.58 7250 6900 
n 0.87 0.41 0.65 0.19 0.22 7750 6900 
n 0.36 0.83 0.42 0.37 0.69 7900 6900 
n 0.13 0.43 0.51 0.55 0.67 8200 6900 
n 0.86 0.79 0.66 0.35 0.33 8350 6900 
n 0.4 0.28 0.23 0.2 0.87 8650 6900 
n 0.53 0.79 0.41 0.26 0.85 8800 6900 
n 0.75 0.59 0.34 0.43 0.48 10450 6825 
n 0.89 0.68 0.87 0.81 0.64 10550 6825 
n 0.52 0.2 0.85 0.76 0.56 10650 6825 
n 0.17 0.81 0.86 0.53 0.7 10750 6825 
n 0.72 0.18 0.36 0.49 0.67 10850 6825 
n 0.48 0.69 0.62 0.28 0.24 10950 6825 
n 0.22 0.66 0.64 0.24 0.63 11050 6825 
n 0.86 0.62 0.36 0.33 0.63 11425 6975 
n 0.41 0.37 0.51 0.14 0.31 11575 6925 
n 0.38 0.38 0.44 0.41 0.1 11575 6825 
n 0.11 0.44 0.78 0.75 0.65 11675 6825 
n 0.3 0.74 0.79 0.16 0.69 11850 6975 
n 0.25 0.31 0.67 0.66 0.51 11975 6975 
n 0.4 0.64 0.13 0.71 0.24 12225 6975 
n 0.84 0.62 0.39 0.79 0.16 12350 6975 
n 0.26 0.89 0.71 0.62 0.57 12475 6975 
n 0.42 0.89 0.64 0.18 0.48 12600 6975 
n 0.88 0.18 0.65 0.77 0.23 12725 6875 
n 0.45 0.52 0.5 0.73 0.65 12850 6975 
n 0.12 0.73 0.71 0.58 0.54 12975 6975 
n 0.61 0.49 0.6 0.24 0.35 13125 7025 
n 0.84 0.66 0.14 0.34 0.5 13275 6975 
n 0.33 0.75 0.67 0.58 0.24 13400 7025 
n 0.42 0.48 0.89 0.14 0.29 13400 6525 
n 0.55 0.14 0.58 0.63 0.47 13275 6575 
n 0.66 0.59 0.88 0.53 0.29 13125 6525 
n 0.81 0.31 0.77 0.36 0.44 12975 6575 
n 0.66 0.78 0.43 0.6 0.42 12850 6575 
n 0.24 0.69 0.49 0.55 0.4 12725 6675 
n 0.68 0.86 0.83 0.74 0.31 12600 6575 
n 0.43 0.47 0.88 0.51 0.64 12475 6575 
n 0.54 0.48 0.32 0.48 0.9 12350 6575 
n 0.16 0.77 0.8 0.14 0.57 12225 6575 
n 0.57 0.63 0.54 0.57 0.8 11975 6575 
n 0.82 0.69 0.81 0.16 0.62 11850 6575 
n 0.12 0.19 0.19 0.78 0.46 11675 6575 
n 0.76 0.77 0.87 0.59 0.52 11575 6675 
n 0.85 0.36 0.83 0.76 0.34 11575 6575 
n 0.86 0.56 0.27 0.69 0.78 11425 6575 
n 0.21 0.76 0.33 0.65 0.2 11050 6625 
n 0.39 0.8 0.78 0.64 0.76 10950 6625 
n 0.65 0.89 0.14 0.35 0.37 10850 6625 
n 0.13 0.7 0.62 0.32 0.51 10750 6625 
n 0.34 0.59 0.88 0.73 0.62 10650 6625 
n 0.83 0.21 0.46 0.48 0.88 10550 6625 
n 0.32 0.45 0.3 0.51 0.82 10450 6625 
n 0.62 0.42 0.58 0.59 0.21 7075 6675 
n 0.73 0.31 0.55 0.57 0.59 5675 6650 
n 0.39 0.76 0.41 0.77 0.25 5175 6650 
n 0.44 0.5 0.41 0.23 0.58 5050 6575 
n 0.62 0.47 0.79 0.64 0.44 4650 6575 
n 0.42 0.79 0.19 0.52 0.17 7650 6375 
n 0.23 0.48 0.9 0.13 0.69 7750 6375 
n 0.19 0.32 0.85 0.69 0.5 7750 6500 
n 0.81 0.25 0.37 0.24 0.69 7850 6375 
n 0.68 0.44 0.44 0.56 0.71 7900 6500 
n 0.12 0.32 0.32 0.26 0.35 8100 6375 
n 0.66 0.72 0.28 0.26 0.52 8200 6375 
n 0.24 0.64 0.39 0.34 0.86 8200 6500 
n 0.68 0.51 0.45 0.19 0.21 8300 6375 
n 0.53 0.51 0.2 0.64 0.51 8350 6500 
n 0.61 0.77 0.72 0.65 0.81 8550 6375 
n 0.76 0.87 0.16 0.18 0.34 8650 6375 
n 0.87 0.46 0.8 0.85 0.61 8650 6500 
n 0.8 0.89 0.13 0.85 0.64 8750 6375 
n 0.56 0.17 0.63 0.56 0.49 8800 6500 
n 0.89 0.21 0.8 0.64 0.25 10450 6325 
n 0.18 0.5 0.66 0.66 0.16 10550 6325 
n 0.19 0.55 0.17 0.17 0.2 10650 6325 
n 0.2 0.64 0.41 0.14 0.52 10750 6325 
n 0.2 0.44 0.56 0.23 0.29 10850 6325 
n 0.23 0.52 0.26 0.63 0.11 10950 6325 
n 0.52 0.58 0.87 0.41 0.19 11050 6325 
n 0.19 0.52 0.68 0.11 0.78 11100 6075 
n 0.58 0.69 0.7 0.69 0.24 10950 6075 
n 0.81 0.18 0.6 0.11 0.44 10800 6125 
n 0.89 0.82 0.17 0.56 0.49 10300 6125 
n 0.21 0.56 0.67 0.69 0.34 5550 5675 
n 0.73 0.6 0.43 0.19 0.18 5625 5625 
n 0.84 0.29 0.59 0.25 0.76 5675 5750 
n 0.56 0.37 0.69 0.32 0.88 6175 5750 
n 0.26 0.44 0.86 0.53 0.83 6225 5625 
n 0.5 0.37 0.89 0.75 0.37 7625 5850 
n 0.28 0.74 0.39 0.12 0.79 7875 5850 
n 0.39 0.49 0.53 0.66 0.36 10950 5800 
n 0.32 0.22 0.26 0.34 0.12 7875 5350 
n 0.52 0.52 0.66 0.87 0.72 7625 5350 
n 0.53 0.29 0.63 0.32 0.43 6175 5400 
n 0.65 0.66 0.14 0.88 0.21 5675 5400 
n 0.8 0.66 0.7 0.66 0.62 5550 5425 
n 0.35 0.88 0.39 0.31 0.32 5550 5200 
n 0.69 0.8 0.83 0.51 0.65 10950 5300 
n 0.83 0.22 0.32 0.36 0.11 11050 5075 
n 0.47 0.57 0.7 0.4 0.86 11200 5075 
n 0.34 0.28 0.47 0.58 0.82 11350 4875 
n 0.56 0.64 0.29 0.3 0.48 7875 4875 
n 0.55 0.7 0.84 0.8 0.78 7675 4875 
n 0.13 0.75 0.55 0.41 0.66 6225 5000 
n 0.61 0.24 0.42 0.73 0.21 6175 4875 
n 0.19 0.11 0.78 0.65 0.55 5675 4875 
n 0.85 0.84 0.56 0.73 0.51 5625 5000 
n 0.33 0.76 0.55 0.27 0.1 5550 4950 
n 0.24 0.45 0.39 0.26 0.58 5550 4475 
n 0.43 0.42 0.82 0.19 0.25 5550 4675 
n 0.28 0.87 0.59 0.42 0.66 5675 4675 
n 0.4 0.68 0.22 0.44 0.59 6175 4675 
n 0.39 0.17 0.66 0.61 0.68 11350 4425 
n 0.52 0.78 0.9 0.86 0.56 11350 4650 
n 0.3 0.85 0.13 0.27 0.51 13225 4275 
n 0.16 0.15 0.7 0.25 0.87 4225 4075 
n 0.22 0.12 0.12 0.84 0.55 13225 4075 
n 0.35 0.64 0.55 0.85 0.14 13225 3700 
n 0.61 0.72 0.73 0.66 0.49 6350 3600 
n 0.42 0.69 0.62 0.16 0.8 5950 3600 
n 0.62 0.75 0.37 0.53 0.13 4225 3675 
n 0.55 0.19 0.46 0.47 0.68 4225 3525 
n 0.14 0.33 0.75 0.77 0.61 4475 3300 
n 0.15 0.63 0.82 0.48 0.6 4475 3450 
n 0.41 0.53 0.26 0.32 0.52 4975 3300 
n 0.42 0.87 0.26 0.55 0.8 4975 3450 
n 0.15 0.72 0.8 0.78 0.82 7900 3350 
n 0.45 0.18 0.83 0.57 0.61 10650 3525 
n 0.62 0.4 0.39 0.74 0.11 10850 3525 
n 0.88 0.53 0.61 0.47 0.34 13225 3500 
n 0.53 0.73 0.38 0.45 0.63 13225 3125 
n 0.34 0.45 0.85 0.25 0.67 8275 3000 
n 0.88 0.16 0.3 0.13 0.31 8125 3000 
n 0.19 0.4 0.25 0.65 0.67 7900 3200 
n 0.54 0.31 0.13 0.61 0.39 4975 3000 
n 0.64 0.31 0.7 0.21 0.87 4975 3150 
n 0.76 0.68 0.17 0.85 0.56 4475 3000 
n 0.16 0.4 0.73 0.71 0.75 4475 3150 
n 0.33 0.85 0.74 0.55 0.31 4225 3125 
n 0.18 0.63 0.79 0.58 0.16 4675 2700 
n 0.86 0.5 0.7 0.86 0.63 13225 2925 
n 0.8 0.67 0.66 0.83 0.59 13225 2525 
n 0.54 0.44 0.36 0.47 0.42 4675 2550 
n 0.25 0.53 0.5 0.28 0.78 13225 2325 
n 0.46 0.9 0.17 0.49 0.46 4675 1825 
n 0.29 0.83 0.45 0.66 0.24 4675 1975 
n 0.35 0.49 0.87 0.38 0.12 1975 4025 
n 0.34 0.37 0.46 0.18 0.86 2075 5675 
n 0.22 0.48 0.7 0.72 0.6 1975 5575 
n 0.6 0.27 0.81 0.22 0.45 1875 5475 
n 0.28 0.39 0.63 0.34 0.6 1775 5375 
n 0.61 0.81 0.41 0.89 0.14 2075 6475 
