t 195 10 3
n 0.84 0.58 0.41 3 12 
n 0.56 0.5 0.41 17 12 
n 0.88 0.56 0.21 23 9 
n 0.5 0.48 0.39 34 11 
n 0.69 0.67 0.2 47 11 
n 0.84 0.63 0.86 54 12 
n 0.69 0.8 0.64 66 16 
n 0.8 0.77 0.21 75 7 
n 0.87 0.72 0.12 86 6 
n 0.64 0.82 0.18 94 8 
n 0.58 0.57 0.11 107 9 
n 0.33 0.59 0.23 115 14 
n 0.8 0.21 0.69 123 15 
n 0.82 0.31 0.79 3 32 
n 0.75 0.5 0.4 15 32 
n 0.19 0.88 0.26 26 34 
n 0.41 0.53 0.15 33 34 
n 0.53 0.27 0.48 42 34 
n 0.63 0.38 0.63 53 25 
n 0.19 0.68 0.57 64 32 
n 0.41 0.36 0.8 74 32 
n 0.49 0.52 0.4 85 34 
n 0.62 0.73 0.81 95 28 
n 0.61 0.33 0.26 104 25 
n 0.19 0.8 0.61 113 31 
n 0.29 0.68 0.85 125 34 
n 0.34 0.59 0.83 3 48 
n 0.14 0.46 0.82 15 46 
n 0.59 0.46 0.35 26 50 
n 0.41 0.74 0.56 36 54 
n 0.42 0.32 0.48 48 50 
n 0.85 0.8 0.89 54 46 
n 0.61 0.89 0.62 64 54 
n 0.54 0.78 0.32 75 44 
n 0.82 0.3 0.83 88 49 
n 0.87 0.34 0.76 98 50 
n 0.48 0.6 0.23 103 54 
n 0.31 0.17 0.73 115 47 
n 0.34 0.83 0.18 127 49 
n 0.19 0.3 0.41 6 75 
n 0.47 0.26 0.72 15 75 
n 0.86 0.3 0.49 27 73 
n 0.3 0.37 0.55 36 73 
n 0.67 0.36 0.83 47 68 
n 0.11 0.19 0.31 54 72 
n 0.67 0.72 0.14 66 68 
n 0.27 0.17 0.2 74 67 
n 0.17 0.38 0.37 85 65 
n 0.42 0.27 0.67 94 74 
n 0.57 0.53 0.85 107 65 
n 0.89 0.72 0.74 117 65 
n 0.85 0.32 0.84 125 68 
n 0.51 0.9 0.3 6 84 
n 0.73 0.76 0.17 13 95 
n 0.87 0.36 0.59 25 94 
n 0.89 0.7 0.76 37 84 
n 0.32 0.29 0.58 47 87 
n 0.82 0.47 0.74 53 95 
n 0.17 0.75 0.88 63 86 
n 0.73 0.9 0.64 77 93 
n 0.49 0.89 0.27 83 89 
n 0.34 0.44 0.41 94 95 
n 0.75 0.82 0.34 103 92 
n 0.38 0.31 0.2 115 95 
n 0.52 0.35 0.4 123 93 
n 0.28 0.66 0.19 7 114 
n 0.76 0.56 0.77 15 111 
n 0.63 0.86 0.12 24 112 
n 0.58 0.86 0.27 36 108 
n 0.22 0.8 0.25 43 112 
n 0.3 0.14 0.26 56 105 
n 0.57 0.48 0.69 64 112 
n 0.19 0.62 0.17 73 112 
n 0.26 0.39 0.56 86 107 
n 0.52 0.85 0.42 98 108 
n 0.16 0.77 0.53 104 113 
n 0.62 0.58 0.79 117 115 
n 0.56 0.18 0.56 126 109 
n 0.62 0.22 0.85 6 127 
n 0.25 0.63 0.11 17 125 
n 0.29 0.31 0.45 27 134 
n 0.34 0.18 0.46 35 126 
n 0.83 0.31 0.23 44 131 
n 0.42 0.65 0.83 54 132 
n 0.4 0.24 0.71 63 124 
n 0.14 0.82 0.68 77 127 
n 0.4 0.53 0.44 82 134 
n 0.75 0.11 0.54 96 128 
n 0.5 0.36 0.88 103 126 
n 0.55 0.85 0.66 116 130 
n 0.32 0.78 0.15 126 134 
n 0.28 0.43 0.74 7 152 
n 0.33 0.86 0.43 16 147 
n 0.71 0.25 0.82 24 153 
n 0.29 0.79 0.29 35 151 
n 0.12 0.84 0.29 45 154 
n 0.87 0.33 0.27 55 146 
n 0.83 0.84 0.11 63 155 
n 0.42 0.66 0.66 75 151 
n 0.86 0.64 0.71 87 154 
n 0.31 0.69 0.28 93 156 
n 0.65 0.27 0.78 104 151 
n 0.7 0.7 0.35 117 153 
n 0.7 0.6 0.11 127 148 
n 0.41 0.12 0.1 3 164 
n 0.29 0.77 0.8 16 172 
n 0.65 0.66 0.54 25 165 
n 0.34 0.71 0.52 35 175 
n 0.72 0.15 0.54 44 169 
n 0.27 0.13 0.43 53 174 
n 0.11 0.16 0.5 64 168 
n 0.76 0.1 0.89 76 171 
n 0.23 0.17 0.3 87 173 
n 0.11 0.79 0.47 95 174 
n 0.27 0.5 0.59 106 168 
n 0.72 0.17 0.48 114 169 
n 0.87 0.43 0.18 125 169 
n 0.63 0.48 0.89 3 190 
n 0.41 0.42 0.82 16 188 
n 0.89 0.73 0.81 25 195 
n 0.26 0.74 0.67 37 186 
n 0.75 0.59 0.56 44 189 
n 0.78 0.13 0.45 54 194 
n 0.88 0.82 0.6 66 192 
n 0.87 0.15 0.41 77 192 
n 0.69 0.76 0.68 85 188 
n 0.33 0.63 0.72 93 185 
n 0.54 0.14 0.61 106 192 
n 0.9 0.11 0.25 113 193 
n 0.58 0.1 0.6 125 195 
n 0.28 0.55 0.37 5 207 
n 0.52 0.42 0.67 15 213 
n 0.16 0.21 0.41 24 209 
n 0.86 0.75 0.27 33 214 
n 0.73 0.56 0.81 43 206 
n 0.24 0.57 0.41 53 211 
n 0.53 0.49 0.34 64 213 
n 0.69 0.55 0.53 74 212 
n 0.35 0.5 0.11 84 212 
n 0.81 0.54 0.62 94 209 
n 0.5 0.25 0.25 104 215 
n 0.87 0.21 0.7 115 206 
n 0.32 0.41 0.12 127 209 
n 0.71 0.82 0.7 6 229 
n 0.55 0.18 0.49 13 227 
n 0.39 0.57 0.87 26 235 
n 0.1 0.73 0.51 34 225 
n 0.9 0.6 0.22 43 227 
n 0.83 0.56 0.31 55 225 
n 0.59 0.55 0.84 67 229 
n 0.7 0.46 0.16 75 234 
n 0.12 0.24 0.73 87 230 
n 0.85 0.85 0.44 95 235 
n 0.45 0.18 0.73 105 228 
n 0.2 0.76 0.47 117 225 
n 0.7 0.8 0.83 127 230 
n 0.35 0.5 0.78 6 249 
n 0.5 0.6 0.39 15 246 
n 0.26 0.38 0.66 26 255 
n 0.44 0.55 0.38 33 246 
n 0.81 0.85 0.77 47 248 
n 0.74 0.18 0.82 58 252 
n 0.88 0.87 0.87 65 248 
n 0.51 0.48 0.54 73 247 
n 0.29 0.47 0.87 87 249 
n 0.19 0.71 0.23 94 245 
n 0.15 0.61 0.62 104 256 
n 0.68 0.79 0.35 113 246 
n 0.82 0.72 0.71 125 253 
n 0.42 0.46 0.33 5 266 
n 0.61 0.21 0.64 16 274 
n 0.66 0.52 0.77 24 267 
n 0.31 0.48 0.43 37 266 
n 0.51 0.72 0.32 45 267 
n 0.84 0.85 0.88 54 266 
n 0.38 0.29 0.27 67 267 
n 0.73 0.61 0.41 74 265 
n 0.62 0.59 0.77 87 264 
n 0.41 0.54 0.24 95 271 
n 0.71 0.19 0.84 106 264 
n 0.27 0.18 0.77 116 271 
n 0.19 0.52 0.4 127 273 
n 0.46 0.3 0.56 7 287 
n 0.14 0.58 0.11 17 294 
n 0.51 0.8 0.19 23 287 
n 0.39 0.57 0.7 33 284 
n 0.62 0.45 0.45 43 288 
n 0.44 0.66 0.68 53 295 
n 0.7 0.37 0.53 67 288 
n 0.49 0.48 0.34 73 286 
n 0.49 0.86 0.38 87 293 
n 0.11 0.8 0.41 94 284 
n 0.86 0.76 0.49 104 291 
n 0.21 0.24 0.6 114 294 
n 0.16 0.33 0.16 127 290 
