t 195 5 5
n 0.38 0.39 0.89 0.32 0.4 3 12 
n 0.19 0.28 0.86 0.18 0.2 17 12 
n 0.8 0.64 0.81 0.73 0.27 23 9 
n 0.21 0.84 0.45 0.64 0.88 34 11 
n 0.61 0.73 0.55 0.23 0.23 47 11 
n 0.41 0.19 0.86 0.26 0.43 54 12 
n 0.18 0.6 0.16 0.61 0.14 66 16 
n 0.77 0.57 0.63 0.37 0.17 75 7 
n 0.46 0.19 0.23 0.83 0.67 86 6 
n 0.85 0.71 0.46 0.39 0.67 94 8 
n 0.79 0.67 0.18 0.42 0.66 107 9 
n 0.57 0.76 0.14 0.36 0.32 115 14 
n 0.85 0.75 0.35 0.33 0.89 123 15 
n 0.46 0.62 0.81 0.89 0.72 3 32 
n 0.11 0.89 0.22 0.34 0.73 15 32 
n 0.19 0.79 0.11 0.76 0.6 26 34 
n 0.52 0.56 0.51 0.8 0.13 33 34 
n 0.56 0.19 0.62 0.81 0.74 42 34 
n 0.35 0.29 0.62 0.75 0.71 53 25 
n 0.88 0.86 0.69 0.75 0.4 64 32 
n 0.65 0.58 0.79 0.62 0.71 74 32 
n 0.45 0.87 0.21 0.42 0.28 85 34 
n 0.45 0.54 0.26 0.37 0.52 95 28 
n 0.2 0.71 0.72 0.5 0.32 104 25 
n 0.76 0.7 0.55 0.77 0.62 113 31 
n 0.34 0.63 0.5 0.11 0.31 125 34 
n 0.44 0.14 0.41 0.41 0.35 3 48 
n 0.84 0.28 0.61 0.34 0.55 15 46 
n 0.65 0.7 0.9 0.55 0.42 26 50 
n 0.22 0.6 0.64 0.68 0.41 36 54 
n 0.66 0.27 0.22 0.74 0.34 48 50 
n 0.32 0.22 0.38 0.56 0.82 54 46 
n 0.41 0.72 0.87 0.1 0.21 64 54 
n 0.87 0.33 0.28 0.29 0.39 75 44 
n 0.25 0.53 0.16 0.83 0.16 88 49 
n 0.53 0.68 0.28 0.63 0.26 98 50 
n 0.34 0.56 0.47 0.15 0.56 103 54 
n 0.6 0.6 0.73 0.74 0.71 115 47 
n 0.76 0.69 0.26 0.18 0.63 127 49 
n 0.41 0.7 0.19 0.83 0.76 6 75 
n 0.39 0.7 0.21 0.73 0.47 15 75 
n 0.1 0.87 0.5 0.85 0.83 27 73 
n 0.37 0.54 0.78 0.78 0.37 36 73 
n 0.69 0.85 0.11 0.44 0.6 47 68 
n 0.74 0.56 0.2 0.51 0.42 54 72 
n 0.6 0.71 0.34 0.5 0.82 66 68 
n 0.51 0.29 0.17 0.58 0.86 74 67 
n 0.83 0.87 0.51 0.19 0.3 85 65 
n 0.42 0.14 0.18 0.84 0.76 94 74 
n 0.29 0.75 0.68 0.61 0.41 107 65 
n 0.72 0.66 0.21 0.46 0.3 117 65 
n 0.31 0.2 0.22 0.27 0.4 125 68 
n 0.41 0.25 0.42 0.53 0.23 6 84 
n 0.81 0.66 0.44 0.79 0.82 13 95 
n 0.11 0.42 0.23 0.7 0.51 25 94 
n 0.19 0.52 0.41 0.14 0.43 37 84 
n 0.48 0.19 0.76 0.31 0.51 47 87 
n 0.6 0.47 0.47 0.11 0.11 53 95 
n 0.14 0.23 0.73 0.61 0.18 63 86 
n 0.72 0.17 0.32 0.16 0.34 77 93 
n 0.85 0.88 0.31 0.62 0.55 83 89 
n 0.46 0.82 0.23 0.18 0.41 94 95 
n 0.88 0.32 0.52 0.41 0.59 103 92 
n 0.61 0.7 0.65 0.37 0.11 115 95 
n 0.28 0.57 0.76 0.87 0.23 123 93 
n 0.72 0.69 0.51 0.78 0.57 7 114 
n 0.83 0.16 0.81 0.54 0.51 15 111 
n 0.87 0.86 0.78 0.59 0.15 24 112 
n 0.4 0.26 0.38 0.74 0.68 36 108 
n 0.56 0.78 0.61 0.5 0.68 43 112 
n 0.64 0.72 0.86 0.26 0.14 56 105 
n 0.73 0.25 0.12 0.54 0.15 64 112 
n 0.13 0.42 0.15 0.89 0.59 73 112 
n 0.37 0.59 0.78 0.14 0.42 86 107 
n 0.38 0.12 0.3 0.72 0.74 98 108 
n 0.65 0.12 0.21 0.12 0.88 104 113 
n 0.32 0.73 0.17 0.7 0.84 117 115 
n 0.34 0.69 0.22 0.64 0.63 126 109 
n 0.55 0.22 0.56 0.85 0.76 6 127 
n 0.29 0.71 0.47 0.19 0.9 17 125 
n 0.43 0.13 0.21 0.64 0.51 27 134 
n 0.69 0.58 0.83 0.86 0.15 35 126 
n 0.63 0.53 0.57 0.5 0.37 44 131 
n 0.9 0.74 0.1 0.74 0.77 54 132 
n 0.68 0.23 0.34 0.63 0.79 63 124 
n 0.71 0.32 0.18 0.39 0.35 77 127 
n 0.31 0.78 0.19 0.81 0.12 82 134 
n 0.86 0.37 0.73 0.81 0.55 96 128 
n 0.25 0.4 0.65 0.75 0.79 103 126 
n 0.67 0.48 0.18 0.36 0.65 116 130 
n 0.25 0.44 0.12 0.85 0.8 126 134 
n 0.89 0.87 0.78 0.23 0.37 7 152 
n 0.47 0.32 0.82 0.59 0.88 16 147 
n 0.43 0.57 0.12 0.83 0.68 24 153 
n 0.74 0.43 0.43 0.38 0.36 35 151 
n 0.31 0.31 0.39 0.54 0.57 45 154 
n 0.4 0.14 0.83 0.73 0.43 55 146 
n 0.3 0.71 0.14 0.76 0.65 63 155 
n 0.54 0.71 0.5 0.82 0.75 75 151 
n 0.82 0.32 0.58 0.41 0.43 87 154 
n 0.65 0.69 0.72 0.45 0.7 93 156 
n 0.16 0.15 0.46 0.23 0.65 104 151 
n 0.4 0.33 0.32 0.65 0.63 117 153 
n 0.64 0.1 0.19 0.67 0.16 127 148 
n 0.49 0.32 0.65 0.51 0.27 3 164 
n 0.23 0.2 0.14 0.82 0.21 16 172 
n 0.22 0.53 0.31 0.52 0.55 25 165 
n 0.87 0.29 0.77 0.12 0.55 35 175 
n 0.52 0.71 0.14 0.68 0.6 44 169 
n 0.37 0.66 0.13 0.56 0.24 53 174 
n 0.45 0.55 0.14 0.5 0.38 64 168 
n 0.11 0.32 0.38 0.23 0.26 76 171 
n 0.2 0.32 0.59 0.84 0.6 87 173 
n 0.63 0.38 0.55 0.48 0.83 95 174 
n 0.78 0.19 0.71 0.7 0.43 106 168 
n 0.55 0.31 0.71 0.55 0.75 114 169 
n 0.52 0.53 0.83 0.49 0.38 125 169 
n 0.55 0.29 0.17 0.55 0.75 3 190 
n 0.38 0.13 0.62 0.13 0.83 16 188 
n 0.79 0.42 0.78 0.2 0.22 25 195 
n 0.73 0.62 0.67 0.8 0.37 37 186 
n 0.23 0.83 0.8 0.44 0.32 44 189 
n 0.51 0.47 0.72 0.28 0.76 54 194 
n 0.17 0.31 0.68 0.63 0.7 66 192 
n 0.81 0.36 0.49 0.62 0.77 77 192 
n 0.3 0.1 0.64 0.7 0.15 85 188 
n 0.6 0.33 0.87 0.44 0.35 93 185 
n 0.23 0.74 0.51 0.22 0.56 106 192 
n 0.41 0.13 0.16 0.75 0.17 113 193 
n 0.37 0.14 0.63 0.42 0.23 125 195 
n 0.44 0.5 0.31 0.27 0.24 5 207 
n 0.23 0.55 0.73 0.15 0.15 15 213 
n 0.74 0.11 0.77 0.53 0.29 24 209 
n 0.69 0.82 0.72 0.51 0.49 33 214 
n 0.23 0.74 0.79 0.46 0.86 43 206 
n 0.33 0.33 0.56 0.57 0.9 53 211 
n 0.13 0.25 0.19 0.54 0.31 64 213 
n 0.31 0.89 0.3 0.73 0.54 74 212 
n 0.12 0.56 0.18 0.12 0.67 84 212 
n 0.22 0.32 0.27 0.67 0.86 94 209 
n 0.66 0.46 0.8 0.68 0.68 104 215 
n 0.43 0.72 0.69 0.5 0.78 115 206 
n 0.47 0.75 0.65 0.43 0.67 127 209 
n 0.33 0.12 0.63 0.66 0.67 6 229 
n 0.29 0.56 0.57 0.16 0.81 13 227 
n 0.58 0.44 0.16 0.31 0.34 26 235 
n 0.74 0.22 0.59 0.16 0.35 34 225 
n 0.76 0.53 0.61 0.42 0.42 43 227 
n 0.34 0.21 0.69 0.83 0.31 55 225 
n 0.62 0.48 0.84 0.28 0.16 67 229 
n 0.62 0.45 0.13 0.83 0.53 75 234 
n 0.21 0.18 0.3 0.11 0.75 87 230 
n 0.81 0.61 0.9 0.27 0.87 95 235 
n 0.33 0.7 0.88 0.84 0.39 105 228 
n 0.22 0.23 0.58 0.83 0.85 117 225 
n 0.84 0.46 0.51 0.27 0.66 127 230 
n 0.14 0.44 0.81 0.79 0.57 6 249 
n 0.39 0.72 0.38 0.49 0.46 15 246 
n 0.25 0.63 0.41 0.76 0.8 26 255 
n 0.4 0.56 0.79 0.75 0.75 33 246 
n 0.69 0.56 0.51 0.56 0.77 47 248 
n 0.31 0.32 0.67 0.66 0.72 58 252 
n 0.61 0.77 0.41 0.25 0.47 65 248 
n 0.42 0.8 0.75 0.55 0.39 73 247 
n 0.14 0.36 0.21 0.35 0.46 87 249 
n 0.53 0.14 0.51 0.78 0.22 94 245 
n 0.44 0.31 0.36 0.42 0.57 104 256 
n 0.86 0.14 0.6 0.74 0.6 113 246 
n 0.62 0.13 0.89 0.74 0.5 125 253 
n 0.32 0.16 0.49 0.82 0.74 5 266 
n 0.77 0.86 0.36 0.67 0.28 16 274 
n 0.61 0.25 0.58 0.63 0.43 24 267 
n 0.48 0.76 0.66 0.34 0.59 37 266 
n 0.47 0.4 0.22 0.72 0.22 45 267 
n 0.21 0.29 0.34 0.57 0.59 54 266 
n 0.19 0.41 0.26 0.81 0.33 67 267 
n 0.71 0.47 0.45 0.72 0.85 74 265 
n 0.63 0.83 0.84 0.65 0.77 87 264 
n 0.15 0.31 0.76 0.85 0.14 95 271 
n 0.36 0.22 0.77 0.25 0.46 106 264 
n 0.53 0.17 0.13 0.16 0.29 116 271 
n 0.86 0.32 0.25 0.58 0.34 127 273 
n 0.17 0.18 0.12 0.62 0.68 7 287 
n 0.22 0.83 0.13 0.83 0.75 17 294 
n 0.28 0.46 0.59 0.6 0.75 23 287 
n 0.52 0.38 0.56 0.37 0.74 33 284 
n 0.11 0.8 0.4 0.76 0.26 43 288 
n 0.17 0.49 0.89 0.8 0.34 53 295 
n 0.37 0.62 0.14 0.25 0.34 67 288 
n 0.13 0.24 0.12 0.87 0.18 73 286 
n 0.51 0.43 0.43 0.29 0.48 87 293 
n 0.31 0.83 0.87 0.8 0.15 94 284 
n 0.29 0.24 0.68 0.23 0.86 104 291 
n 0.28 0.59 0.85 0.84 0.87 114 294 
n 0.59 0.37 0.13 0.47 0.55 127 290 
