t 195 15 4
n 0.23 0.68 0.72 0.89 3 12 
n 0.5 0.34 0.73 0.32 17 12 
n 0.12 0.72 0.83 0.3 23 9 
n 0.9 0.14 0.16 0.76 34 11 
n 0.86 0.46 0.28 0.21 47 11 
n 0.88 0.71 0.72 0.62 54 12 
n 0.65 0.52 0.21 0.16 66 16 
n 0.27 0.69 0.2 0.7 75 7 
n 0.85 0.58 0.18 0.15 86 6 
n 0.27 0.64 0.31 0.16 94 8 
n 0.65 0.23 0.82 0.42 107 9 
n 0.13 0.83 0.13 0.37 115 14 
n 0.36 0.47 0.5 0.3 123 15 
n 0.39 0.45 0.5 0.3 3 32 
n 0.71 0.13 0.83 0.41 15 32 
n 0.65 0.72 0.78 0.29 26 34 
n 0.63 0.85 0.52 0.51 33 34 
n 0.74 0.24 0.49 0.4 42 34 
n 0.73 0.16 0.76 0.1 53 25 
n 0.86 0.47 0.34 0.49 64 32 
n 0.49 0.53 0.33 0.55 74 32 
n 0.23 0.42 0.11 0.67 85 34 
n 0.41 0.35 0.58 0.12 95 28 
n 0.22 0.5 0.14 0.26 104 25 
n 0.31 0.25 0.68 0.2 113 31 
n 0.64 0.44 0.44 0.11 125 34 
n 0.44 0.76 0.44 0.21 3 48 
n 0.21 0.19 0.66 0.7 15 46 
n 0.42 0.67 0.22 0.78 26 50 
n 0.5 0.87 0.22 0.57 36 54 
n 0.62 0.4 0.51 0.59 48 50 
n 0.11 0.8 0.87 0.49 54 46 
n 0.69 0.76 0.28 0.28 64 54 
n 0.61 0.39 0.64 0.56 75 44 
n 0.89 0.4 0.62 0.13 88 49 
n 0.29 0.52 0.59 0.65 98 50 
n 0.26 0.52 0.63 0.42 103 54 
n 0.87 0.36 0.64 0.39 115 47 
n 0.11 0.54 0.55 0.66 127 49 
n 0.52 0.33 0.72 0.29 6 75 
n 0.8 0.64 0.42 0.45 15 75 
n 0.46 0.16 0.31 0.86 27 73 
n 0.36 0.52 0.4 0.15 36 73 
n 0.87 0.58 0.31 0.13 47 68 
n 0.52 0.72 0.25 0.78 54 72 
n 0.85 0.84 0.72 0.58 66 68 
n 0.14 0.59 0.41 0.46 74 67 
n 0.66 0.42 0.61 0.24 85 65 
n 0.87 0.74 0.77 0.71 94 74 
n 0.68 0.86 0.74 0.25 107 65 
n 0.6 0.84 0.39 0.31 117 65 
n 0.78 0.16 0.16 0.24 125 68 
n 0.58 0.34 0.23 0.71 6 84 
n 0.27 0.1 0.39 0.81 13 95 
n 0.28 0.29 0.64 0.33 25 94 
n 0.39 0.86 0.59 0.86 37 84 
n 0.65 0.84 0.69 0.33 47 87 
n 0.88 0.14 0.59 0.47 53 95 
n 0.78 0.75 0.68 0.42 63 86 
n 0.21 0.43 0.69 0.51 77 93 
n 0.75 0.22 0.15 0.43 83 89 
n 0.32 0.76 0.44 0.72 94 95 
n 0.73 0.29 0.21 0.81 103 92 
n 0.32 0.47 0.83 0.14 115 95 
n 0.68 0.9 0.21 0.2 123 93 
n 0.69 0.2 0.85 0.78 7 114 
n 0.62 0.59 0.55 0.14 15 111 
n 0.37 0.55 0.56 0.58 24 112 
n 0.65 0.4 0.43 0.73 36 108 
n 0.62 0.13 0.8 0.58 43 112 
n 0.76 0.58 0.58 0.73 56 105 
n 0.57 0.73 0.25 0.74 64 112 
n 0.17 0.47 0.42 0.55 73 112 
n 0.53 0.84 0.42 0.59 86 107 
n 0.84 0.32 0.72 0.9 98 108 
n 0.39 0.54 0.17 0.2 104 113 
n 0.31 0.56 0.7 0.77 117 115 
n 0.59 0.21 0.78 0.76 126 109 
n 0.21 0.19 0.77 0.71 6 127 
n 0.39 0.78 0.53 0.53 17 125 
n 0.3 0.13 0.37 0.17 27 134 
n 0.4 0.62 0.71 0.33 35 126 
n 0.74 0.3 0.12 0.15 44 131 
n 0.72 0.44 0.56 0.76 54 132 
n 0.7 0.68 0.52 0.37 63 124 
n 0.6 0.61 0.17 0.36 77 127 
n 0.26 0.4 0.57 0.74 82 134 
n 0.62 0.85 0.42 0.33 96 128 
n 0.65 0.28 0.44 0.1 103 126 
n 0.26 0.59 0.28 0.26 116 130 
n 0.26 0.26 0.45 0.8 126 134 
n 0.63 0.84 0.75 0.44 7 152 
n 0.3 0.89 0.43 0.36 16 147 
n 0.13 0.88 0.8 0.31 24 153 
n 0.76 0.66 0.38 0.71 35 151 
n 0.35 0.2 0.41 0.26 45 154 
n 0.56 0.83 0.72 0.69 55 146 
n 0.55 0.79 0.59 0.51 63 155 
n 0.23 0.45 0.81 0.86 75 151 
n 0.42 0.72 0.87 0.41 87 154 
n 0.69 0.51 0.23 0.41 93 156 
n 0.17 0.71 0.37 0.24 104 151 
n 0.54 0.58 0.36 0.12 117 153 
n 0.27 0.17 0.76 0.12 127 148 
n 0.3 0.68 0.11 0.5 3 164 
n 0.72 0.53 0.33 0.8 16 172 
n 0.83 0.46 0.66 0.32 25 165 
n 0.75 0.45 0.67 0.81 35 175 
n 0.13 0.41 0.5 0.38 44 169 
n 0.16 0.65 0.58 0.24 53 174 
n 0.38 0.79 0.16 0.4 64 168 
n 0.83 0.84 0.43 0.72 76 171 
n 0.18 0.26 0.54 0.75 87 173 
n 0.24 0.37 0.14 0.27 95 174 
n 0.7 0.19 0.79 0.82 106 168 
n 0.18 0.89 0.34 0.8 114 169 
n 0.84 0.31 0.69 0.85 125 169 
n 0.6 0.63 0.84 0.87 3 190 
n 0.23 0.44 0.56 0.74 16 188 
n 0.44 0.17 0.54 0.13 25 195 
n 0.32 0.11 0.3 0.15 37 186 
n 0.65 0.32 0.48 0.55 44 189 
n 0.8 0.79 0.78 0.6 54 194 
n 0.77 0.62 0.39 0.54 66 192 
n 0.22 0.1 0.37 0.72 77 192 
n 0.87 0.61 0.55 0.33 85 188 
n 0.46 0.28 0.76 0.35 93 185 
n 0.76 0.4 0.62 0.38 106 192 
n 0.83 0.61 0.21 0.38 113 193 
n 0.58 0.76 0.62 0.71 125 195 
n 0.88 0.39 0.78 0.33 5 207 
n 0.71 0.55 0.51 0.48 15 213 
n 0.52 0.25 0.88 0.62 24 209 
n 0.75 0.71 0.84 0.19 33 214 
n 0.4 0.85 0.34 0.4 43 206 
n 0.24 0.89 0.22 0.88 53 211 
n 0.43 0.27 0.23 0.38 64 213 
n 0.32 0.87 0.82 0.35 74 212 
n 0.62 0.18 0.52 0.67 84 212 
n 0.43 0.11 0.24 0.65 94 209 
n 0.15 0.21 0.16 0.56 104 215 
n 0.33 0.8 0.83 0.42 115 206 
n 0.72 0.8 0.16 0.74 127 209 
n 0.32 0.47 0.29 0.53 6 229 
n 0.52 0.83 0.3 0.77 13 227 
n 0.66 0.36 0.14 0.79 26 235 
n 0.6 0.49 0.44 0.26 34 225 
n 0.5 0.59 0.86 0.34 43 227 
n 0.45 0.79 0.65 0.77 55 225 
n 0.31 0.59 0.37 0.71 67 229 
n 0.25 0.21 0.17 0.52 75 234 
n 0.25 0.15 0.19 0.1 87 230 
n 0.57 0.87 0.54 0.56 95 235 
n 0.62 0.18 0.23 0.83 105 228 
n 0.17 0.73 0.41 0.88 117 225 
n 0.34 0.22 0.84 0.22 127 230 
n 0.23 0.15 0.64 0.24 6 249 
n 0.74 0.79 0.31 0.13 15 246 
n 0.53 0.48 0.81 0.23 26 255 
n 0.3 0.23 0.74 0.52 33 246 
n 0.81 0.62 0.33 0.2 47 248 
n 0.47 0.69 0.6 0.22 58 252 
n 0.45 0.4 0.26 0.23 65 248 
n 0.5 0.2 0.85 0.67 73 247 
n 0.72 0.84 0.81 0.44 87 249 
n 0.86 0.53 0.15 0.18 94 245 
n 0.62 0.61 0.32 0.25 104 256 
n 0.55 0.57 0.32 0.84 113 246 
n 0.79 0.24 0.82 0.23 125 253 
n 0.1 0.19 0.9 0.55 5 266 
n 0.51 0.24 0.56 0.77 16 274 
n 0.65 0.2 0.67 0.56 24 267 
n 0.53 0.76 0.49 0.44 37 266 
n 0.67 0.79 0.3 0.19 45 267 
n 0.72 0.31 0.58 0.73 54 266 
n 0.19 0.86 0.4 0.14 67 267 
n 0.86 0.26 0.13 0.25 74 265 
n 0.69 0.49 0.49 0.67 87 264 
n 0.24 0.34 0.63 0.77 95 271 
n 0.57 0.4 0.72 0.42 106 264 
n 0.89 0.85 0.4 0.11 116 271 
n 0.58 0.8 0.77 0.18 127 273 
n 0.19 0.39 0.68 0.26 7 287 
n 0.13 0.48 0.59 0.42 17 294 
n 0.4 0.7 0.79 0.52 23 287 
n 0.32 0.74 0.65 0.26 33 284 
n 0.64 0.22 0.41 0.3 43 288 
n 0.13 0.27 0.65 0.64 53 295 
n 0.61 0.42 0.33 0.17 67 288 
n 0.38 0.27 0.57 0.36 73 286 
n 0.51 0.43 0.26 0.24 87 293 
n 0.76 0.78 0.63 0.11 94 284 
n 0.28 0.15 0.29 0.48 104 291 
n 0.46 0.78 0.79 0.72 114 294 
n 0.11 0.23 0.43 0.88 127 290 
