t 100 20 3
n 0.44 0.44 0.5 144 863 
n 0.88 0.68 0.84 882 1 
n 0.15 0.45 0.66 545 735 
n 0.13 0.49 0.28 503 876 
n 0.65 0.9 0.51 205 345 
n 0.55 0.51 0.32 702 577 
n 0.51 0.89 0.26 147 164 
n 0.65 0.81 0.85 135 808 
n 0.59 0.28 0.45 629 977 
n 0.66 0.3 0.34 675 731 
n 0.6 0.85 0.45 314 299 
n 0.3 0.14 0.63 446 982 
n 0.36 0.13 0.64 355 765 
n 0.41 0.78 0.58 398 976 
n 0.61 0.76 0.44 273 854 
n 0.21 0.66 0.34 666 312 
n 0.49 0.77 0.65 877 925 
n 0.15 0.8 0.6 134 950 
n 0.1 0.28 0.11 967 727 
n 0.52 0.46 0.56 659 889 
n 0.44 0.62 0.43 400 874 
n 0.22 0.84 0.82 118 312 
n 0.25 0.48 0.79 810 51 
n 0.46 0.77 0.83 16 114 
n 0.75 0.16 0.67 13 48 
n 0.58 0.88 0.41 650 940 
n 0.57 0.17 0.74 791 759 
n 0.17 0.6 0.31 907 613 
n 0.51 0.14 0.27 511 26 
n 0.52 0.37 0.73 32 431 
n 0.17 0.57 0.8 777 254 
n 0.82 0.84 0.15 532 907 
n 0.39 0.18 0.54 655 768 
n 0.36 0.46 0.6 186 207 
n 0.2 0.62 0.25 565 3 
n 0.38 0.68 0.17 411 438 
n 0.24 0.34 0.84 930 640 
n 0.39 0.39 0.89 941 890 
n 0.44 0.31 0.12 342 39 
n 0.78 0.76 0.26 163 95 
n 0.74 0.65 0.25 108 263 
n 0.18 0.66 0.74 83 131 
n 0.51 0.7 0.53 43 78 
n 0.39 0.27 0.55 554 100 
n 0.59 0.61 0.25 609 228 
n 0.7 0.41 0.71 890 761 
n 0.78 0.6 0.12 559 508 
n 0.87 0.26 0.69 14 508 
n 0.38 0.48 0.75 403 839 
n 0.28 0.36 0.48 886 764 
n 0.41 0.35 0.81 85 629 
n 0.49 0.22 0.78 487 259 
n 0.74 0.62 0.18 648 554 
n 0.87 0.55 0.73 968 824 
n 0.54 0.42 0.66 237 2 
n 0.75 0.72 0.32 880 738 
n 0.47 0.35 0.54 510 421 
n 0.9 0.17 0.55 936 304 
n 0.1 0.3 0.6 872 499 
n 0.56 0.39 0.36 143 841 
n 0.5 0.74 0.8 233 304 
n 0.15 0.73 0.83 200 938 
n 0.53 0.54 0.2 302 847 
n 0.78 0.84 0.58 366 566 
n 0.41 0.56 0.5 108 549 
n 0.41 0.88 0.56 803 345 
n 0.21 0.5 0.48 319 813 
n 0.39 0.69 0.67 3 702 
n 0.2 0.84 0.63 180 766 
n 0.86 0.69 0.8 978 969 
n 0.64 0.8 0.77 15 842 
n 0.21 0.87 0.72 923 954 
n 0.12 0.64 0.82 896 789 
n 0.18 0.58 0.57 668 906 
n 0.11 0.33 0.59 425 870 
n 0.23 0.8 0.21 866 370 
n 0.69 0.82 0.31 899 539 
n 0.79 0.75 0.5 622 878 
n 0.4 0.19 0.88 674 613 
n 0.26 0.41 0.53 89 492 
n 0.15 0.53 0.27 148 460 
n 0.48 0.63 0.38 428 905 
n 0.63 0.19 0.68 52 636 
n 0.57 0.41 0.36 826 232 
n 0.8 0.49 0.52 426 946 
n 0.4 0.62 0.73 316 853 
n 0.81 0.61 0.33 276 974 
n 0.26 0.19 0.8 835 248 
n 0.61 0.29 0.68 970 64 
n 0.85 0.34 0.59 124 644 
n 0.83 0.14 0.46 227 562 
n 0.82 0.59 0.46 809 791 
n 0.35 0.41 0.74 942 531 
n 0.56 0.42 0.32 706 456 
n 0.48 0.85 0.8 856 510 
n 0.89 0.61 0.89 352 1 
n 0.62 0.54 0.78 309 843 
n 0.32 0.82 0.3 751 395 
n 0.83 0.87 0.34 611 584 
n 0.76 0.48 0.6 484 116 
