t 100 5 4
n 0.23 0.31 0.17 0.73 144 863 
n 0.34 0.83 0.18 0.19 882 1 
n 0.3 0.41 0.47 0.26 545 735 
n 0.72 0.86 0.3 0.49 503 876 
n 0.3 0.37 0.55 0.67 205 345 
n 0.36 0.83 0.11 0.19 702 577 
n 0.31 0.67 0.72 0.14 147 164 
n 0.27 0.17 0.2 0.17 135 808 
n 0.38 0.37 0.42 0.27 629 977 
n 0.67 0.57 0.53 0.85 675 731 
n 0.89 0.72 0.74 0.85 314 299 
n 0.32 0.84 0.51 0.9 446 982 
n 0.3 0.73 0.76 0.17 355 765 
n 0.87 0.36 0.59 0.89 398 976 
n 0.7 0.76 0.32 0.29 273 854 
n 0.58 0.82 0.47 0.74 666 312 
n 0.17 0.75 0.88 0.73 877 925 
n 0.9 0.64 0.49 0.89 134 950 
n 0.27 0.34 0.44 0.41 967 727 
n 0.75 0.82 0.34 0.38 659 889 
n 0.31 0.2 0.52 0.35 400 874 
n 0.4 0.28 0.66 0.19 118 312 
n 0.76 0.56 0.77 0.63 810 51 
n 0.86 0.12 0.58 0.86 16 114 
n 0.27 0.22 0.8 0.25 13 48 
n 0.3 0.14 0.26 0.57 650 940 
n 0.48 0.69 0.19 0.62 791 759 
n 0.17 0.26 0.39 0.56 907 613 
n 0.52 0.85 0.42 0.16 511 26 
n 0.77 0.53 0.62 0.58 32 431 
n 0.79 0.56 0.18 0.56 777 254 
n 0.62 0.22 0.85 0.25 532 907 
n 0.63 0.11 0.29 0.31 655 768 
n 0.45 0.34 0.18 0.46 186 207 
n 0.83 0.31 0.23 0.42 565 3 
n 0.65 0.83 0.4 0.24 411 438 
n 0.71 0.14 0.82 0.68 930 640 
n 0.4 0.53 0.44 0.75 941 890 
n 0.11 0.54 0.5 0.36 342 39 
n 0.88 0.55 0.85 0.66 163 95 
n 0.32 0.78 0.15 0.28 108 263 
n 0.43 0.74 0.33 0.86 83 131 
n 0.43 0.71 0.25 0.82 43 78 
n 0.29 0.79 0.29 0.12 554 100 
n 0.84 0.29 0.87 0.33 609 228 
n 0.27 0.83 0.84 0.11 890 761 
n 0.42 0.66 0.66 0.86 559 508 
n 0.64 0.71 0.31 0.69 14 508 
n 0.28 0.65 0.27 0.78 403 839 
n 0.7 0.7 0.35 0.7 886 764 
n 0.6 0.11 0.41 0.12 85 629 
n 0.1 0.29 0.77 0.8 487 259 
n 0.65 0.66 0.54 0.34 648 554 
n 0.71 0.52 0.72 0.15 968 824 
n 0.54 0.27 0.13 0.43 237 2 
n 0.11 0.16 0.5 0.76 880 738 
n 0.1 0.89 0.23 0.17 510 421 
n 0.3 0.11 0.79 0.47 936 304 
n 0.27 0.5 0.59 0.72 872 499 
n 0.17 0.48 0.87 0.43 143 841 
n 0.18 0.63 0.48 0.89 233 304 
n 0.41 0.42 0.82 0.89 200 938 
n 0.73 0.81 0.26 0.74 302 847 
n 0.67 0.75 0.59 0.56 366 566 
n 0.78 0.13 0.45 0.88 108 549 
n 0.82 0.6 0.87 0.15 803 345 
n 0.41 0.69 0.76 0.68 319 813 
n 0.33 0.63 0.72 0.54 3 702 
n 0.14 0.61 0.9 0.11 180 766 
n 0.25 0.58 0.1 0.6 978 969 
n 0.28 0.55 0.37 0.52 15 842 
n 0.42 0.67 0.16 0.21 923 954 
n 0.41 0.86 0.75 0.27 896 789 
n 0.73 0.56 0.81 0.24 668 906 
n 0.57 0.41 0.53 0.49 425 870 
n 0.34 0.69 0.55 0.53 866 370 
n 0.35 0.5 0.11 0.81 899 539 
n 0.54 0.62 0.5 0.25 622 878 
n 0.25 0.87 0.21 0.7 674 613 
n 0.32 0.41 0.12 0.71 89 492 
n 0.82 0.7 0.55 0.18 148 460 
n 0.49 0.39 0.57 0.87 428 905 
n 0.1 0.73 0.51 0.9 52 636 
n 0.6 0.22 0.83 0.56 826 232 
n 0.31 0.59 0.55 0.84 426 946 
n 0.7 0.46 0.16 0.12 316 853 
n 0.24 0.73 0.85 0.85 276 974 
n 0.44 0.45 0.18 0.73 835 248 
n 0.2 0.76 0.47 0.7 970 64 
n 0.8 0.83 0.35 0.5 124 644 
n 0.78 0.5 0.6 0.39 227 562 
n 0.26 0.38 0.66 0.44 809 791 
n 0.55 0.38 0.81 0.85 942 531 
n 0.77 0.74 0.18 0.82 706 456 
n 0.88 0.87 0.87 0.51 856 510 
n 0.48 0.54 0.29 0.47 352 1 
n 0.87 0.19 0.71 0.23 309 843 
n 0.15 0.61 0.62 0.68 751 395 
n 0.79 0.35 0.82 0.72 611 584 
n 0.71 0.42 0.46 0.33 484 116 
