t 100 10 5
n 0.61 0.21 0.64 0.66 0.52 144 863 
n 0.77 0.31 0.48 0.43 0.51 882 1 
n 0.72 0.32 0.84 0.85 0.88 545 735 
n 0.38 0.29 0.27 0.73 0.61 503 876 
n 0.41 0.62 0.59 0.77 0.41 205 345 
n 0.54 0.24 0.71 0.19 0.84 702 577 
n 0.27 0.18 0.77 0.19 0.52 147 164 
n 0.4 0.46 0.3 0.56 0.14 135 808 
n 0.58 0.11 0.51 0.8 0.19 629 977 
n 0.39 0.57 0.7 0.62 0.45 675 731 
n 0.45 0.44 0.66 0.68 0.7 314 299 
n 0.37 0.53 0.49 0.48 0.34 446 982 
n 0.49 0.86 0.38 0.11 0.8 355 765 
n 0.41 0.86 0.76 0.49 0.21 398 976 
n 0.24 0.6 0.16 0.33 0.16 273 854 
n 0.23 0.68 0.72 0.89 0.5 666 312 
n 0.34 0.73 0.32 0.12 0.72 877 925 
n 0.83 0.3 0.9 0.14 0.16 134 950 
n 0.76 0.86 0.46 0.28 0.21 967 727 
n 0.88 0.71 0.72 0.62 0.65 659 889 
n 0.52 0.21 0.16 0.27 0.69 400 874 
n 0.2 0.7 0.85 0.58 0.18 118 312 
n 0.15 0.27 0.64 0.31 0.16 810 51 
n 0.65 0.23 0.82 0.42 0.13 16 114 
n 0.83 0.13 0.37 0.36 0.47 13 48 
n 0.5 0.3 0.39 0.45 0.5 650 940 
n 0.3 0.71 0.13 0.83 0.41 791 759 
n 0.65 0.72 0.78 0.29 0.63 907 613 
n 0.85 0.52 0.51 0.74 0.24 511 26 
n 0.49 0.4 0.73 0.16 0.76 32 431 
n 0.1 0.86 0.47 0.34 0.49 777 254 
n 0.49 0.53 0.33 0.55 0.23 532 907 
n 0.42 0.11 0.67 0.41 0.35 655 768 
n 0.58 0.12 0.22 0.5 0.14 186 207 
n 0.26 0.31 0.25 0.68 0.2 565 3 
n 0.64 0.44 0.44 0.11 0.44 411 438 
n 0.76 0.44 0.21 0.21 0.19 930 640 
n 0.66 0.7 0.42 0.67 0.22 941 890 
n 0.78 0.5 0.87 0.22 0.57 342 39 
n 0.62 0.4 0.51 0.59 0.11 163 95 
n 0.8 0.87 0.49 0.69 0.76 108 263 
n 0.28 0.28 0.61 0.39 0.64 83 131 
n 0.56 0.89 0.4 0.62 0.13 43 78 
n 0.29 0.52 0.59 0.65 0.26 554 100 
n 0.52 0.63 0.42 0.87 0.36 609 228 
n 0.64 0.39 0.11 0.54 0.55 890 761 
n 0.66 0.52 0.33 0.72 0.29 559 508 
n 0.8 0.64 0.42 0.45 0.46 14 508 
n 0.16 0.31 0.86 0.36 0.52 403 839 
n 0.4 0.15 0.87 0.58 0.31 886 764 
n 0.13 0.52 0.72 0.25 0.78 85 629 
n 0.85 0.84 0.72 0.58 0.14 487 259 
n 0.59 0.41 0.46 0.66 0.42 648 554 
n 0.61 0.24 0.87 0.74 0.77 968 824 
n 0.71 0.68 0.86 0.74 0.25 237 2 
n 0.6 0.84 0.39 0.31 0.78 880 738 
n 0.16 0.16 0.24 0.58 0.34 510 421 
n 0.23 0.71 0.27 0.1 0.39 936 304 
n 0.81 0.28 0.29 0.64 0.33 872 499 
n 0.39 0.86 0.59 0.86 0.65 143 841 
n 0.84 0.69 0.33 0.88 0.14 233 304 
n 0.59 0.47 0.78 0.75 0.68 200 938 
n 0.42 0.21 0.43 0.69 0.51 302 847 
n 0.75 0.22 0.15 0.43 0.32 366 566 
n 0.76 0.44 0.72 0.73 0.29 108 549 
n 0.21 0.81 0.32 0.47 0.83 803 345 
n 0.14 0.68 0.9 0.21 0.2 319 813 
n 0.69 0.2 0.85 0.78 0.62 3 702 
n 0.59 0.55 0.14 0.37 0.55 180 766 
n 0.56 0.58 0.65 0.4 0.43 978 969 
n 0.73 0.62 0.13 0.8 0.58 15 842 
n 0.76 0.58 0.58 0.73 0.57 923 954 
n 0.73 0.25 0.74 0.17 0.47 896 789 
n 0.42 0.55 0.53 0.84 0.42 668 906 
n 0.59 0.84 0.32 0.72 0.9 425 870 
n 0.39 0.54 0.17 0.2 0.31 866 370 
n 0.56 0.7 0.77 0.59 0.21 899 539 
n 0.78 0.76 0.21 0.19 0.77 622 878 
n 0.71 0.39 0.78 0.53 0.53 674 613 
n 0.3 0.13 0.37 0.17 0.4 89 492 
n 0.62 0.71 0.33 0.74 0.3 148 460 
n 0.12 0.15 0.72 0.44 0.56 428 905 
n 0.76 0.7 0.68 0.52 0.37 52 636 
n 0.6 0.61 0.17 0.36 0.26 826 232 
n 0.4 0.57 0.74 0.62 0.85 426 946 
n 0.42 0.33 0.65 0.28 0.44 316 853 
n 0.1 0.26 0.59 0.28 0.26 276 974 
n 0.26 0.26 0.45 0.8 0.63 835 248 
n 0.84 0.75 0.44 0.3 0.89 970 64 
n 0.43 0.36 0.13 0.88 0.8 124 644 
n 0.31 0.76 0.66 0.38 0.71 227 562 
n 0.35 0.2 0.41 0.26 0.56 809 791 
n 0.83 0.72 0.69 0.55 0.79 942 531 
n 0.59 0.51 0.23 0.45 0.81 706 456 
n 0.86 0.42 0.72 0.87 0.41 856 510 
n 0.69 0.51 0.23 0.41 0.17 352 1 
n 0.71 0.37 0.24 0.54 0.58 309 843 
n 0.36 0.12 0.27 0.17 0.76 751 395 
n 0.12 0.3 0.68 0.11 0.5 611 584 
n 0.72 0.53 0.33 0.8 0.83 484 116 
