t 400 15 3
n 0.34 0.69 0.55 436 588 
n 0.53 0.35 0.5 603 802 
n 0.11 0.81 0.54 862 954 
n 0.62 0.5 0.25 444 553 
n 0.25 0.87 0.21 796 797 
n 0.7 0.32 0.41 89 839 
n 0.12 0.71 0.82 234 851 
n 0.7 0.55 0.18 477 204 
n 0.49 0.39 0.57 406 602 
n 0.87 0.1 0.73 955 785 
n 0.51 0.9 0.6 593 969 
n 0.22 0.83 0.56 946 433 
n 0.31 0.59 0.55 83 601 
n 0.84 0.7 0.46 861 754 
n 0.16 0.12 0.24 248 699 
n 0.73 0.85 0.85 963 966 
n 0.44 0.45 0.18 126 537 
n 0.73 0.2 0.76 563 21 
n 0.47 0.7 0.8 55 619 
n 0.83 0.35 0.5 691 577 
n 0.78 0.5 0.6 237 707 
n 0.39 0.26 0.38 583 609 
n 0.66 0.44 0.55 404 942 
n 0.38 0.81 0.85 16 615 
n 0.77 0.74 0.18 20 63 
n 0.82 0.88 0.87 197 614 
n 0.87 0.51 0.48 913 429 
n 0.54 0.29 0.47 828 584 
n 0.87 0.19 0.71 50 41 
n 0.23 0.15 0.61 271 737 
n 0.62 0.68 0.79 979 717 
n 0.35 0.82 0.72 489 958 
n 0.71 0.42 0.46 817 281 
n 0.33 0.61 0.21 333 467 
n 0.64 0.66 0.52 278 946 
n 0.77 0.31 0.48 169 975 
n 0.43 0.51 0.72 806 538 
n 0.32 0.84 0.85 445 307 
n 0.88 0.38 0.29 307 553 
n 0.27 0.73 0.61 555 359 
n 0.41 0.62 0.59 156 179 
n 0.77 0.41 0.54 140 704 
n 0.24 0.71 0.19 963 443 
n 0.84 0.27 0.18 461 256 
n 0.77 0.19 0.52 386 488 
n 0.4 0.46 0.3 931 198 
n 0.56 0.14 0.58 280 896 
n 0.11 0.51 0.8 331 923 
n 0.19 0.39 0.57 34 890 
n 0.7 0.62 0.45 512 60 
n 0.45 0.44 0.66 233 328 
n 0.68 0.7 0.37 871 748 
n 0.53 0.49 0.48 126 27 
n 0.34 0.49 0.86 26 385 
n 0.38 0.11 0.8 551 318 
n 0.41 0.86 0.76 422 670 
n 0.49 0.21 0.24 699 642 
n 0.6 0.16 0.33 31 881 
n 0.16 0.23 0.68 487 988 
n 0.72 0.89 0.5 548 870 
n 0.34 0.73 0.32 764 228 
n 0.12 0.72 0.83 489 885 
n 0.3 0.9 0.14 909 483 
n 0.16 0.76 0.86 195 821 
n 0.46 0.28 0.21 172 112 
n 0.88 0.71 0.72 599 588 
n 0.62 0.65 0.52 133 508 
n 0.21 0.16 0.27 327 869 
n 0.69 0.2 0.7 268 788 
n 0.85 0.58 0.18 793 137 
n 0.15 0.27 0.64 157 187 
n 0.31 0.16 0.65 186 903 
n 0.23 0.82 0.42 746 819 
n 0.13 0.83 0.13 673 142 
n 0.37 0.36 0.47 795 497 
n 0.5 0.3 0.39 299 797 
n 0.45 0.5 0.3 92 378 
n 0.71 0.13 0.83 918 105 
n 0.41 0.65 0.72 370 275 
n 0.78 0.29 0.63 789 738 
n 0.85 0.52 0.51 800 159 
n 0.74 0.24 0.49 748 537 
n 0.4 0.73 0.16 487 89 
n 0.76 0.1 0.86 149 95 
n 0.47 0.34 0.49 232 10 
n 0.49 0.53 0.33 973 220 
n 0.55 0.23 0.42 41 260 
n 0.11 0.67 0.41 192 293 
n 0.35 0.58 0.12 24 510 
n 0.22 0.5 0.14 317 312 
n 0.26 0.31 0.25 495 163 
n 0.68 0.2 0.64 525 681 
n 0.44 0.44 0.11 836 883 
n 0.44 0.76 0.44 775 181 
n 0.21 0.21 0.19 109 27 
n 0.66 0.7 0.42 653 672 
n 0.67 0.22 0.78 628 197 
n 0.5 0.87 0.22 2 712 
n 0.57 0.62 0.4 731 447 
n 0.51 0.59 0.11 580 933 
n 0.8 0.87 0.49 377 864 
n 0.69 0.76 0.28 258 251 
n 0.28 0.61 0.39 659 693 
n 0.64 0.56 0.89 701 439 
n 0.4 0.62 0.13 801 328 
n 0.29 0.52 0.59 755 582 
n 0.65 0.26 0.52 168 775 
n 0.63 0.42 0.87 608 673 
n 0.36 0.64 0.39 570 360 
n 0.11 0.54 0.55 506 795 
n 0.66 0.52 0.33 693 475 
n 0.72 0.29 0.8 615 416 
n 0.64 0.42 0.45 433 854 
n 0.46 0.16 0.31 227 149 
n 0.86 0.36 0.52 326 616 
n 0.4 0.15 0.87 756 997 
n 0.58 0.31 0.13 175 552 
n 0.52 0.72 0.25 207 753 
n 0.78 0.85 0.84 127 986 
n 0.72 0.58 0.14 245 596 
n 0.59 0.41 0.46 368 322 
n 0.66 0.42 0.61 618 808 
n 0.24 0.87 0.74 285 906 
n 0.77 0.71 0.68 347 933 
n 0.86 0.74 0.25 942 734 
n 0.6 0.84 0.39 923 410 
n 0.31 0.78 0.16 154 231 
n 0.16 0.24 0.58 476 253 
n 0.34 0.23 0.71 232 588 
n 0.27 0.1 0.39 440 819 
n 0.81 0.28 0.29 959 382 
n 0.64 0.33 0.39 659 989 
n 0.86 0.59 0.86 475 423 
n 0.65 0.84 0.69 735 76 
n 0.33 0.88 0.14 845 856 
n 0.59 0.47 0.78 10 830 
n 0.75 0.68 0.42 359 689 
n 0.21 0.43 0.69 901 207 
n 0.51 0.75 0.22 607 779 
n 0.15 0.43 0.32 682 85 
n 0.76 0.44 0.72 841 757 
n 0.73 0.29 0.21 450 884 
n 0.81 0.32 0.47 726 402 
n 0.83 0.14 0.68 883 150 
n 0.9 0.21 0.2 430 229 
n 0.69 0.2 0.85 981 822 
n 0.78 0.62 0.59 578 545 
n 0.55 0.14 0.37 542 818 
n 0.55 0.56 0.58 509 164 
n 0.65 0.4 0.43 876 251 
n 0.73 0.62 0.13 101 820 
n 0.8 0.58 0.76 486 5 
n 0.58 0.58 0.73 134 229 
n 0.57 0.73 0.25 167 944 
n 0.74 0.17 0.47 156 446 
n 0.42 0.55 0.53 268 69 
n 0.84 0.42 0.59 476 712 
n 0.84 0.32 0.72 457 809 
n 0.9 0.39 0.54 217 20 
n 0.17 0.2 0.31 165 812 
n 0.56 0.7 0.77 382 458 
n 0.59 0.21 0.78 311 221 
n 0.76 0.21 0.19 2 26 
n 0.77 0.71 0.39 135 579 
n 0.78 0.53 0.53 258 333 
n 0.3 0.13 0.37 678 547 
n 0.17 0.4 0.62 176 612 
n 0.71 0.33 0.74 560 331 
n 0.3 0.12 0.15 417 522 
n 0.72 0.44 0.56 852 420 
n 0.76 0.7 0.68 851 321 
n 0.52 0.37 0.6 746 57 
n 0.61 0.17 0.36 105 589 
n 0.26 0.4 0.57 64 87 
n 0.74 0.62 0.85 417 194 
n 0.42 0.33 0.65 884 559 
n 0.28 0.44 0.1 869 180 
n 0.26 0.59 0.28 262 426 
n 0.26 0.26 0.26 670 662 
n 0.45 0.8 0.63 420 34 
n 0.84 0.75 0.44 425 240 
n 0.3 0.89 0.43 615 5 
n 0.36 0.13 0.88 967 236 
n 0.8 0.31 0.76 181 963 
n 0.66 0.38 0.71 154 254 
n 0.35 0.2 0.41 138 545 
n 0.26 0.56 0.83 24 240 
n 0.72 0.69 0.55 701 43 
n 0.79 0.59 0.51 952 792 
n 0.23 0.45 0.81 190 10 
n 0.86 0.42 0.72 348 998 
n 0.87 0.41 0.69 331 9 
n 0.51 0.23 0.41 547 205 
n 0.17 0.71 0.37 777 291 
n 0.24 0.54 0.58 757 918 
n 0.36 0.12 0.27 172 773 
n 0.17 0.76 0.12 86 34 
n 0.3 0.68 0.11 905 126 
n 0.5 0.72 0.53 88 389 
n 0.33 0.8 0.83 22 103 
n 0.46 0.66 0.32 417 581 
n 0.75 0.45 0.67 206 477 
n 0.81 0.13 0.41 487 625 
n 0.5 0.38 0.16 372 78 
n 0.65 0.58 0.24 118 480 
n 0.38 0.79 0.16 296 923 
n 0.4 0.83 0.84 879 967 
n 0.43 0.72 0.18 890 108 
n 0.26 0.54 0.75 637 853 
n 0.24 0.37 0.14 382 96 
n 0.27 0.7 0.19 135 416 
n 0.79 0.82 0.18 760 814 
n 0.89 0.34 0.8 45 941 
n 0.84 0.31 0.69 245 474 
n 0.85 0.6 0.63 643 590 
n 0.84 0.87 0.23 228 538 
n 0.44 0.56 0.74 646 37 
n 0.44 0.17 0.54 882 436 
n 0.13 0.32 0.11 681 156 
n 0.3 0.15 0.65 812 466 
n 0.32 0.48 0.55 963 585 
n 0.8 0.79 0.78 313 611 
n 0.6 0.77 0.62 854 622 
n 0.39 0.54 0.22 518 990 
n 0.1 0.37 0.72 272 202 
n 0.87 0.61 0.55 762 751 
n 0.33 0.46 0.28 649 604 
n 0.76 0.35 0.76 784 742 
n 0.4 0.62 0.38 399 192 
n 0.83 0.61 0.21 32 939 
n 0.38 0.58 0.76 814 436 
n 0.62 0.71 0.88 291 292 
n 0.39 0.78 0.33 607 14 
n 0.71 0.55 0.51 93 434 
n 0.48 0.52 0.25 769 183 
n 0.88 0.62 0.75 176 409 
n 0.71 0.84 0.19 345 388 
n 0.4 0.85 0.34 227 344 
n 0.4 0.24 0.89 491 329 
n 0.22 0.88 0.43 26 670 
n 0.27 0.23 0.38 789 180 
n 0.32 0.87 0.82 981 735 
n 0.35 0.62 0.18 58 207 
n 0.52 0.67 0.43 195 304 
n 0.11 0.24 0.65 544 996 
n 0.15 0.21 0.16 557 379 
n 0.56 0.33 0.8 257 607 
n 0.83 0.42 0.72 805 373 
n 0.8 0.16 0.74 462 417 
n 0.32 0.47 0.29 818 630 
n 0.53 0.52 0.83 415 824 
n 0.3 0.77 0.66 203 280 
n 0.36 0.14 0.79 326 908 
n 0.6 0.49 0.44 512 907 
n 0.26 0.5 0.59 827 803 
n 0.86 0.34 0.45 374 494 
n 0.79 0.65 0.77 599 620 
n 0.31 0.59 0.37 327 384 
n 0.71 0.25 0.21 360 175 
n 0.17 0.52 0.25 810 758 
n 0.15 0.19 0.1 261 213 
n 0.57 0.87 0.54 934 685 
n 0.56 0.62 0.18 176 365 
n 0.23 0.83 0.17 607 355 
n 0.73 0.41 0.88 668 810 
n 0.34 0.22 0.84 853 825 
n 0.22 0.23 0.15 746 56 
n 0.64 0.24 0.74 94 531 
n 0.79 0.31 0.13 819 607 
n 0.53 0.48 0.81 747 492 
n 0.23 0.3 0.23 231 961 
n 0.74 0.52 0.81 684 930 
n 0.62 0.33 0.2 431 686 
n 0.47 0.69 0.6 710 561 
n 0.22 0.45 0.4 452 663 
n 0.26 0.23 0.5 385 813 
n 0.2 0.85 0.67 886 5 
n 0.72 0.84 0.81 53 271 
n 0.44 0.86 0.53 153 952 
n 0.15 0.18 0.62 809 764 
n 0.61 0.32 0.25 775 780 
n 0.55 0.57 0.32 178 520 
n 0.84 0.79 0.24 989 256 
n 0.82 0.23 0.1 114 377 
n 0.19 0.9 0.55 236 494 
n 0.51 0.24 0.56 314 438 
n 0.77 0.65 0.2 274 173 
n 0.67 0.56 0.53 50 743 
n 0.76 0.49 0.44 6 354 
n 0.67 0.79 0.3 540 529 
n 0.19 0.72 0.31 786 433 
n 0.58 0.73 0.19 995 78 
n 0.86 0.4 0.14 510 834 
n 0.86 0.26 0.13 890 307 
n 0.25 0.69 0.49 304 536 
n 0.49 0.67 0.24 474 22 
n 0.34 0.63 0.77 869 485 
n 0.57 0.4 0.72 92 661 
n 0.42 0.89 0.85 617 749 
n 0.4 0.11 0.58 414 748 
n 0.8 0.77 0.18 236 683 
n 0.19 0.39 0.68 975 172 
n 0.26 0.13 0.48 732 321 
n 0.59 0.42 0.4 334 595 
n 0.7 0.79 0.52 561 14 
n 0.32 0.74 0.65 33 546 
n 0.26 0.64 0.22 452 798 
n 0.41 0.3 0.13 197 2 
n 0.27 0.65 0.64 236 400 
n 0.61 0.42 0.33 748 360 
n 0.17 0.38 0.27 431 816 
n 0.57 0.36 0.51 22 257 
n 0.43 0.26 0.24 345 230 
n 0.76 0.78 0.63 755 929 
n 0.11 0.28 0.15 257 179 
n 0.29 0.48 0.46 233 789 
n 0.78 0.79 0.72 110 555 
n 0.11 0.23 0.43 818 389 
n 0.88 0.38 0.39 439 137 
n 0.89 0.32 0.4 345 838 
n 0.19 0.28 0.86 921 460 
n 0.18 0.2 0.8 950 34 
n 0.64 0.81 0.73 124 911 
n 0.27 0.21 0.84 827 235 
n 0.45 0.64 0.88 968 167 
n 0.61 0.73 0.55 764 559 
n 0.23 0.23 0.41 477 835 
n 0.19 0.86 0.26 189 621 
n 0.43 0.18 0.6 500 885 
n 0.16 0.61 0.14 808 879 
n 0.77 0.57 0.63 6 123 
n 0.37 0.17 0.46 681 980 
n 0.19 0.23 0.83 752 173 
n 0.67 0.85 0.71 741 360 
n 0.46 0.39 0.67 494 200 
n 0.79 0.67 0.18 225 556 
n 0.42 0.66 0.57 782 688 
n 0.76 0.14 0.36 560 171 
n 0.32 0.85 0.75 463 712 
n 0.35 0.33 0.89 100 192 
n 0.46 0.62 0.81 258 815 
n 0.89 0.72 0.11 43 926 
n 0.89 0.22 0.34 173 173 
n 0.73 0.19 0.79 483 814 
n 0.11 0.76 0.6 537 894 
n 0.52 0.56 0.51 3 973 
n 0.8 0.13 0.56 287 436 
n 0.19 0.62 0.81 34 282 
n 0.74 0.35 0.29 382 229 
n 0.62 0.75 0.71 407 858 
n 0.88 0.86 0.69 958 26 
n 0.75 0.4 0.65 534 450 
n 0.58 0.79 0.62 891 772 
n 0.71 0.45 0.87 610 715 
n 0.21 0.42 0.28 801 369 
n 0.45 0.54 0.26 7 197 
n 0.37 0.52 0.2 123 437 
n 0.71 0.72 0.5 518 649 
n 0.32 0.76 0.7 235 41 
n 0.55 0.77 0.62 604 724 
n 0.34 0.63 0.5 910 949 
n 0.11 0.31 0.44 498 927 
n 0.14 0.41 0.41 549 953 
n 0.35 0.84 0.28 779 99 
n 0.61 0.34 0.55 582 76 
n 0.65 0.7 0.9 215 82 
n 0.55 0.42 0.22 560 623 
n 0.6 0.64 0.68 694 556 
n 0.41 0.66 0.27 90 17 
n 0.22 0.74 0.34 760 412 
n 0.32 0.22 0.38 627 527 
n 0.56 0.82 0.41 996 235 
n 0.72 0.87 0.1 919 877 
n 0.21 0.87 0.33 990 47 
n 0.28 0.29 0.39 378 314 
n 0.25 0.53 0.16 961 413 
n 0.83 0.16 0.53 825 709 
n 0.68 0.28 0.63 827 580 
n 0.26 0.34 0.56 36 990 
n 0.47 0.15 0.56 620 282 
n 0.6 0.6 0.73 110 121 
n 0.74 0.71 0.76 739 821 
n 0.69 0.26 0.18 274 258 
n 0.63 0.41 0.7 83 644 
n 0.19 0.83 0.76 593 764 
n 0.39 0.7 0.21 725 471 
n 0.73 0.47 0.1 778 902 
n 0.87 0.5 0.85 886 666 
n 0.83 0.37 0.54 27 164 
n 0.78 0.78 0.37 741 973 
n 0.69 0.85 0.11 166 712 
n 0.44 0.6 0.74 256 127 
n 0.56 0.2 0.51 927 900 
n 0.42 0.6 0.71 525 54 
n 0.34 0.5 0.82 72 424 
n 0.51 0.29 0.17 367 863 
n 0.58 0.86 0.83 349 799 
n 0.87 0.51 0.19 127 43 
n 0.3 0.42 0.14 588 140 
n 0.18 0.84 0.76 23 355 
