t 400 20 5
n 0.68 0.62 0.88 0.82 0.72 436 588 
n 0.13 0.81 0.84 0.55 0.54 603 802 
n 0.31 0.22 0.61 0.3 0.73 862 954 
n 0.23 0.38 0.37 0.47 0.82 444 553 
n 0.54 0.25 0.45 0.47 0.13 796 797 
n 0.75 0.54 0.5 0.63 0.53 89 839 
n 0.27 0.57 0.72 0.3 0.35 234 851 
n 0.62 0.8 0.25 0.1 0.29 477 204 
n 0.45 0.47 0.55 0.5 0.85 406 602 
n 0.14 0.36 0.33 0.65 0.53 955 785 
n 0.33 0.36 0.17 0.15 0.66 593 969 
n 0.23 0.31 0.46 0.45 0.74 946 433 
n 0.44 0.29 0.5 0.49 0.73 83 601 
n 0.67 0.77 0.59 0.8 0.36 861 754 
n 0.19 0.23 0.76 0.71 0.65 248 699 
n 0.28 0.21 0.57 0.54 0.6 963 966 
n 0.54 0.31 0.89 0.57 0.44 126 537 
n 0.13 0.52 0.7 0.53 0.15 563 21 
n 0.3 0.34 0.46 0.72 0.88 55 619 
n 0.1 0.19 0.27 0.4 0.3 691 577 
n 0.81 0.58 0.39 0.68 0.22 237 707 
n 0.11 0.83 0.43 0.21 0.24 583 609 
n 0.38 0.9 0.13 0.26 0.35 404 942 
n 0.73 0.71 0.38 0.36 0.76 16 615 
n 0.52 0.15 0.87 0.42 0.47 20 63 
n 0.82 0.51 0.18 0.2 0.59 197 614 
n 0.61 0.8 0.1 0.18 0.63 913 429 
n 0.53 0.85 0.66 0.74 0.21 828 584 
n 0.78 0.66 0.89 0.3 0.35 50 41 
n 0.27 0.51 0.17 0.34 0.67 271 737 
n 0.26 0.82 0.85 0.76 0.8 979 717 
n 0.86 0.87 0.88 0.51 0.8 489 958 
n 0.35 0.36 0.22 0.36 0.43 817 281 
n 0.17 0.12 0.54 0.72 0.51 333 467 
n 0.65 0.81 0.5 0.66 0.13 278 946 
n 0.58 0.24 0.78 0.17 0.66 169 975 
n 0.43 0.68 0.7 0.75 0.39 806 538 
n 0.46 0.89 0.34 0.12 0.46 445 307 
n 0.39 0.12 0.75 0.7 0.51 307 553 
n 0.28 0.11 0.82 0.65 0.53 555 359 
n 0.81 0.73 0.63 0.52 0.8 156 179 
n 0.55 0.34 0.46 0.46 0.65 140 704 
n 0.47 0.84 0.83 0.6 0.22 963 443 
n 0.8 0.22 0.74 0.61 0.86 461 256 
n 0.31 0.8 0.48 0.81 0.23 386 488 
n 0.88 0.28 0.8 0.75 0.1 931 198 
n 0.23 0.13 0.17 0.46 0.53 280 896 
n 0.32 0.62 0.84 0.5 0.46 331 923 
n 0.53 0.68 0.39 0.66 0.33 34 890 
n 0.52 0.52 0.15 0.83 0.82 512 60 
n 0.43 0.16 0.58 0.64 0.75 233 328 
n 0.19 0.29 0.71 0.37 0.28 871 748 
n 0.23 0.77 0.29 0.22 0.75 126 27 
n 0.73 0.23 0.15 0.16 0.34 26 385 
n 0.69 0.11 0.31 0.84 0.37 551 318 
n 0.34 0.19 0.39 0.63 0.17 422 670 
n 0.61 0.28 0.77 0.69 0.73 699 642 
n 0.82 0.17 0.84 0.76 0.59 31 881 
n 0.44 0.7 0.31 0.41 0.28 487 988 
n 0.63 0.2 0.46 0.75 0.66 548 870 
n 0.72 0.42 0.72 0.63 0.39 764 228 
n 0.11 0.21 0.45 0.59 0.17 489 885 
n 0.27 0.51 0.66 0.2 0.89 909 483 
n 0.57 0.44 0.85 0.88 0.53 195 821 
n 0.32 0.36 0.11 0.24 0.35 172 112 
n 0.12 0.58 0.31 0.71 0.46 599 588 
n 0.14 0.67 0.49 0.7 0.14 133 508 
n 0.81 0.86 0.49 0.32 0.58 327 869 
n 0.66 0.31 0.67 0.25 0.13 268 788 
n 0.63 0.4 0.57 0.36 0.45 793 137 
n 0.64 0.45 0.82 0.6 0.31 157 187 
n 0.68 0.74 0.67 0.54 0.71 186 903 
n 0.74 0.76 0.39 0.24 0.83 746 819 
n 0.76 0.19 0.5 0.59 0.82 673 142 
n 0.8 0.26 0.16 0.49 0.36 795 497 
n 0.27 0.51 0.43 0.78 0.2 299 797 
n 0.82 0.69 0.25 0.61 0.25 92 378 
n 0.57 0.55 0.11 0.11 0.58 918 105 
n 0.6 0.47 0.41 0.75 0.31 370 275 
n 0.2 0.65 0.75 0.41 0.31 789 738 
n 0.57 0.1 0.51 0.24 0.3 800 159 
n 0.9 0.44 0.65 0.47 0.28 748 537 
n 0.68 0.29 0.19 0.2 0.62 487 89 
n 0.51 0.81 0.19 0.87 0.31 149 95 
n 0.48 0.51 0.76 0.7 0.81 232 10 
n 0.3 0.49 0.76 0.24 0.58 973 220 
n 0.62 0.13 0.72 0.26 0.24 41 260 
n 0.11 0.65 0.48 0.49 0.77 192 293 
n 0.72 0.4 0.22 0.19 0.5 24 510 
n 0.35 0.6 0.3 0.37 0.15 317 312 
n 0.54 0.48 0.19 0.44 0.48 495 163 
n 0.69 0.45 0.53 0.39 0.19 525 681 
n 0.45 0.45 0.86 0.54 0.52 836 883 
n 0.6 0.55 0.6 0.33 0.15 775 181 
n 0.87 0.25 0.12 0.57 0.78 109 27 
n 0.72 0.82 0.16 0.88 0.62 653 672 
n 0.39 0.45 0.76 0.83 0.46 628 197 
n 0.63 0.63 0.66 0.28 0.78 2 712 
n 0.75 0.77 0.44 0.26 0.76 731 447 
n 0.8 0.77 0.29 0.65 0.89 580 933 
n 0.46 0.24 0.54 0.87 0.47 377 864 
n 0.74 0.4 0.28 0.17 0.52 258 251 
n 0.88 0.88 0.22 0.75 0.35 659 693 
n 0.86 0.26 0.74 0.84 0.68 701 439 
n 0.31 0.71 0.64 0.58 0.52 801 328 
n 0.31 0.1 0.82 0.33 0.77 755 582 
n 0.26 0.8 0.86 0.65 0.62 168 775 
n 0.31 0.58 0.21 0.73 0.5 608 673 
n 0.48 0.24 0.54 0.24 0.18 570 360 
n 0.53 0.33 0.7 0.71 0.32 506 795 
n 0.51 0.71 0.81 0.79 0.52 693 475 
n 0.34 0.69 0.16 0.81 0.49 615 416 
n 0.34 0.51 0.66 0.45 0.62 433 854 
n 0.24 0.24 0.12 0.46 0.52 227 149 
n 0.55 0.5 0.79 0.77 0.1 326 616 
n 0.68 0.49 0.86 0.49 0.65 756 997 
n 0.85 0.32 0.76 0.37 0.69 175 552 
n 0.61 0.42 0.34 0.41 0.89 207 753 
n 0.42 0.84 0.7 0.76 0.85 127 986 
n 0.86 0.37 0.66 0.47 0.76 245 596 
n 0.75 0.31 0.12 0.86 0.84 368 322 
n 0.42 0.53 0.23 0.7 0.86 618 808 
n 0.41 0.41 0.83 0.41 0.25 285 906 
n 0.75 0.53 0.73 0.17 0.79 347 933 
n 0.5 0.83 0.15 0.43 0.79 942 734 
n 0.33 0.2 0.37 0.21 0.55 923 410 
n 0.35 0.14 0.28 0.33 0.27 154 231 
n 0.18 0.9 0.61 0.22 0.46 476 253 
n 0.67 0.82 0.47 0.73 0.55 232 588 
n 0.72 0.28 0.38 0.15 0.21 440 819 
n 0.75 0.48 0.38 0.69 0.83 959 382 
n 0.6 0.13 0.44 0.62 0.77 659 989 
n 0.49 0.69 0.1 0.21 0.25 475 423 
n 0.76 0.29 0.42 0.13 0.51 735 76 
n 0.15 0.72 0.69 0.16 0.25 845 856 
n 0.81 0.46 0.86 0.33 0.82 10 830 
n 0.43 0.39 0.38 0.38 0.12 359 689 
n 0.57 0.67 0.1 0.17 0.47 901 207 
n 0.5 0.23 0.68 0.77 0.55 607 779 
n 0.16 0.89 0.2 0.57 0.27 682 85 
n 0.43 0.36 0.85 0.77 0.19 841 757 
n 0.71 0.52 0.38 0.64 0.79 450 884 
n 0.66 0.82 0.3 0.68 0.67 726 402 
n 0.13 0.57 0.44 0.11 0.57 883 150 
n 0.38 0.33 0.89 0.29 0.26 430 229 
n 0.87 0.49 0.28 0.67 0.14 981 822 
n 0.44 0.71 0.72 0.54 0.67 578 545 
n 0.74 0.48 0.54 0.34 0.27 542 818 
n 0.87 0.2 0.25 0.13 0.66 509 164 
n 0.53 0.5 0.34 0.19 0.4 876 251 
n 0.52 0.1 0.81 0.6 0.73 101 820 
n 0.53 0.69 0.15 0.23 0.78 486 5 
n 0.59 0.85 0.19 0.13 0.11 134 229 
n 0.69 0.43 0.72 0.51 0.8 167 944 
n 0.66 0.88 0.56 0.56 0.73 156 446 
n 0.73 0.74 0.37 0.42 0.17 268 69 
n 0.59 0.12 0.34 0.54 0.79 476 712 
n 0.35 0.11 0.11 0.48 0.61 457 809 
n 0.8 0.46 0.37 0.15 0.73 217 20 
n 0.55 0.56 0.74 0.73 0.24 165 812 
n 0.47 0.58 0.1 0.86 0.45 382 458 
n 0.25 0.25 0.52 0.78 0.69 311 221 
n 0.64 0.86 0.22 0.27 0.4 2 26 
n 0.33 0.15 0.55 0.54 0.75 135 579 
n 0.19 0.72 0.36 0.42 0.45 258 333 
n 0.36 0.56 0.52 0.85 0.12 678 547 
n 0.79 0.71 0.68 0.34 0.28 176 612 
n 0.12 0.36 0.75 0.65 0.41 560 331 
n 0.71 0.63 0.6 0.27 0.31 417 522 
n 0.23 0.61 0.62 0.17 0.31 852 420 
n 0.21 0.82 0.18 0.8 0.78 851 321 
n 0.7 0.17 0.8 0.67 0.84 746 57 
n 0.15 0.45 0.34 0.53 0.61 105 589 
n 0.79 0.31 0.78 0.74 0.8 64 87 
n 0.57 0.24 0.9 0.1 0.75 417 194 
n 0.72 0.49 0.49 0.71 0.15 884 559 
n 0.41 0.78 0.72 0.15 0.49 869 180 
n 0.87 0.48 0.37 0.41 0.16 262 426 
n 0.3 0.14 0.24 0.83 0.13 670 662 
n 0.41 0.5 0.23 0.62 0.27 420 34 
n 0.26 0.3 0.26 0.11 0.71 425 240 
n 0.48 0.77 0.15 0.42 0.29 615 5 
n 0.26 0.49 0.5 0.64 0.7 967 236 
n 0.12 0.81 0.51 0.82 0.3 181 963 
n 0.22 0.24 0.25 0.64 0.7 154 254 
n 0.5 0.72 0.24 0.57 0.37 138 545 
n 0.86 0.55 0.71 0.88 0.79 24 240 
n 0.16 0.32 0.67 0.59 0.13 701 43 
n 0.46 0.79 0.4 0.11 0.39 952 792 
n 0.4 0.57 0.28 0.47 0.43 190 10 
n 0.69 0.48 0.87 0.46 0.36 348 998 
n 0.84 0.55 0.2 0.21 0.82 331 9 
n 0.32 0.26 0.39 0.77 0.74 547 205 
n 0.7 0.76 0.46 0.77 0.66 777 291 
n 0.41 0.5 0.46 0.76 0.56 757 918 
n 0.68 0.26 0.2 0.76 0.27 172 773 
n 0.14 0.73 0.64 0.34 0.39 86 34 
n 0.69 0.16 0.27 0.35 0.79 905 126 
n 0.28 0.63 0.33 0.76 0.48 88 389 
n 0.39 0.25 0.37 0.14 0.3 22 103 
n 0.41 0.81 0.23 0.65 0.78 417 581 
n 0.17 0.6 0.68 0.75 0.65 206 477 
n 0.8 0.2 0.51 0.49 0.38 487 625 
n 0.43 0.2 0.13 0.38 0.39 372 78 
n 0.16 0.44 0.41 0.23 0.56 118 480 
n 0.82 0.65 0.61 0.58 0.82 296 923 
n 0.45 0.23 0.56 0.2 0.82 879 967 
n 0.54 0.78 0.13 0.82 0.49 890 108 
n 0.29 0.41 0.77 0.9 0.65 637 853 
n 0.61 0.61 0.79 0.2 0.75 382 96 
n 0.16 0.89 0.74 0.74 0.12 135 416 
n 0.62 0.29 0.43 0.71 0.42 760 814 
n 0.27 0.87 0.68 0.36 0.34 45 941 
n 0.49 0.18 0.86 0.31 0.17 245 474 
n 0.63 0.67 0.12 0.55 0.55 643 590 
n 0.82 0.7 0.26 0.39 0.42 228 538 
n 0.61 0.43 0.48 0.9 0.3 646 37 
n 0.42 0.88 0.14 0.15 0.14 882 436 
n 0.58 0.32 0.21 0.18 0.58 681 156 
n 0.62 0.16 0.76 0.83 0.28 812 466 
n 0.58 0.23 0.59 0.16 0.14 963 585 
n 0.32 0.32 0.82 0.77 0.71 313 611 
n 0.51 0.44 0.32 0.42 0.8 854 622 
n 0.41 0.49 0.84 0.6 0.52 518 990 
n 0.62 0.6 0.89 0.3 0.26 272 202 
n 0.65 0.34 0.72 0.68 0.21 762 751 
n 0.89 0.32 0.76 0.41 0.46 649 604 
n 0.87 0.7 0.13 0.51 0.6 784 742 
n 0.33 0.12 0.42 0.85 0.88 399 192 
n 0.43 0.9 0.63 0.67 0.36 32 939 
n 0.24 0.83 0.72 0.17 0.5 814 436 
n 0.31 0.38 0.56 0.8 0.74 291 292 
n 0.84 0.81 0.29 0.17 0.58 607 14 
n 0.55 0.7 0.37 0.68 0.46 93 434 
n 0.71 0.12 0.11 0.79 0.88 769 183 
n 0.32 0.75 0.42 0.34 0.75 176 409 
n 0.89 0.1 0.47 0.32 0.67 345 388 
n 0.44 0.46 0.27 0.74 0.4 227 344 
n 0.46 0.47 0.15 0.37 0.35 491 329 
n 0.12 0.58 0.21 0.36 0.42 26 670 
n 0.76 0.44 0.83 0.78 0.34 789 180 
n 0.78 0.51 0.13 0.46 0.22 981 735 
n 0.25 0.75 0.33 0.19 0.15 58 207 
n 0.74 0.16 0.64 0.53 0.14 195 304 
n 0.45 0.56 0.25 0.36 0.55 544 996 
n 0.77 0.2 0.41 0.22 0.24 557 379 
n 0.4 0.17 0.69 0.38 0.39 257 607 
n 0.32 0.51 0.11 0.17 0.31 805 373 
n 0.43 0.11 0.36 0.13 0.41 462 417 
n 0.55 0.67 0.59 0.32 0.2 818 630 
n 0.39 0.29 0.19 0.53 0.56 415 824 
n 0.33 0.38 0.35 0.72 0.75 203 280 
n 0.3 0.4 0.53 0.61 0.26 326 908 
n 0.46 0.6 0.29 0.76 0.84 512 907 
n 0.39 0.21 0.35 0.17 0.37 827 803 
n 0.67 0.44 0.21 0.13 0.34 374 494 
n 0.52 0.37 0.28 0.86 0.3 599 620 
n 0.12 0.54 0.15 0.21 0.55 327 384 
n 0.2 0.28 0.76 0.51 0.57 360 175 
n 0.41 0.34 0.12 0.54 0.1 810 758 
n 0.75 0.35 0.34 0.45 0.15 261 213 
n 0.62 0.67 0.33 0.39 0.74 934 685 
n 0.6 0.46 0.12 0.27 0.28 176 365 
n 0.43 0.48 0.46 0.18 0.82 607 355 
n 0.28 0.53 0.58 0.34 0.58 668 810 
n 0.27 0.36 0.51 0.22 0.81 853 825 
n 0.72 0.61 0.65 0.84 0.74 746 56 
n 0.44 0.12 0.38 0.46 0.47 94 531 
n 0.3 0.53 0.66 0.33 0.21 819 607 
n 0.3 0.42 0.7 0.28 0.17 747 492 
n 0.58 0.22 0.84 0.68 0.36 231 961 
n 0.87 0.84 0.52 0.58 0.3 684 930 
n 0.31 0.83 0.51 0.31 0.19 431 686 
n 0.48 0.71 0.8 0.84 0.82 710 561 
n 0.85 0.86 0.64 0.49 0.67 452 663 
n 0.27 0.31 0.54 0.14 0.45 385 813 
n 0.27 0.26 0.41 0.66 0.22 886 5 
n 0.18 0.63 0.37 0.84 0.78 53 271 
n 0.35 0.53 0.77 0.44 0.54 153 952 
n 0.69 0.42 0.2 0.26 0.44 809 764 
n 0.69 0.47 0.31 0.5 0.11 775 780 
n 0.57 0.45 0.55 0.59 0.85 178 520 
n 0.26 0.22 0.68 0.77 0.38 989 256 
n 0.38 0.21 0.54 0.24 0.17 114 377 
n 0.53 0.12 0.71 0.87 0.59 236 494 
n 0.41 0.18 0.86 0.28 0.62 314 438 
n 0.12 0.3 0.61 0.58 0.11 274 173 
n 0.36 0.56 0.43 0.18 0.55 50 743 
n 0.81 0.11 0.26 0.24 0.17 6 354 
n 0.87 0.27 0.12 0.62 0.14 540 529 
n 0.11 0.9 0.18 0.51 0.16 786 433 
n 0.44 0.89 0.88 0.62 0.85 995 78 
n 0.77 0.85 0.72 0.61 0.24 510 834 
n 0.78 0.62 0.57 0.33 0.41 890 307 
n 0.46 0.88 0.76 0.14 0.23 304 536 
n 0.54 0.65 0.34 0.57 0.41 474 22 
n 0.54 0.16 0.31 0.65 0.85 869 485 
n 0.29 0.12 0.15 0.63 0.75 92 661 
n 0.56 0.16 0.33 0.19 0.34 617 749 
n 0.79 0.72 0.34 0.33 0.43 414 748 
n 0.86 0.17 0.21 0.22 0.61 236 683 
n 0.73 0.66 0.47 0.81 0.64 975 172 
n 0.41 0.35 0.17 0.3 0.13 732 321 
n 0.24 0.35 0.85 0.21 0.29 334 595 
n 0.46 0.45 0.28 0.1 0.37 561 14 
n 0.47 0.31 0.46 0.6 0.32 33 546 
n 0.33 0.79 0.59 0.74 0.66 452 798 
n 0.23 0.45 0.52 0.48 0.3 197 2 
n 0.85 0.67 0.25 0.31 0.79 236 400 
n 0.81 0.53 0.39 0.61 0.66 748 360 
n 0.58 0.56 0.84 0.86 0.12 431 816 
n 0.82 0.35 0.73 0.11 0.75 22 257 
n 0.54 0.88 0.17 0.56 0.21 345 230 
n 0.81 0.48 0.39 0.28 0.9 755 929 
n 0.52 0.15 0.48 0.77 0.39 257 179 
n 0.5 0.85 0.25 0.73 0.24 233 789 
n 0.51 0.52 0.54 0.22 0.54 110 555 
n 0.32 0.6 0.51 0.34 0.29 818 389 
n 0.67 0.67 0.67 0.76 0.44 439 137 
n 0.24 0.24 0.59 0.41 0.87 345 838 
n 0.23 0.79 0.74 0.49 0.37 921 460 
n 0.83 0.66 0.31 0.12 0.82 950 34 
n 0.21 0.2 0.58 0.62 0.32 124 911 
n 0.44 0.8 0.41 0.75 0.89 827 235 
n 0.14 0.4 0.8 0.44 0.42 968 167 
n 0.59 0.6 0.51 0.71 0.56 764 559 
n 0.21 0.83 0.84 0.72 0.18 477 835 
n 0.43 0.38 0.43 0.9 0.86 189 621 
n 0.39 0.86 0.38 0.44 0.77 500 885 
n 0.15 0.14 0.1 0.57 0.5 808 879 
n 0.83 0.23 0.21 0.75 0.55 6 123 
n 0.66 0.4 0.45 0.46 0.89 681 980 
n 0.83 0.53 0.6 0.39 0.29 752 173 
n 0.15 0.36 0.43 0.28 0.44 741 360 
n 0.84 0.85 0.88 0.51 0.45 494 200 
n 0.58 0.44 0.14 0.21 0.28 225 556 
n 0.78 0.81 0.88 0.73 0.9 782 688 
n 0.35 0.59 0.38 0.37 0.53 560 171 
n 0.21 0.87 0.4 0.67 0.47 463 712 
n 0.24 0.19 0.9 0.85 0.72 100 192 
n 0.69 0.79 0.43 0.47 0.86 258 815 
n 0.22 0.67 0.63 0.39 0.68 43 926 
n 0.56 0.45 0.48 0.83 0.58 173 173 
n 0.44 0.81 0.63 0.59 0.45 483 814 
n 0.37 0.26 0.49 0.41 0.74 537 894 
n 0.18 0.43 0.59 0.61 0.34 3 973 
n 0.66 0.41 0.84 0.51 0.14 287 436 
n 0.53 0.8 0.43 0.49 0.35 34 282 
n 0.14 0.86 0.58 0.53 0.85 382 229 
n 0.6 0.57 0.33 0.82 0.11 407 858 
n 0.62 0.36 0.85 0.53 0.74 958 26 
n 0.34 0.12 0.79 0.47 0.18 534 450 
n 0.52 0.45 0.88 0.37 0.44 891 772 
n 0.16 0.37 0.12 0.88 0.71 610 715 
n 0.33 0.49 0.71 0.63 0.31 801 369 
n 0.19 0.45 0.46 0.72 0.9 7 197 
n 0.5 0.36 0.59 0.17 0.48 123 437 
n 0.58 0.87 0.41 0.65 0.19 518 649 
n 0.22 0.36 0.83 0.42 0.37 235 41 
n 0.69 0.13 0.43 0.51 0.55 604 724 
n 0.67 0.86 0.79 0.66 0.35 910 949 
n 0.33 0.4 0.28 0.23 0.2 498 927 
n 0.87 0.53 0.79 0.41 0.26 549 953 
n 0.85 0.75 0.59 0.34 0.43 779 99 
n 0.48 0.89 0.68 0.87 0.81 582 76 
n 0.64 0.52 0.2 0.85 0.76 215 82 
n 0.56 0.17 0.81 0.86 0.53 560 623 
n 0.7 0.72 0.18 0.36 0.49 694 556 
n 0.67 0.48 0.69 0.62 0.28 90 17 
n 0.24 0.22 0.66 0.64 0.24 760 412 
n 0.63 0.86 0.62 0.36 0.33 627 527 
n 0.63 0.41 0.37 0.51 0.14 996 235 
n 0.31 0.38 0.38 0.44 0.41 919 877 
n 0.1 0.11 0.44 0.78 0.75 990 47 
n 0.65 0.3 0.74 0.79 0.16 378 314 
n 0.69 0.25 0.31 0.67 0.66 961 413 
n 0.51 0.4 0.64 0.13 0.71 825 709 
n 0.24 0.84 0.62 0.39 0.79 827 580 
n 0.16 0.26 0.89 0.71 0.62 36 990 
n 0.57 0.42 0.89 0.64 0.18 620 282 
n 0.48 0.88 0.18 0.65 0.77 110 121 
n 0.23 0.45 0.52 0.5 0.73 739 821 
n 0.65 0.12 0.73 0.71 0.58 274 258 
n 0.54 0.61 0.49 0.6 0.24 83 644 
n 0.35 0.84 0.66 0.14 0.34 593 764 
n 0.5 0.33 0.75 0.67 0.58 725 471 
n 0.24 0.42 0.48 0.89 0.14 778 902 
n 0.29 0.55 0.14 0.58 0.63 886 666 
n 0.47 0.66 0.59 0.88 0.53 27 164 
n 0.29 0.81 0.31 0.77 0.36 741 973 
n 0.44 0.66 0.78 0.43 0.6 166 712 
n 0.42 0.24 0.69 0.49 0.55 256 127 
n 0.4 0.68 0.86 0.83 0.74 927 900 
n 0.31 0.43 0.47 0.88 0.51 525 54 
n 0.64 0.54 0.48 0.32 0.48 72 424 
n 0.9 0.16 0.77 0.8 0.14 367 863 
n 0.57 0.57 0.63 0.54 0.57 349 799 
n 0.8 0.82 0.69 0.81 0.16 127 43 
n 0.62 0.12 0.19 0.19 0.78 588 140 
n 0.46 0.76 0.77 0.87 0.59 23 355 
