t 400 10 4
n 0.29 0.75 0.68 0.61 436 588 
n 0.41 0.72 0.66 0.21 603 802 
n 0.46 0.3 0.31 0.2 862 954 
n 0.22 0.27 0.4 0.41 444 553 
n 0.25 0.42 0.53 0.23 796 797 
n 0.81 0.66 0.44 0.79 89 839 
n 0.82 0.11 0.42 0.23 234 851 
n 0.7 0.51 0.19 0.52 477 204 
n 0.41 0.14 0.43 0.48 406 602 
n 0.19 0.76 0.31 0.51 955 785 
n 0.6 0.47 0.47 0.11 593 969 
n 0.11 0.14 0.23 0.73 946 433 
n 0.61 0.18 0.72 0.17 83 601 
n 0.32 0.16 0.34 0.85 861 754 
n 0.88 0.31 0.62 0.55 248 699 
n 0.46 0.82 0.23 0.18 963 966 
n 0.41 0.88 0.32 0.52 126 537 
n 0.41 0.59 0.61 0.7 563 21 
n 0.65 0.37 0.11 0.28 55 619 
n 0.57 0.76 0.87 0.23 691 577 
n 0.72 0.69 0.51 0.78 237 707 
n 0.57 0.83 0.16 0.81 583 609 
n 0.54 0.51 0.87 0.86 404 942 
n 0.78 0.59 0.15 0.4 16 615 
n 0.26 0.38 0.74 0.68 20 63 
n 0.56 0.78 0.61 0.5 197 614 
n 0.68 0.64 0.72 0.86 913 429 
n 0.26 0.14 0.73 0.25 828 584 
n 0.12 0.54 0.15 0.13 50 41 
n 0.42 0.15 0.89 0.59 271 737 
n 0.37 0.59 0.78 0.14 979 717 
n 0.42 0.38 0.12 0.3 489 958 
n 0.72 0.74 0.65 0.12 817 281 
n 0.21 0.12 0.88 0.32 333 467 
n 0.73 0.17 0.7 0.84 278 946 
n 0.34 0.69 0.22 0.64 169 975 
n 0.63 0.55 0.22 0.56 806 538 
n 0.85 0.76 0.29 0.71 445 307 
n 0.47 0.19 0.9 0.43 307 553 
n 0.13 0.21 0.64 0.51 555 359 
n 0.69 0.58 0.83 0.86 156 179 
n 0.15 0.63 0.53 0.57 140 704 
n 0.5 0.37 0.9 0.74 963 443 
n 0.1 0.74 0.77 0.68 461 256 
n 0.23 0.34 0.63 0.79 386 488 
n 0.71 0.32 0.18 0.39 931 198 
n 0.35 0.31 0.78 0.19 280 896 
n 0.81 0.12 0.86 0.37 331 923 
n 0.73 0.81 0.55 0.25 34 890 
n 0.4 0.65 0.75 0.79 512 60 
n 0.67 0.48 0.18 0.36 233 328 
n 0.65 0.25 0.44 0.12 871 748 
n 0.85 0.8 0.89 0.87 126 27 
n 0.78 0.23 0.37 0.47 26 385 
n 0.32 0.82 0.59 0.88 551 318 
n 0.43 0.57 0.12 0.83 422 670 
n 0.68 0.74 0.43 0.43 699 642 
n 0.38 0.36 0.31 0.31 31 881 
n 0.39 0.54 0.57 0.4 487 988 
n 0.14 0.83 0.73 0.43 548 870 
n 0.3 0.71 0.14 0.76 764 228 
n 0.65 0.54 0.71 0.5 489 885 
n 0.82 0.75 0.82 0.32 909 483 
n 0.58 0.41 0.43 0.65 195 821 
n 0.69 0.72 0.45 0.7 172 112 
n 0.16 0.15 0.46 0.23 599 588 
n 0.65 0.4 0.33 0.32 133 508 
n 0.65 0.63 0.64 0.1 327 869 
n 0.19 0.67 0.16 0.49 268 788 
n 0.32 0.65 0.51 0.27 793 137 
n 0.23 0.2 0.14 0.82 157 187 
n 0.21 0.22 0.53 0.31 186 903 
n 0.52 0.55 0.87 0.29 746 819 
n 0.77 0.12 0.55 0.52 673 142 
n 0.71 0.14 0.68 0.6 795 497 
n 0.37 0.66 0.13 0.56 299 797 
n 0.24 0.45 0.55 0.14 92 378 
n 0.5 0.38 0.11 0.32 918 105 
n 0.38 0.23 0.26 0.2 370 275 
n 0.32 0.59 0.84 0.6 789 738 
n 0.63 0.38 0.55 0.48 800 159 
n 0.83 0.78 0.19 0.71 748 537 
n 0.7 0.43 0.55 0.31 487 89 
n 0.71 0.55 0.75 0.52 149 95 
n 0.53 0.83 0.49 0.38 232 10 
n 0.55 0.29 0.17 0.55 973 220 
n 0.75 0.38 0.13 0.62 41 260 
n 0.13 0.83 0.79 0.42 192 293 
n 0.78 0.2 0.22 0.73 24 510 
n 0.62 0.67 0.8 0.37 317 312 
n 0.23 0.83 0.8 0.44 495 163 
n 0.32 0.51 0.47 0.72 525 681 
n 0.28 0.76 0.17 0.31 836 883 
n 0.68 0.63 0.7 0.81 775 181 
n 0.36 0.49 0.62 0.77 109 27 
n 0.3 0.1 0.64 0.7 653 672 
n 0.15 0.6 0.33 0.87 628 197 
n 0.44 0.35 0.23 0.74 2 712 
n 0.51 0.22 0.56 0.41 731 447 
n 0.13 0.16 0.75 0.17 580 933 
n 0.37 0.14 0.63 0.42 377 864 
n 0.23 0.44 0.5 0.31 258 251 
n 0.27 0.24 0.23 0.55 659 693 
n 0.73 0.15 0.15 0.74 701 439 
n 0.11 0.77 0.53 0.29 801 328 
n 0.69 0.82 0.72 0.51 755 582 
n 0.49 0.23 0.74 0.79 168 775 
n 0.46 0.86 0.33 0.33 608 673 
n 0.56 0.57 0.9 0.13 570 360 
n 0.25 0.19 0.54 0.31 506 795 
n 0.31 0.89 0.3 0.73 693 475 
n 0.54 0.12 0.56 0.18 615 416 
n 0.12 0.67 0.22 0.32 433 854 
n 0.27 0.67 0.86 0.66 227 149 
n 0.46 0.8 0.68 0.68 326 616 
n 0.43 0.72 0.69 0.5 756 997 
n 0.78 0.47 0.75 0.65 175 552 
n 0.43 0.67 0.33 0.12 207 753 
n 0.63 0.66 0.67 0.29 127 986 
n 0.56 0.57 0.16 0.81 245 596 
n 0.58 0.44 0.16 0.31 368 322 
n 0.34 0.74 0.22 0.59 618 808 
n 0.16 0.35 0.76 0.53 285 906 
n 0.61 0.42 0.42 0.34 347 933 
n 0.21 0.69 0.83 0.31 942 734 
n 0.62 0.48 0.84 0.28 923 410 
n 0.16 0.62 0.45 0.13 154 231 
n 0.83 0.53 0.21 0.18 476 253 
n 0.3 0.11 0.75 0.81 232 588 
n 0.61 0.9 0.27 0.87 440 819 
n 0.33 0.7 0.88 0.84 959 382 
n 0.39 0.22 0.23 0.58 659 989 
n 0.83 0.85 0.84 0.46 475 423 
n 0.51 0.27 0.66 0.14 735 76 
n 0.44 0.81 0.79 0.57 845 856 
n 0.39 0.72 0.38 0.49 10 830 
n 0.46 0.25 0.63 0.41 359 689 
n 0.76 0.8 0.4 0.56 901 207 
n 0.79 0.75 0.75 0.69 607 779 
n 0.56 0.51 0.56 0.77 682 85 
n 0.31 0.32 0.67 0.66 841 757 
n 0.72 0.61 0.77 0.41 450 884 
n 0.25 0.47 0.42 0.8 726 402 
n 0.75 0.55 0.39 0.14 883 150 
n 0.36 0.21 0.35 0.46 430 229 
n 0.53 0.14 0.51 0.78 981 822 
n 0.22 0.44 0.31 0.36 578 545 
n 0.42 0.57 0.86 0.14 542 818 
n 0.6 0.74 0.6 0.62 509 164 
n 0.13 0.89 0.74 0.5 876 251 
n 0.32 0.16 0.49 0.82 101 820 
n 0.74 0.77 0.86 0.36 486 5 
n 0.67 0.28 0.61 0.25 134 229 
n 0.58 0.63 0.43 0.48 167 944 
n 0.76 0.66 0.34 0.59 156 446 
n 0.47 0.4 0.22 0.72 268 69 
n 0.22 0.21 0.29 0.34 476 712 
n 0.57 0.59 0.19 0.41 457 809 
n 0.26 0.81 0.33 0.71 217 20 
n 0.47 0.45 0.72 0.85 165 812 
n 0.63 0.83 0.84 0.65 382 458 
n 0.77 0.15 0.31 0.76 311 221 
n 0.85 0.14 0.36 0.22 2 26 
n 0.77 0.25 0.46 0.53 135 579 
n 0.17 0.13 0.16 0.29 258 333 
n 0.86 0.32 0.25 0.58 678 547 
n 0.34 0.17 0.18 0.12 176 612 
n 0.62 0.68 0.22 0.83 560 331 
n 0.13 0.83 0.75 0.28 417 522 
n 0.46 0.59 0.6 0.75 852 420 
n 0.52 0.38 0.56 0.37 851 321 
n 0.74 0.11 0.8 0.4 746 57 
n 0.76 0.26 0.17 0.49 105 589 
n 0.89 0.8 0.34 0.37 64 87 
n 0.62 0.14 0.25 0.34 417 194 
n 0.13 0.24 0.12 0.87 884 559 
n 0.18 0.51 0.43 0.43 869 180 
n 0.29 0.48 0.31 0.83 262 426 
n 0.87 0.8 0.15 0.29 670 662 
n 0.24 0.68 0.23 0.86 420 34 
n 0.28 0.59 0.85 0.84 425 240 
n 0.87 0.59 0.37 0.13 615 5 
n 0.47 0.55 0.11 0.31 967 236 
n 0.39 0.5 0.72 0.25 181 963 
n 0.76 0.25 0.45 0.25 154 254 
n 0.51 0.63 0.3 0.72 138 545 
n 0.55 0.18 0.21 0.55 24 240 
n 0.2 0.14 0.11 0.66 701 43 
n 0.62 0.46 0.45 0.59 952 792 
n 0.41 0.44 0.47 0.27 190 10 
n 0.78 0.84 0.88 0.69 348 998 
n 0.58 0.22 0.38 0.25 331 9 
n 0.13 0.5 0.76 0.86 547 205 
n 0.52 0.75 0.32 0.83 777 291 
n 0.87 0.15 0.8 0.27 757 918 
n 0.29 0.59 0.47 0.65 172 773 
n 0.88 0.14 0.13 0.82 86 34 
n 0.2 0.63 0.84 0.25 905 126 
n 0.3 0.12 0.2 0.81 88 389 
n 0.64 0.51 0.48 0.3 22 103 
n 0.44 0.55 0.18 0.81 417 581 
n 0.2 0.68 0.53 0.71 206 477 
n 0.14 0.18 0.72 0.52 487 625 
n 0.39 0.1 0.22 0.35 372 78 
n 0.24 0.61 0.37 0.1 118 480 
n 0.63 0.88 0.41 0.73 296 923 
n 0.16 0.55 0.85 0.36 879 967 
n 0.32 0.68 0.17 0.67 890 108 
n 0.84 0.18 0.68 0.89 637 853 
n 0.58 0.23 0.19 0.26 382 96 
n 0.32 0.13 0.72 0.23 135 416 
n 0.72 0.12 0.61 0.32 760 814 
n 0.17 0.15 0.25 0.87 45 941 
n 0.44 0.55 0.66 0.77 245 474 
n 0.67 0.44 0.1 0.75 643 590 
n 0.84 0.53 0.47 0.43 228 538 
n 0.79 0.58 0.48 0.41 646 37 
n 0.74 0.29 0.74 0.61 882 436 
n 0.54 0.89 0.6 0.62 681 156 
n 0.64 0.63 0.12 0.4 812 466 
n 0.37 0.64 0.72 0.31 963 585 
n 0.14 0.61 0.8 0.24 313 611 
n 0.79 0.66 0.4 0.31 854 622 
n 0.17 0.64 0.64 0.6 518 990 
n 0.53 0.16 0.76 0.13 272 202 
n 0.38 0.32 0.57 0.36 762 751 
n 0.46 0.77 0.71 0.41 649 604 
n 0.62 0.22 0.34 0.58 784 742 
n 0.82 0.8 0.5 0.84 399 192 
n 0.48 0.67 0.33 0.6 32 939 
n 0.8 0.64 0.86 0.28 814 436 
n 0.2 0.44 0.22 0.52 291 292 
n 0.25 0.23 0.44 0.49 607 14 
n 0.81 0.41 0.13 0.21 93 434 
n 0.79 0.49 0.38 0.55 769 183 
n 0.29 0.74 0.7 0.43 176 409 
n 0.86 0.24 0.32 0.29 345 388 
n 0.26 0.86 0.49 0.76 227 344 
n 0.41 0.37 0.9 0.73 491 329 
n 0.86 0.45 0.81 0.59 26 670 
n 0.29 0.69 0.79 0.36 789 180 
n 0.33 0.41 0.16 0.32 981 735 
n 0.55 0.28 0.67 0.36 58 207 
n 0.63 0.2 0.36 0.51 195 304 
n 0.21 0.45 0.44 0.42 544 996 
n 0.43 0.66 0.89 0.52 557 379 
n 0.76 0.67 0.86 0.33 257 607 
n 0.68 0.19 0.57 0.59 805 373 
n 0.38 0.62 0.31 0.88 462 417 
n 0.21 0.45 0.49 0.23 818 630 
n 0.15 0.73 0.38 0.2 415 824 
n 0.22 0.19 0.3 0.7 203 280 
n 0.84 0.74 0.12 0.12 326 908 
n 0.73 0.82 0.49 0.54 512 907 
n 0.24 0.14 0.36 0.72 827 803 
n 0.44 0.28 0.42 0.63 374 494 
n 0.76 0.79 0.12 0.77 599 620 
n 0.49 0.28 0.66 0.78 327 384 
n 0.27 0.47 0.4 0.19 360 175 
n 0.15 0.69 0.49 0.85 810 758 
n 0.85 0.53 0.52 0.55 261 213 
n 0.38 0.76 0.41 0.82 934 685 
n 0.54 0.87 0.81 0.84 176 365 
n 0.16 0.87 0.18 0.87 607 355 
n 0.22 0.59 0.37 0.22 668 810 
n 0.66 0.81 0.49 0.15 853 825 
n 0.55 0.84 0.61 0.74 746 56 
n 0.13 0.83 0.69 0.87 94 531 
n 0.8 0.38 0.15 0.35 819 607 
n 0.82 0.64 0.37 0.16 747 492 
n 0.57 0.72 0.7 0.28 231 961 
n 0.63 0.26 0.43 0.26 684 930 
n 0.84 0.34 0.53 0.11 431 686 
n 0.46 0.55 0.86 0.85 710 561 
n 0.8 0.36 0.14 0.48 452 663 
n 0.17 0.41 0.86 0.34 385 813 
n 0.49 0.69 0.39 0.16 886 5 
n 0.8 0.27 0.32 0.25 53 271 
n 0.28 0.5 0.71 0.8 153 952 
n 0.29 0.85 0.87 0.23 809 764 
n 0.71 0.59 0.73 0.89 775 780 
n 0.88 0.28 0.61 0.59 178 520 
n 0.9 0.71 0.59 0.57 989 256 
n 0.89 0.44 0.69 0.2 114 377 
n 0.83 0.51 0.41 0.43 236 494 
n 0.68 0.31 0.67 0.53 314 438 
n 0.53 0.58 0.89 0.86 274 173 
n 0.55 0.83 0.29 0.33 50 743 
n 0.27 0.88 0.11 0.69 6 354 
n 0.87 0.82 0.29 0.63 540 529 
n 0.8 0.53 0.38 0.61 786 433 
n 0.42 0.39 0.66 0.73 995 78 
n 0.65 0.56 0.76 0.12 510 834 
n 0.63 0.27 0.52 0.62 890 307 
n 0.62 0.15 0.72 0.13 304 536 
n 0.84 0.14 0.12 0.77 474 22 
n 0.29 0.27 0.83 0.42 869 485 
n 0.43 0.83 0.76 0.61 92 661 
n 0.21 0.51 0.59 0.29 617 749 
n 0.39 0.4 0.32 0.35 414 748 
n 0.73 0.56 0.85 0.82 236 683 
n 0.12 0.44 0.67 0.56 975 172 
n 0.49 0.41 0.58 0.22 732 321 
n 0.47 0.68 0.87 0.73 334 595 
n 0.17 0.12 0.53 0.28 561 14 
n 0.31 0.44 0.71 0.51 33 546 
n 0.48 0.79 0.59 0.61 452 798 
n 0.63 0.5 0.73 0.71 197 2 
n 0.41 0.27 0.44 0.64 236 400 
n 0.71 0.17 0.43 0.55 748 360 
n 0.34 0.59 0.1 0.22 431 816 
n 0.55 0.38 0.12 0.79 22 257 
n 0.46 0.64 0.49 0.62 345 230 
n 0.84 0.18 0.34 0.49 755 929 
n 0.7 0.58 0.5 0.28 257 179 
n 0.38 0.48 0.81 0.74 233 789 
n 0.85 0.1 0.2 0.82 110 555 
n 0.71 0.43 0.29 0.85 818 389 
n 0.89 0.12 0.89 0.69 439 137 
n 0.86 0.78 0.16 0.51 345 838 
n 0.36 0.25 0.81 0.87 921 460 
n 0.39 0.47 0.22 0.81 950 34 
n 0.38 0.71 0.81 0.17 124 911 
n 0.71 0.51 0.56 0.36 827 235 
n 0.18 0.54 0.44 0.23 968 167 
n 0.77 0.41 0.14 0.86 764 559 
n 0.55 0.43 0.57 0.27 477 835 
n 0.28 0.8 0.89 0.66 189 621 
n 0.25 0.59 0.77 0.84 500 885 
n 0.21 0.55 0.24 0.5 808 879 
n 0.58 0.34 0.8 0.67 6 123 
n 0.71 0.18 0.73 0.64 681 980 
n 0.9 0.57 0.37 0.36 752 173 
n 0.17 0.79 0.46 0.72 741 360 
n 0.17 0.22 0.34 0.77 494 200 
n 0.57 0.18 0.32 0.12 225 556 
n 0.14 0.48 0.87 0.47 782 688 
n 0.23 0.63 0.53 0.18 560 171 
n 0.82 0.43 0.72 0.37 463 712 
n 0.53 0.34 0.13 0.18 100 192 
n 0.54 0.59 0.7 0.65 258 815 
n 0.84 0.24 0.42 0.64 43 926 
n 0.76 0.49 0.29 0.2 173 173 
n 0.85 0.31 0.73 0.27 483 814 
n 0.9 0.48 0.42 0.83 537 894 
n 0.26 0.59 0.45 0.54 3 973 
n 0.37 0.54 0.52 0.79 287 436 
n 0.21 0.15 0.83 0.65 34 282 
n 0.29 0.48 0.18 0.9 382 229 
n 0.43 0.26 0.77 0.44 407 858 
n 0.16 0.85 0.1 0.78 958 26 
n 0.74 0.55 0.46 0.41 534 450 
n 0.12 0.33 0.88 0.86 891 772 
n 0.78 0.19 0.69 0.66 610 715 
n 0.7 0.5 0.42 0.81 801 369 
n 0.75 0.38 0.5 0.83 7 197 
n 0.12 0.24 0.33 0.11 123 437 
n 0.73 0.41 0.26 0.87 518 649 
n 0.15 0.2 0.83 0.56 235 41 
n 0.14 0.3 0.75 0.7 604 724 
n 0.67 0.66 0.12 0.73 910 949 
n 0.35 0.28 0.33 0.61 498 927 
n 0.82 0.14 0.62 0.83 549 953 
n 0.64 0.55 0.16 0.66 779 99 
n 0.83 0.78 0.32 0.77 582 76 
n 0.83 0.11 0.76 0.74 215 82 
n 0.51 0.46 0.78 0.77 560 623 
n 0.25 0.2 0.13 0.19 694 556 
n 0.11 0.33 0.42 0.5 90 17 
n 0.46 0.71 0.82 0.65 760 412 
n 0.89 0.45 0.52 0.28 627 527 
n 0.46 0.81 0.86 0.11 996 235 
n 0.56 0.32 0.29 0.56 919 877 
n 0.57 0.75 0.59 0.14 990 47 
n 0.71 0.32 0.4 0.65 378 314 
n 0.18 0.57 0.27 0.71 961 413 
n 0.45 0.29 0.8 0.8 825 709 
n 0.48 0.42 0.82 0.24 827 580 
n 0.84 0.84 0.23 0.84 36 990 
n 0.3 0.17 0.11 0.27 620 282 
n 0.59 0.69 0.58 0.64 110 121 
n 0.5 0.78 0.51 0.87 739 821 
n 0.12 0.53 0.67 0.18 274 258 
n 0.75 0.54 0.55 0.47 83 644 
n 0.5 0.47 0.36 0.88 593 764 
n 0.32 0.26 0.31 0.77 725 471 
n 0.64 0.74 0.3 0.14 778 902 
n 0.23 0.85 0.66 0.77 886 666 
n 0.47 0.79 0.36 0.69 27 164 
n 0.66 0.64 0.81 0.76 741 973 
n 0.81 0.88 0.59 0.7 166 712 
n 0.57 0.42 0.46 0.15 256 127 
n 0.66 0.65 0.35 0.77 927 900 
n 0.22 0.77 0.38 0.42 525 54 
n 0.56 0.14 0.34 0.54 72 424 
n 0.69 0.67 0.22 0.86 367 863 
n 0.27 0.38 0.88 0.41 349 799 
n 0.59 0.34 0.62 0.62 127 43 
n 0.81 0.83 0.29 0.51 588 140 
n 0.17 0.26 0.7 0.61 23 355 
