t 225 20 5
n 0.11 0.42 0.23 0.7 0.51 4000 4000 
n 0.19 0.52 0.41 0.14 0.43 4000 4500 
n 0.48 0.19 0.76 0.31 0.51 4000 5000 
n 0.6 0.47 0.47 0.11 0.11 4000 5500 
n 0.14 0.23 0.73 0.61 0.18 4000 6000 
n 0.72 0.17 0.32 0.16 0.34 4000 6500 
n 0.85 0.88 0.31 0.62 0.55 4000 7000 
n 0.46 0.82 0.23 0.18 0.41 4000 7500 
n 0.88 0.32 0.52 0.41 0.59 4000 8000 
n 0.61 0.7 0.65 0.37 0.11 4000 8500 
n 0.28 0.57 0.76 0.87 0.23 4000 9000 
n 0.72 0.69 0.51 0.78 0.57 4000 9500 
n 0.83 0.16 0.81 0.54 0.51 4000 10000 
n 0.87 0.86 0.78 0.59 0.15 4000 10500 
n 0.4 0.26 0.38 0.74 0.68 4000 11000 
n 0.56 0.78 0.61 0.5 0.68 4000 11500 
n 0.64 0.72 0.86 0.26 0.14 4000 12000 
n 0.73 0.25 0.12 0.54 0.15 4000 12500 
n 0.13 0.42 0.15 0.89 0.59 4000 13000 
n 0.37 0.59 0.78 0.14 0.42 4000 13500 
n 0.38 0.12 0.3 0.72 0.74 4000 14000 
n 0.65 0.12 0.21 0.12 0.88 4000 14500 
n 0.32 0.73 0.17 0.7 0.84 4000 15000 
n 0.34 0.69 0.22 0.64 0.63 4000 15500 
n 0.55 0.22 0.56 0.85 0.76 4000 16000 
n 0.29 0.71 0.47 0.19 0.9 7000 4000 
n 0.43 0.13 0.21 0.64 0.51 7000 4500 
n 0.69 0.58 0.83 0.86 0.15 7000 5000 
n 0.63 0.53 0.57 0.5 0.37 7000 5500 
n 0.9 0.74 0.1 0.74 0.77 7000 6000 
n 0.68 0.23 0.34 0.63 0.79 7000 6500 
n 0.71 0.32 0.18 0.39 0.35 7000 7000 
n 0.31 0.78 0.19 0.81 0.12 7000 7500 
n 0.86 0.37 0.73 0.81 0.55 7000 8000 
n 0.25 0.4 0.65 0.75 0.79 7000 8500 
n 0.67 0.48 0.18 0.36 0.65 7000 9000 
n 0.25 0.44 0.12 0.85 0.8 7000 9500 
n 0.89 0.87 0.78 0.23 0.37 7000 10000 
n 0.47 0.32 0.82 0.59 0.88 7000 10500 
n 0.43 0.57 0.12 0.83 0.68 7000 11000 
n 0.74 0.43 0.43 0.38 0.36 7000 11500 
n 0.31 0.31 0.39 0.54 0.57 7000 12000 
n 0.4 0.14 0.83 0.73 0.43 7000 12500 
n 0.3 0.71 0.14 0.76 0.65 7000 13000 
n 0.54 0.71 0.5 0.82 0.75 7000 13500 
n 0.82 0.32 0.58 0.41 0.43 7000 14000 
n 0.65 0.69 0.72 0.45 0.7 7000 14500 
n 0.16 0.15 0.46 0.23 0.65 7000 15000 
n 0.4 0.33 0.32 0.65 0.63 7000 15500 
n 0.64 0.1 0.19 0.67 0.16 7000 16000 
n 0.49 0.32 0.65 0.51 0.27 10000 4000 
n 0.23 0.2 0.14 0.82 0.21 10000 4500 
n 0.22 0.53 0.31 0.52 0.55 10000 5000 
n 0.87 0.29 0.77 0.12 0.55 10000 5500 
n 0.52 0.71 0.14 0.68 0.6 10000 6000 
n 0.37 0.66 0.13 0.56 0.24 10000 6500 
n 0.45 0.55 0.14 0.5 0.38 10000 7000 
n 0.11 0.32 0.38 0.23 0.26 10000 7500 
n 0.2 0.32 0.59 0.84 0.6 10000 8000 
n 0.63 0.38 0.55 0.48 0.83 10000 8500 
n 0.78 0.19 0.71 0.7 0.43 10000 9000 
n 0.55 0.31 0.71 0.55 0.75 10000 9500 
n 0.52 0.53 0.83 0.49 0.38 10000 10000 
n 0.55 0.29 0.17 0.55 0.75 10000 10500 
n 0.38 0.13 0.62 0.13 0.83 10000 11000 
n 0.79 0.42 0.78 0.2 0.22 10000 11500 
n 0.73 0.62 0.67 0.8 0.37 10000 12000 
n 0.23 0.83 0.8 0.44 0.32 10000 12500 
n 0.51 0.47 0.72 0.28 0.76 10000 13000 
n 0.17 0.31 0.68 0.63 0.7 10000 13500 
n 0.81 0.36 0.49 0.62 0.77 10000 14000 
n 0.3 0.1 0.64 0.7 0.15 10000 14500 
n 0.6 0.33 0.87 0.44 0.35 10000 15000 
n 0.23 0.74 0.51 0.22 0.56 10000 15500 
n 0.41 0.13 0.16 0.75 0.17 10000 16000 
n 0.37 0.14 0.63 0.42 0.23 13000 4000 
n 0.44 0.5 0.31 0.27 0.24 13000 4500 
n 0.23 0.55 0.73 0.15 0.15 13000 5000 
n 0.74 0.11 0.77 0.53 0.29 13000 5500 
n 0.69 0.82 0.72 0.51 0.49 13000 6000 
n 0.23 0.74 0.79 0.46 0.86 13000 6500 
n 0.33 0.33 0.56 0.57 0.9 13000 7000 
n 0.13 0.25 0.19 0.54 0.31 13000 7500 
n 0.31 0.89 0.3 0.73 0.54 13000 8000 
n 0.12 0.56 0.18 0.12 0.67 13000 8500 
n 0.22 0.32 0.27 0.67 0.86 13000 9000 
n 0.66 0.46 0.8 0.68 0.68 13000 9500 
n 0.43 0.72 0.69 0.5 0.78 13000 10000 
n 0.47 0.75 0.65 0.43 0.67 13000 10500 
n 0.33 0.12 0.63 0.66 0.67 13000 11000 
n 0.29 0.56 0.57 0.16 0.81 13000 11500 
n 0.58 0.44 0.16 0.31 0.34 13000 12000 
n 0.74 0.22 0.59 0.16 0.35 13000 12500 
n 0.76 0.53 0.61 0.42 0.42 13000 13000 
n 0.34 0.21 0.69 0.83 0.31 13000 13500 
n 0.62 0.48 0.84 0.28 0.16 13000 14000 
n 0.62 0.45 0.13 0.83 0.53 13000 14500 
n 0.21 0.18 0.3 0.11 0.75 13000 15000 
n 0.81 0.61 0.9 0.27 0.87 13000 15500 
n 0.33 0.7 0.88 0.84 0.39 13000 16000 
n 0.22 0.23 0.58 0.83 0.85 16000 4000 
n 0.84 0.46 0.51 0.27 0.66 16000 4500 
n 0.14 0.44 0.81 0.79 0.57 16000 5000 
n 0.39 0.72 0.38 0.49 0.46 16000 5500 
n 0.25 0.63 0.41 0.76 0.8 16000 6000 
n 0.4 0.56 0.79 0.75 0.75 16000 6500 
n 0.69 0.56 0.51 0.56 0.77 16000 7000 
n 0.31 0.32 0.67 0.66 0.72 16000 7500 
n 0.61 0.77 0.41 0.25 0.47 16000 8000 
n 0.42 0.8 0.75 0.55 0.39 16000 8500 
n 0.14 0.36 0.21 0.35 0.46 16000 9000 
n 0.53 0.14 0.51 0.78 0.22 16000 9500 
n 0.44 0.31 0.36 0.42 0.57 16000 10000 
n 0.86 0.14 0.6 0.74 0.6 16000 10500 
n 0.62 0.13 0.89 0.74 0.5 16000 11000 
n 0.32 0.16 0.49 0.82 0.74 16000 11500 
n 0.77 0.86 0.36 0.67 0.28 16000 12000 
n 0.61 0.25 0.58 0.63 0.43 16000 12500 
n 0.48 0.76 0.66 0.34 0.59 16000 13000 
n 0.47 0.4 0.22 0.72 0.22 16000 13500 
n 0.21 0.29 0.34 0.57 0.59 16000 14000 
n 0.19 0.41 0.26 0.81 0.33 16000 14500 
n 0.71 0.47 0.45 0.72 0.85 16000 15000 
n 0.63 0.83 0.84 0.65 0.77 16000 15500 
n 0.15 0.31 0.76 0.85 0.14 16000 16000 
n 0.36 0.22 0.77 0.25 0.46 4500 4000 
n 0.53 0.17 0.13 0.16 0.29 5000 4000 
n 0.86 0.32 0.25 0.58 0.34 5500 4000 
n 0.17 0.18 0.12 0.62 0.68 6000 4000 
n 0.22 0.83 0.13 0.83 0.75 6500 4000 
n 0.28 0.46 0.59 0.6 0.75 4500 7000 
n 0.52 0.38 0.56 0.37 0.74 5000 7000 
n 0.11 0.8 0.4 0.76 0.26 5500 7000 
n 0.17 0.49 0.89 0.8 0.34 6000 7000 
n 0.37 0.62 0.14 0.25 0.34 6500 7000 
n 0.13 0.24 0.12 0.87 0.18 4500 10000 
n 0.51 0.43 0.43 0.29 0.48 5000 10000 
n 0.31 0.83 0.87 0.8 0.15 5500 10000 
n 0.29 0.24 0.68 0.23 0.86 6000 10000 
n 0.28 0.59 0.85 0.84 0.87 6500 10000 
n 0.59 0.37 0.13 0.47 0.55 4500 13000 
n 0.11 0.31 0.39 0.5 0.72 5000 13000 
n 0.25 0.76 0.25 0.45 0.25 5500 13000 
n 0.51 0.63 0.3 0.72 0.55 6000 13000 
n 0.18 0.21 0.55 0.2 0.14 6500 13000 
n 0.11 0.66 0.62 0.46 0.45 4500 16000 
n 0.59 0.41 0.44 0.47 0.27 5000 16000 
n 0.78 0.84 0.88 0.69 0.58 5500 16000 
n 0.22 0.38 0.25 0.13 0.5 6000 16000 
n 0.76 0.86 0.52 0.75 0.32 6500 16000 
n 0.83 0.87 0.15 0.8 0.27 7500 4000 
n 0.29 0.59 0.47 0.65 0.88 8000 4000 
n 0.14 0.13 0.82 0.2 0.63 8500 4000 
n 0.84 0.25 0.3 0.12 0.2 9000 4000 
n 0.81 0.64 0.51 0.48 0.3 9500 4000 
n 0.44 0.55 0.18 0.81 0.2 7500 7000 
n 0.68 0.53 0.71 0.14 0.18 8000 7000 
n 0.72 0.52 0.39 0.1 0.22 8500 7000 
n 0.35 0.24 0.61 0.37 0.1 9000 7000 
n 0.63 0.88 0.41 0.73 0.16 9500 7000 
n 0.55 0.85 0.36 0.32 0.68 7500 10000 
n 0.17 0.67 0.84 0.18 0.68 8000 10000 
n 0.89 0.58 0.23 0.19 0.26 8500 10000 
n 0.32 0.13 0.72 0.23 0.72 9000 10000 
n 0.12 0.61 0.32 0.17 0.15 9500 10000 
n 0.25 0.87 0.44 0.55 0.66 7500 13000 
n 0.77 0.67 0.44 0.1 0.75 8000 13000 
n 0.84 0.53 0.47 0.43 0.79 8500 13000 
n 0.58 0.48 0.41 0.74 0.29 9000 13000 
n 0.74 0.61 0.54 0.89 0.6 9500 13000 
n 0.62 0.64 0.63 0.12 0.4 7500 16000 
n 0.37 0.64 0.72 0.31 0.14 8000 16000 
n 0.61 0.8 0.24 0.79 0.66 8500 16000 
n 0.4 0.31 0.17 0.64 0.64 9000 16000 
n 0.6 0.53 0.16 0.76 0.13 9500 16000 
n 0.38 0.32 0.57 0.36 0.46 10500 4000 
n 0.77 0.71 0.41 0.62 0.22 11000 4000 
n 0.34 0.58 0.82 0.8 0.5 11500 4000 
n 0.84 0.48 0.67 0.33 0.6 12000 4000 
n 0.8 0.64 0.86 0.28 0.2 12500 4000 
n 0.44 0.22 0.52 0.25 0.23 10500 7000 
n 0.44 0.49 0.81 0.41 0.13 11000 7000 
n 0.21 0.79 0.49 0.38 0.55 11500 7000 
n 0.29 0.74 0.7 0.43 0.86 12000 7000 
n 0.24 0.32 0.29 0.26 0.86 12500 7000 
n 0.49 0.76 0.41 0.37 0.9 10500 10000 
n 0.73 0.86 0.45 0.81 0.59 11000 10000 
n 0.29 0.69 0.79 0.36 0.33 11500 10000 
n 0.41 0.16 0.32 0.55 0.28 12000 10000 
n 0.67 0.36 0.63 0.2 0.36 12500 10000 
n 0.51 0.21 0.45 0.44 0.42 10500 13000 
n 0.43 0.66 0.89 0.52 0.76 11000 13000 
n 0.67 0.86 0.33 0.68 0.19 11500 13000 
n 0.57 0.59 0.38 0.62 0.31 12000 13000 
n 0.88 0.21 0.45 0.49 0.23 12500 13000 
n 0.15 0.73 0.38 0.2 0.22 10500 16000 
n 0.19 0.3 0.7 0.84 0.74 11000 16000 
n 0.12 0.12 0.73 0.82 0.49 11500 16000 
n 0.54 0.24 0.14 0.36 0.72 12000 16000 
n 0.44 0.28 0.42 0.63 0.76 12500 16000 
n 0.79 0.12 0.77 0.49 0.28 13500 4000 
n 0.66 0.78 0.27 0.47 0.4 14000 4000 
n 0.19 0.15 0.69 0.49 0.85 14500 4000 
n 0.85 0.53 0.52 0.55 0.38 15000 4000 
n 0.76 0.41 0.82 0.54 0.87 15500 4000 
n 0.81 0.84 0.16 0.87 0.18 13500 7000 
n 0.87 0.22 0.59 0.37 0.22 14000 7000 
n 0.66 0.81 0.49 0.15 0.55 14500 7000 
n 0.84 0.61 0.74 0.13 0.83 15000 7000 
n 0.69 0.87 0.8 0.38 0.15 15500 7000 
n 0.35 0.82 0.64 0.37 0.16 13500 10000 
n 0.57 0.72 0.7 0.28 0.63 14000 10000 
n 0.26 0.43 0.26 0.84 0.34 14500 10000 
n 0.53 0.11 0.46 0.55 0.86 15000 10000 
n 0.85 0.8 0.36 0.14 0.48 15500 10000 
n 0.17 0.41 0.86 0.34 0.49 13500 13000 
n 0.69 0.39 0.16 0.8 0.27 14000 13000 
n 0.32 0.25 0.28 0.5 0.71 14500 13000 
n 0.8 0.29 0.85 0.87 0.23 15000 13000 
n 0.71 0.59 0.73 0.89 0.88 15500 13000 
n 0.28 0.61 0.59 0.9 0.71 13500 16000 
n 0.59 0.57 0.89 0.44 0.69 14000 16000 
n 0.2 0.83 0.51 0.41 0.43 14500 16000 
n 0.68 0.31 0.67 0.53 0.53 15000 16000 
n 0.58 0.89 0.86 0.55 0.83 15500 16000 
