t 225 20 3
n 0.41 0.36 0.8 4000 4000 
n 0.49 0.52 0.4 4000 4500 
n 0.62 0.73 0.81 4000 5000 
n 0.61 0.33 0.26 4000 5500 
n 0.19 0.8 0.61 4000 6000 
n 0.29 0.68 0.85 4000 6500 
n 0.34 0.59 0.83 4000 7000 
n 0.14 0.46 0.82 4000 7500 
n 0.59 0.46 0.35 4000 8000 
n 0.41 0.74 0.56 4000 8500 
n 0.42 0.32 0.48 4000 9000 
n 0.85 0.8 0.89 4000 9500 
n 0.61 0.89 0.62 4000 10000 
n 0.54 0.78 0.32 4000 10500 
n 0.82 0.3 0.83 4000 11000 
n 0.87 0.34 0.76 4000 11500 
n 0.48 0.6 0.23 4000 12000 
n 0.31 0.17 0.73 4000 12500 
n 0.34 0.83 0.18 4000 13000 
n 0.19 0.3 0.41 4000 13500 
n 0.47 0.26 0.72 4000 14000 
n 0.86 0.3 0.49 4000 14500 
n 0.3 0.37 0.55 4000 15000 
n 0.67 0.36 0.83 4000 15500 
n 0.11 0.19 0.31 4000 16000 
n 0.67 0.72 0.14 7000 4000 
n 0.27 0.17 0.2 7000 4500 
n 0.17 0.38 0.37 7000 5000 
n 0.42 0.27 0.67 7000 5500 
n 0.57 0.53 0.85 7000 6000 
n 0.89 0.72 0.74 7000 6500 
n 0.85 0.32 0.84 7000 7000 
n 0.51 0.9 0.3 7000 7500 
n 0.73 0.76 0.17 7000 8000 
n 0.87 0.36 0.59 7000 8500 
n 0.89 0.7 0.76 7000 9000 
n 0.32 0.29 0.58 7000 9500 
n 0.82 0.47 0.74 7000 10000 
n 0.17 0.75 0.88 7000 10500 
n 0.73 0.9 0.64 7000 11000 
n 0.49 0.89 0.27 7000 11500 
n 0.34 0.44 0.41 7000 12000 
n 0.75 0.82 0.34 7000 12500 
n 0.38 0.31 0.2 7000 13000 
n 0.52 0.35 0.4 7000 13500 
n 0.28 0.66 0.19 7000 14000 
n 0.76 0.56 0.77 7000 14500 
n 0.63 0.86 0.12 7000 15000 
n 0.58 0.86 0.27 7000 15500 
n 0.22 0.8 0.25 7000 16000 
n 0.3 0.14 0.26 10000 4000 
n 0.57 0.48 0.69 10000 4500 
n 0.19 0.62 0.17 10000 5000 
n 0.26 0.39 0.56 10000 5500 
n 0.52 0.85 0.42 10000 6000 
n 0.16 0.77 0.53 10000 6500 
n 0.62 0.58 0.79 10000 7000 
n 0.56 0.18 0.56 10000 7500 
n 0.62 0.22 0.85 10000 8000 
n 0.25 0.63 0.11 10000 8500 
n 0.29 0.31 0.45 10000 9000 
n 0.34 0.18 0.46 10000 9500 
n 0.83 0.31 0.23 10000 10000 
n 0.42 0.65 0.83 10000 10500 
n 0.4 0.24 0.71 10000 11000 
n 0.14 0.82 0.68 10000 11500 
n 0.4 0.53 0.44 10000 12000 
n 0.75 0.11 0.54 10000 12500 
n 0.5 0.36 0.88 10000 13000 
n 0.55 0.85 0.66 10000 13500 
n 0.32 0.78 0.15 10000 14000 
n 0.28 0.43 0.74 10000 14500 
n 0.33 0.86 0.43 10000 15000 
n 0.71 0.25 0.82 10000 15500 
n 0.29 0.79 0.29 10000 16000 
n 0.12 0.84 0.29 13000 4000 
n 0.87 0.33 0.27 13000 4500 
n 0.83 0.84 0.11 13000 5000 
n 0.42 0.66 0.66 13000 5500 
n 0.86 0.64 0.71 13000 6000 
n 0.31 0.69 0.28 13000 6500 
n 0.65 0.27 0.78 13000 7000 
n 0.7 0.7 0.35 13000 7500 
n 0.7 0.6 0.11 13000 8000 
n 0.41 0.12 0.1 13000 8500 
n 0.29 0.77 0.8 13000 9000 
n 0.65 0.66 0.54 13000 9500 
n 0.34 0.71 0.52 13000 10000 
n 0.72 0.15 0.54 13000 10500 
n 0.27 0.13 0.43 13000 11000 
n 0.11 0.16 0.5 13000 11500 
n 0.76 0.1 0.89 13000 12000 
n 0.23 0.17 0.3 13000 12500 
n 0.11 0.79 0.47 13000 13000 
n 0.27 0.5 0.59 13000 13500 
n 0.72 0.17 0.48 13000 14000 
n 0.87 0.43 0.18 13000 14500 
n 0.63 0.48 0.89 13000 15000 
n 0.41 0.42 0.82 13000 15500 
n 0.89 0.73 0.81 13000 16000 
n 0.26 0.74 0.67 16000 4000 
n 0.75 0.59 0.56 16000 4500 
n 0.78 0.13 0.45 16000 5000 
n 0.88 0.82 0.6 16000 5500 
n 0.87 0.15 0.41 16000 6000 
n 0.69 0.76 0.68 16000 6500 
n 0.33 0.63 0.72 16000 7000 
n 0.54 0.14 0.61 16000 7500 
n 0.9 0.11 0.25 16000 8000 
n 0.58 0.1 0.6 16000 8500 
n 0.28 0.55 0.37 16000 9000 
n 0.52 0.42 0.67 16000 9500 
n 0.16 0.21 0.41 16000 10000 
n 0.86 0.75 0.27 16000 10500 
n 0.73 0.56 0.81 16000 11000 
n 0.24 0.57 0.41 16000 11500 
n 0.53 0.49 0.34 16000 12000 
n 0.69 0.55 0.53 16000 12500 
n 0.35 0.5 0.11 16000 13000 
n 0.81 0.54 0.62 16000 13500 
n 0.5 0.25 0.25 16000 14000 
n 0.87 0.21 0.7 16000 14500 
n 0.32 0.41 0.12 16000 15000 
n 0.71 0.82 0.7 16000 15500 
n 0.55 0.18 0.49 16000 16000 
n 0.39 0.57 0.87 4500 4000 
n 0.1 0.73 0.51 5000 4000 
n 0.9 0.6 0.22 5500 4000 
n 0.83 0.56 0.31 6000 4000 
n 0.59 0.55 0.84 6500 4000 
n 0.7 0.46 0.16 4500 7000 
n 0.12 0.24 0.73 5000 7000 
n 0.85 0.85 0.44 5500 7000 
n 0.45 0.18 0.73 6000 7000 
n 0.2 0.76 0.47 6500 7000 
n 0.7 0.8 0.83 4500 10000 
n 0.35 0.5 0.78 5000 10000 
n 0.5 0.6 0.39 5500 10000 
n 0.26 0.38 0.66 6000 10000 
n 0.44 0.55 0.38 6500 10000 
n 0.81 0.85 0.77 4500 13000 
n 0.74 0.18 0.82 5000 13000 
n 0.88 0.87 0.87 5500 13000 
n 0.51 0.48 0.54 6000 13000 
n 0.29 0.47 0.87 6500 13000 
n 0.19 0.71 0.23 4500 16000 
n 0.15 0.61 0.62 5000 16000 
n 0.68 0.79 0.35 5500 16000 
n 0.82 0.72 0.71 6000 16000 
n 0.42 0.46 0.33 6500 16000 
n 0.61 0.21 0.64 7500 4000 
n 0.66 0.52 0.77 8000 4000 
n 0.31 0.48 0.43 8500 4000 
n 0.51 0.72 0.32 9000 4000 
n 0.84 0.85 0.88 9500 4000 
n 0.38 0.29 0.27 7500 7000 
n 0.73 0.61 0.41 8000 7000 
n 0.62 0.59 0.77 8500 7000 
n 0.41 0.54 0.24 9000 7000 
n 0.71 0.19 0.84 9500 7000 
n 0.27 0.18 0.77 7500 10000 
n 0.19 0.52 0.4 8000 10000 
n 0.46 0.3 0.56 8500 10000 
n 0.14 0.58 0.11 9000 10000 
n 0.51 0.8 0.19 9500 10000 
n 0.39 0.57 0.7 7500 13000 
n 0.62 0.45 0.45 8000 13000 
n 0.44 0.66 0.68 8500 13000 
n 0.7 0.37 0.53 9000 13000 
n 0.49 0.48 0.34 9500 13000 
n 0.49 0.86 0.38 7500 16000 
n 0.11 0.8 0.41 8000 16000 
n 0.86 0.76 0.49 8500 16000 
n 0.21 0.24 0.6 9000 16000 
n 0.16 0.33 0.16 9500 16000 
n 0.23 0.68 0.72 10500 4000 
n 0.89 0.5 0.34 11000 4000 
n 0.73 0.32 0.12 11500 4000 
n 0.72 0.83 0.3 12000 4000 
n 0.9 0.14 0.16 12500 4000 
n 0.76 0.86 0.46 10500 7000 
n 0.28 0.21 0.88 11000 7000 
n 0.71 0.72 0.62 11500 7000 
n 0.65 0.52 0.21 12000 7000 
n 0.16 0.27 0.69 12500 7000 
n 0.2 0.7 0.85 10500 10000 
n 0.58 0.18 0.15 11000 10000 
n 0.27 0.64 0.31 11500 10000 
n 0.16 0.65 0.23 12000 10000 
n 0.82 0.42 0.13 12500 10000 
n 0.83 0.13 0.37 10500 13000 
n 0.36 0.47 0.5 11000 13000 
n 0.3 0.39 0.45 11500 13000 
n 0.5 0.3 0.71 12000 13000 
n 0.13 0.83 0.41 12500 13000 
n 0.65 0.72 0.78 10500 16000 
n 0.29 0.63 0.85 11000 16000 
n 0.52 0.51 0.74 11500 16000 
n 0.24 0.49 0.4 12000 16000 
n 0.73 0.16 0.76 12500 16000 
n 0.1 0.86 0.47 13500 4000 
n 0.34 0.49 0.49 14000 4000 
n 0.53 0.33 0.55 14500 4000 
n 0.23 0.42 0.11 15000 4000 
n 0.67 0.41 0.35 15500 4000 
n 0.58 0.12 0.22 13500 7000 
n 0.5 0.14 0.26 14000 7000 
n 0.31 0.25 0.68 14500 7000 
n 0.2 0.64 0.44 15000 7000 
n 0.44 0.11 0.44 15500 7000 
n 0.76 0.44 0.21 13500 10000 
n 0.21 0.19 0.66 14000 10000 
n 0.7 0.42 0.67 14500 10000 
n 0.22 0.78 0.5 15000 10000 
n 0.87 0.22 0.57 15500 10000 
n 0.62 0.4 0.51 13500 13000 
n 0.59 0.11 0.8 14000 13000 
n 0.87 0.49 0.69 14500 13000 
n 0.76 0.28 0.28 15000 13000 
n 0.61 0.39 0.64 15500 13000 
n 0.56 0.89 0.4 13500 16000 
n 0.62 0.13 0.29 14000 16000 
n 0.52 0.59 0.65 14500 16000 
n 0.26 0.52 0.63 15000 16000 
n 0.42 0.87 0.36 15500 16000 
