t 225 20 4
n 0.64 0.39 0.11 0.54 4000 4000 
n 0.55 0.66 0.52 0.33 4000 4500 
n 0.72 0.29 0.8 0.64 4000 5000 
n 0.42 0.45 0.46 0.16 4000 5500 
n 0.31 0.86 0.36 0.52 4000 6000 
n 0.4 0.15 0.87 0.58 4000 6500 
n 0.31 0.13 0.52 0.72 4000 7000 
n 0.25 0.78 0.85 0.84 4000 7500 
n 0.72 0.58 0.14 0.59 4000 8000 
n 0.41 0.46 0.66 0.42 4000 8500 
n 0.61 0.24 0.87 0.74 4000 9000 
n 0.77 0.71 0.68 0.86 4000 9500 
n 0.74 0.25 0.6 0.84 4000 10000 
n 0.39 0.31 0.78 0.16 4000 10500 
n 0.16 0.24 0.58 0.34 4000 11000 
n 0.23 0.71 0.27 0.1 4000 11500 
n 0.39 0.81 0.28 0.29 4000 12000 
n 0.64 0.33 0.39 0.86 4000 12500 
n 0.59 0.86 0.65 0.84 4000 13000 
n 0.69 0.33 0.88 0.14 4000 13500 
n 0.59 0.47 0.78 0.75 4000 14000 
n 0.68 0.42 0.21 0.43 4000 14500 
n 0.69 0.51 0.75 0.22 4000 15000 
n 0.15 0.43 0.32 0.76 4000 15500 
n 0.44 0.72 0.73 0.29 4000 16000 
n 0.21 0.81 0.32 0.47 7000 4000 
n 0.83 0.14 0.68 0.9 7000 4500 
n 0.21 0.2 0.69 0.2 7000 5000 
n 0.85 0.78 0.62 0.59 7000 5500 
n 0.55 0.14 0.37 0.55 7000 6000 
n 0.56 0.58 0.65 0.4 7000 6500 
n 0.43 0.73 0.62 0.13 7000 7000 
n 0.8 0.58 0.76 0.58 7000 7500 
n 0.58 0.73 0.57 0.73 7000 8000 
n 0.25 0.74 0.17 0.47 7000 8500 
n 0.42 0.55 0.53 0.84 7000 9000 
n 0.42 0.59 0.84 0.32 7000 9500 
n 0.72 0.9 0.39 0.54 7000 10000 
n 0.17 0.2 0.31 0.56 7000 10500 
n 0.7 0.77 0.59 0.21 7000 11000 
n 0.78 0.76 0.21 0.19 7000 11500 
n 0.77 0.71 0.39 0.78 7000 12000 
n 0.53 0.53 0.3 0.13 7000 12500 
n 0.37 0.17 0.4 0.62 7000 13000 
n 0.71 0.33 0.74 0.3 7000 13500 
n 0.12 0.15 0.72 0.44 7000 14000 
n 0.56 0.76 0.7 0.68 7000 14500 
n 0.52 0.37 0.6 0.61 7000 15000 
n 0.17 0.36 0.26 0.4 7000 15500 
n 0.57 0.74 0.62 0.85 7000 16000 
n 0.42 0.33 0.65 0.28 10000 4000 
n 0.44 0.1 0.26 0.59 10000 4500 
n 0.28 0.26 0.26 0.26 10000 5000 
n 0.45 0.8 0.63 0.84 10000 5500 
n 0.75 0.44 0.3 0.89 10000 6000 
n 0.43 0.36 0.13 0.88 10000 6500 
n 0.8 0.31 0.76 0.66 10000 7000 
n 0.38 0.71 0.35 0.2 10000 7500 
n 0.41 0.26 0.56 0.83 10000 8000 
n 0.72 0.69 0.55 0.79 10000 8500 
n 0.59 0.51 0.23 0.45 10000 9000 
n 0.81 0.86 0.42 0.72 10000 9500 
n 0.87 0.41 0.69 0.51 10000 10000 
n 0.23 0.41 0.17 0.71 10000 10500 
n 0.37 0.24 0.54 0.58 10000 11000 
n 0.36 0.12 0.27 0.17 10000 11500 
n 0.76 0.12 0.3 0.68 10000 12000 
n 0.11 0.5 0.72 0.53 10000 12500 
n 0.33 0.8 0.83 0.46 10000 13000 
n 0.66 0.32 0.75 0.45 10000 13500 
n 0.67 0.81 0.13 0.41 10000 14000 
n 0.5 0.38 0.16 0.65 10000 14500 
n 0.58 0.24 0.38 0.79 10000 15000 
n 0.16 0.4 0.83 0.84 10000 15500 
n 0.43 0.72 0.18 0.26 10000 16000 
n 0.54 0.75 0.24 0.37 13000 4000 
n 0.14 0.27 0.7 0.19 13000 4500 
n 0.79 0.82 0.18 0.89 13000 5000 
n 0.34 0.8 0.84 0.31 13000 5500 
n 0.69 0.85 0.6 0.63 13000 6000 
n 0.84 0.87 0.23 0.44 13000 6500 
n 0.56 0.74 0.44 0.17 13000 7000 
n 0.54 0.13 0.32 0.11 13000 7500 
n 0.3 0.15 0.65 0.32 13000 8000 
n 0.48 0.55 0.8 0.79 13000 8500 
n 0.78 0.6 0.77 0.62 13000 9000 
n 0.39 0.54 0.22 0.1 13000 9500 
n 0.37 0.72 0.87 0.61 13000 10000 
n 0.55 0.33 0.46 0.28 13000 10500 
n 0.76 0.35 0.76 0.4 13000 11000 
n 0.62 0.38 0.83 0.61 13000 11500 
n 0.21 0.38 0.58 0.76 13000 12000 
n 0.62 0.71 0.88 0.39 13000 12500 
n 0.78 0.33 0.71 0.55 13000 13000 
n 0.51 0.48 0.52 0.25 13000 13500 
n 0.88 0.62 0.75 0.71 13000 14000 
n 0.84 0.19 0.4 0.85 13000 14500 
n 0.34 0.4 0.24 0.89 13000 15000 
n 0.22 0.88 0.43 0.27 13000 15500 
n 0.23 0.38 0.32 0.87 13000 16000 
n 0.82 0.35 0.62 0.18 16000 4000 
n 0.52 0.67 0.43 0.11 16000 4500 
n 0.24 0.65 0.15 0.21 16000 5000 
n 0.16 0.56 0.33 0.8 16000 5500 
n 0.83 0.42 0.72 0.8 16000 6000 
n 0.16 0.74 0.32 0.47 16000 6500 
n 0.29 0.53 0.52 0.83 16000 7000 
n 0.3 0.77 0.66 0.36 16000 7500 
n 0.14 0.79 0.6 0.49 16000 8000 
n 0.44 0.26 0.5 0.59 16000 8500 
n 0.86 0.34 0.45 0.79 16000 9000 
n 0.65 0.77 0.31 0.59 16000 9500 
n 0.37 0.71 0.25 0.21 16000 10000 
n 0.17 0.52 0.25 0.15 16000 10500 
n 0.19 0.1 0.57 0.87 16000 11000 
n 0.54 0.56 0.62 0.18 16000 11500 
n 0.23 0.83 0.17 0.73 16000 12000 
n 0.41 0.88 0.34 0.22 16000 12500 
n 0.84 0.22 0.23 0.15 16000 13000 
n 0.64 0.24 0.74 0.79 16000 13500 
n 0.31 0.13 0.53 0.48 16000 14000 
n 0.81 0.23 0.3 0.23 16000 14500 
n 0.74 0.52 0.81 0.62 16000 15000 
n 0.33 0.2 0.47 0.69 16000 15500 
n 0.6 0.22 0.45 0.4 16000 16000 
n 0.26 0.23 0.5 0.2 4500 4000 
n 0.85 0.67 0.72 0.84 5000 4000 
n 0.81 0.44 0.86 0.53 5500 4000 
n 0.15 0.18 0.62 0.61 6000 4000 
n 0.32 0.25 0.55 0.57 6500 4000 
n 0.32 0.84 0.79 0.24 4500 7000 
n 0.82 0.23 0.1 0.19 5000 7000 
n 0.9 0.55 0.51 0.24 5500 7000 
n 0.56 0.77 0.65 0.2 6000 7000 
n 0.67 0.56 0.53 0.76 6500 7000 
n 0.49 0.44 0.67 0.79 4500 10000 
n 0.3 0.19 0.72 0.31 5000 10000 
n 0.58 0.73 0.19 0.86 5500 10000 
n 0.4 0.14 0.86 0.26 6000 10000 
n 0.13 0.25 0.69 0.49 6500 10000 
n 0.49 0.67 0.24 0.34 4500 13000 
n 0.63 0.77 0.57 0.4 5000 13000 
n 0.72 0.42 0.89 0.85 5500 13000 
n 0.4 0.11 0.58 0.8 6000 13000 
n 0.77 0.18 0.19 0.39 6500 13000 
n 0.68 0.26 0.13 0.48 4500 16000 
n 0.59 0.42 0.4 0.7 5000 16000 
n 0.79 0.52 0.32 0.74 5500 16000 
n 0.65 0.26 0.64 0.22 6000 16000 
n 0.41 0.3 0.13 0.27 6500 16000 
n 0.65 0.64 0.61 0.42 7500 4000 
n 0.33 0.17 0.38 0.27 8000 4000 
n 0.57 0.36 0.51 0.43 8500 4000 
n 0.26 0.24 0.76 0.78 9000 4000 
n 0.63 0.11 0.28 0.15 9500 4000 
n 0.29 0.48 0.46 0.78 7500 7000 
n 0.79 0.72 0.11 0.23 8000 7000 
n 0.43 0.88 0.38 0.39 8500 7000 
n 0.89 0.32 0.4 0.19 9000 7000 
n 0.28 0.86 0.18 0.2 9500 7000 
n 0.8 0.64 0.81 0.73 7500 10000 
n 0.27 0.21 0.84 0.45 8000 10000 
n 0.64 0.88 0.61 0.73 8500 10000 
n 0.55 0.23 0.23 0.41 9000 10000 
n 0.19 0.86 0.26 0.43 9500 10000 
n 0.18 0.6 0.16 0.61 7500 13000 
n 0.14 0.77 0.57 0.63 8000 13000 
n 0.37 0.17 0.46 0.19 8500 13000 
n 0.23 0.83 0.67 0.85 9000 13000 
n 0.71 0.46 0.39 0.67 9500 13000 
n 0.79 0.67 0.18 0.42 7500 16000 
n 0.66 0.57 0.76 0.14 8000 16000 
n 0.36 0.32 0.85 0.75 8500 16000 
n 0.35 0.33 0.89 0.46 9000 16000 
n 0.62 0.81 0.89 0.72 9500 16000 
n 0.11 0.89 0.22 0.34 10500 4000 
n 0.73 0.19 0.79 0.11 11000 4000 
n 0.76 0.6 0.52 0.56 11500 4000 
n 0.51 0.8 0.13 0.56 12000 4000 
n 0.19 0.62 0.81 0.74 12500 4000 
n 0.35 0.29 0.62 0.75 10500 7000 
n 0.71 0.88 0.86 0.69 11000 7000 
n 0.75 0.4 0.65 0.58 11500 7000 
n 0.79 0.62 0.71 0.45 12000 7000 
n 0.87 0.21 0.42 0.28 12500 7000 
n 0.45 0.54 0.26 0.37 10500 10000 
n 0.52 0.2 0.71 0.72 11000 10000 
n 0.5 0.32 0.76 0.7 11500 10000 
n 0.55 0.77 0.62 0.34 12000 10000 
n 0.63 0.5 0.11 0.31 12500 10000 
n 0.44 0.14 0.41 0.41 10500 13000 
n 0.35 0.84 0.28 0.61 11000 13000 
n 0.34 0.55 0.65 0.7 11500 13000 
n 0.9 0.55 0.42 0.22 12000 13000 
n 0.6 0.64 0.68 0.41 12500 13000 
n 0.66 0.27 0.22 0.74 10500 16000 
n 0.34 0.32 0.22 0.38 11000 16000 
n 0.56 0.82 0.41 0.72 11500 16000 
n 0.87 0.1 0.21 0.87 12000 16000 
n 0.33 0.28 0.29 0.39 12500 16000 
n 0.25 0.53 0.16 0.83 13500 4000 
n 0.16 0.53 0.68 0.28 14000 4000 
n 0.63 0.26 0.34 0.56 14500 4000 
n 0.47 0.15 0.56 0.6 15000 4000 
n 0.6 0.73 0.74 0.71 15500 4000 
n 0.76 0.69 0.26 0.18 13500 7000 
n 0.63 0.41 0.7 0.19 14000 7000 
n 0.83 0.76 0.39 0.7 14500 7000 
n 0.21 0.73 0.47 0.1 15000 7000 
n 0.87 0.5 0.85 0.83 15500 7000 
n 0.37 0.54 0.78 0.78 13500 10000 
n 0.37 0.69 0.85 0.11 14000 10000 
n 0.44 0.6 0.74 0.56 14500 10000 
n 0.2 0.51 0.42 0.6 15000 10000 
n 0.71 0.34 0.5 0.82 15500 10000 
n 0.51 0.29 0.17 0.58 13500 13000 
n 0.86 0.83 0.87 0.51 14000 13000 
n 0.19 0.3 0.42 0.14 14500 13000 
n 0.18 0.84 0.76 0.29 15000 13000 
n 0.75 0.68 0.61 0.41 15500 13000 
n 0.72 0.66 0.21 0.46 13500 16000 
n 0.3 0.31 0.2 0.22 14000 16000 
n 0.27 0.4 0.41 0.25 14500 16000 
n 0.42 0.53 0.23 0.81 15000 16000 
n 0.66 0.44 0.79 0.82 15500 16000 
