t 225 5 3
n 0.41 0.36 0.8 155 151 
n 0.49 0.52 0.4 376 165 
n 0.62 0.73 0.81 184 151 
n 0.61 0.33 0.26 205 151 
n 0.19 0.8 0.61 205 172 
n 0.29 0.68 0.85 226 172 
n 0.34 0.59 0.83 226 186 
n 0.14 0.46 0.82 226 207 
n 0.59 0.46 0.35 226 236 
n 0.41 0.74 0.56 226 264 
n 0.42 0.32 0.48 226 293 
n 0.85 0.8 0.89 226 314 
n 0.61 0.89 0.62 226 336 
n 0.54 0.78 0.32 205 336 
n 0.82 0.3 0.83 191 336 
n 0.87 0.34 0.76 191 328 
n 0.48 0.6 0.23 177 328 
n 0.31 0.17 0.73 177 300 
n 0.34 0.83 0.18 155 300 
n 0.19 0.3 0.41 155 328 
n 0.47 0.26 0.72 155 357 
n 0.86 0.3 0.49 184 357 
n 0.3 0.37 0.55 219 357 
n 0.67 0.36 0.83 241 357 
n 0.11 0.19 0.31 269 357 
n 0.67 0.72 0.14 290 357 
n 0.27 0.17 0.2 387 136 
n 0.17 0.38 0.37 319 357 
n 0.42 0.27 0.67 319 336 
n 0.57 0.53 0.85 319 328 
n 0.89 0.72 0.74 319 300 
n 0.85 0.32 0.84 298 300 
n 0.51 0.9 0.3 290 328 
n 0.73 0.76 0.17 290 336 
n 0.87 0.36 0.59 298 328 
n 0.89 0.7 0.76 255 336 
n 0.32 0.29 0.58 255 314 
n 0.82 0.47 0.74 255 293 
n 0.17 0.75 0.88 255 272 
n 0.73 0.9 0.64 255 243 
n 0.49 0.89 0.27 255 222 
n 0.34 0.44 0.41 255 193 
n 0.75 0.82 0.34 255 172 
n 0.38 0.31 0.2 276 172 
n 0.52 0.35 0.4 296 151 
n 0.28 0.66 0.19 276 151 
n 0.76 0.56 0.77 376 151 
n 0.63 0.86 0.12 309 151 
n 0.58 0.86 0.27 355 165 
n 0.22 0.8 0.25 338 175 
n 0.3 0.14 0.26 355 175 
n 0.57 0.48 0.69 338 200 
n 0.19 0.62 0.17 338 222 
n 0.26 0.39 0.56 355 222 
n 0.52 0.85 0.42 355 200 
n 0.16 0.77 0.53 362 200 
n 0.62 0.58 0.79 362 186 
n 0.56 0.18 0.56 383 186 
n 0.62 0.22 0.85 383 179 
n 0.25 0.63 0.11 404 179 
n 0.29 0.31 0.45 404 186 
n 0.34 0.18 0.46 419 186 
n 0.83 0.31 0.23 419 200 
n 0.42 0.65 0.83 433 200 
n 0.4 0.24 0.71 433 222 
n 0.14 0.82 0.68 419 222 
n 0.4 0.53 0.44 419 236 
n 0.75 0.11 0.54 397 236 
n 0.5 0.36 0.88 397 243 
n 0.55 0.85 0.66 376 243 
n 0.32 0.78 0.15 376 257 
n 0.28 0.43 0.74 369 257 
n 0.33 0.86 0.43 369 264 
n 0.71 0.25 0.82 347 264 
n 0.29 0.79 0.29 347 279 
n 0.12 0.84 0.29 336 279 
n 0.87 0.33 0.27 336 328 
n 0.83 0.84 0.11 347 328 
n 0.42 0.66 0.66 347 343 
n 0.86 0.64 0.71 369 343 
n 0.31 0.69 0.28 369 354 
n 0.65 0.27 0.78 419 354 
n 0.7 0.7 0.35 419 343 
n 0.7 0.6 0.11 433 343 
n 0.41 0.12 0.1 433 357 
n 0.29 0.77 0.8 447 357 
n 0.65 0.66 0.54 447 321 
n 0.34 0.71 0.52 447 293 
n 0.72 0.15 0.54 433 293 
n 0.27 0.13 0.43 433 314 
n 0.11 0.16 0.5 419 314 
n 0.76 0.1 0.89 419 321 
n 0.23 0.17 0.3 397 321 
n 0.11 0.79 0.47 397 334 
n 0.27 0.5 0.59 376 334 
n 0.72 0.17 0.48 376 321 
n 0.87 0.43 0.18 362 321 
n 0.63 0.48 0.89 362 300 
n 0.41 0.42 0.82 376 300 
n 0.89 0.73 0.81 376 286 
n 0.26 0.74 0.67 397 286 
n 0.75 0.59 0.56 397 272 
n 0.78 0.13 0.45 419 272 
n 0.88 0.82 0.6 419 264 
n 0.87 0.15 0.41 440 264 
n 0.69 0.76 0.68 440 250 
n 0.33 0.63 0.72 454 250 
n 0.54 0.14 0.61 454 243 
n 0.9 0.11 0.25 461 243 
n 0.58 0.1 0.6 461 215 
n 0.28 0.55 0.37 461 193 
n 0.52 0.42 0.67 447 193 
n 0.16 0.21 0.41 447 179 
n 0.86 0.75 0.27 440 179 
n 0.73 0.56 0.81 440 168 
n 0.24 0.57 0.41 420 168 
n 0.53 0.49 0.34 420 151 
n 0.69 0.55 0.53 440 151 
n 0.35 0.5 0.11 454 151 
n 0.81 0.54 0.62 476 151 
n 0.5 0.25 0.25 476 172 
n 0.87 0.21 0.7 497 172 
n 0.32 0.41 0.12 497 193 
n 0.71 0.82 0.7 497 215 
n 0.55 0.18 0.49 497 243 
n 0.39 0.57 0.87 497 272 
n 0.1 0.73 0.51 497 293 
n 0.9 0.6 0.22 497 317 
n 0.83 0.56 0.31 497 336 
n 0.59 0.55 0.84 470 336 
n 0.7 0.46 0.16 470 357 
n 0.12 0.24 0.73 497 357 
n 0.85 0.85 0.44 347 151 
n 0.45 0.18 0.73 540 357 
n 0.2 0.76 0.47 561 357 
n 0.7 0.8 0.83 589 357 
n 0.35 0.5 0.78 589 343 
n 0.5 0.6 0.39 604 343 
n 0.26 0.38 0.66 611 343 
n 0.44 0.55 0.38 611 336 
n 0.81 0.85 0.77 611 321 
n 0.74 0.18 0.82 625 321 
n 0.88 0.87 0.87 625 279 
n 0.51 0.48 0.54 611 279 
n 0.29 0.47 0.87 611 257 
n 0.19 0.71 0.23 589 257 
n 0.15 0.61 0.62 589 250 
n 0.68 0.79 0.35 575 250 
n 0.82 0.72 0.71 561 250 
n 0.42 0.46 0.33 543 250 
n 0.61 0.21 0.64 543 264 
n 0.66 0.52 0.77 561 264 
n 0.31 0.48 0.43 575 264 
n 0.51 0.72 0.32 575 272 
n 0.84 0.85 0.88 582 272 
n 0.38 0.29 0.27 582 286 
n 0.73 0.61 0.41 596 286 
n 0.62 0.59 0.77 561 336 
n 0.41 0.54 0.24 596 314 
n 0.71 0.19 0.84 582 314 
n 0.27 0.18 0.77 582 321 
n 0.19 0.52 0.4 575 321 
n 0.46 0.3 0.56 575 336 
n 0.14 0.58 0.11 525 336 
n 0.51 0.8 0.19 525 314 
n 0.39 0.57 0.7 525 300 
n 0.62 0.45 0.45 525 282 
n 0.44 0.66 0.68 525 233 
n 0.7 0.37 0.53 525 215 
n 0.49 0.48 0.34 525 193 
n 0.49 0.86 0.38 525 172 
n 0.11 0.8 0.41 547 172 
n 0.86 0.76 0.49 547 151 
n 0.21 0.24 0.6 568 151 
n 0.16 0.33 0.16 476 161 
n 0.23 0.68 0.72 604 151 
n 0.89 0.5 0.34 625 151 
n 0.73 0.32 0.12 625 136 
n 0.72 0.83 0.3 596 136 
n 0.9 0.14 0.16 575 136 
n 0.76 0.86 0.46 554 136 
n 0.28 0.21 0.88 532 136 
n 0.71 0.72 0.62 575 357 
n 0.65 0.52 0.21 490 136 
n 0.16 0.27 0.69 468 136 
n 0.2 0.7 0.85 447 136 
n 0.58 0.18 0.15 426 136 
n 0.27 0.64 0.31 404 136 
n 0.16 0.65 0.23 370 136 
n 0.82 0.42 0.13 362 151 
n 0.83 0.13 0.37 340 136 
n 0.36 0.47 0.5 326 136 
n 0.3 0.39 0.45 302 136 
n 0.5 0.3 0.71 276 136 
n 0.13 0.83 0.41 255 136 
n 0.65 0.72 0.78 316 136 
n 0.29 0.63 0.85 212 136 
n 0.52 0.51 0.74 191 136 
n 0.24 0.49 0.4 339 151 
n 0.73 0.16 0.76 155 136 
n 0.1 0.86 0.47 625 300 
n 0.34 0.49 0.49 319 322 
n 0.53 0.33 0.55 155 314 
n 0.23 0.42 0.11 312 357 
n 0.67 0.41 0.35 355 136 
n 0.58 0.12 0.22 319 314 
n 0.5 0.14 0.26 363 165 
n 0.31 0.25 0.68 255 357 
n 0.2 0.64 0.44 383 334 
n 0.44 0.11 0.44 447 336 
n 0.76 0.44 0.21 470 346 
n 0.21 0.19 0.66 525 250 
n 0.7 0.42 0.67 547 336 
n 0.22 0.78 0.5 525 261 
n 0.87 0.22 0.57 525 357 
n 0.62 0.4 0.51 336 299 
n 0.59 0.11 0.8 336 313 
n 0.87 0.49 0.69 293 136 
n 0.76 0.28 0.28 336 306 
n 0.61 0.39 0.64 426 264 
n 0.56 0.89 0.4 391 354 
n 0.62 0.13 0.29 483 336 
n 0.52 0.59 0.65 430 168 
n 0.26 0.52 0.63 331 151 
n 0.42 0.87 0.36 368 151 
