t 225 15 5
n 0.11 0.42 0.23 0.7 0.51 155 151 
n 0.19 0.52 0.41 0.14 0.43 376 165 
n 0.48 0.19 0.76 0.31 0.51 184 151 
n 0.6 0.47 0.47 0.11 0.11 205 151 
n 0.14 0.23 0.73 0.61 0.18 205 172 
n 0.72 0.17 0.32 0.16 0.34 226 172 
n 0.85 0.88 0.31 0.62 0.55 226 186 
n 0.46 0.82 0.23 0.18 0.41 226 207 
n 0.88 0.32 0.52 0.41 0.59 226 236 
n 0.61 0.7 0.65 0.37 0.11 226 264 
n 0.28 0.57 0.76 0.87 0.23 226 293 
n 0.72 0.69 0.51 0.78 0.57 226 314 
n 0.83 0.16 0.81 0.54 0.51 226 336 
n 0.87 0.86 0.78 0.59 0.15 205 336 
n 0.4 0.26 0.38 0.74 0.68 191 336 
n 0.56 0.78 0.61 0.5 0.68 191 328 
n 0.64 0.72 0.86 0.26 0.14 177 328 
n 0.73 0.25 0.12 0.54 0.15 177 300 
n 0.13 0.42 0.15 0.89 0.59 155 300 
n 0.37 0.59 0.78 0.14 0.42 155 328 
n 0.38 0.12 0.3 0.72 0.74 155 357 
n 0.65 0.12 0.21 0.12 0.88 184 357 
n 0.32 0.73 0.17 0.7 0.84 219 357 
n 0.34 0.69 0.22 0.64 0.63 241 357 
n 0.55 0.22 0.56 0.85 0.76 269 357 
n 0.29 0.71 0.47 0.19 0.9 290 357 
n 0.43 0.13 0.21 0.64 0.51 387 136 
n 0.69 0.58 0.83 0.86 0.15 319 357 
n 0.63 0.53 0.57 0.5 0.37 319 336 
n 0.9 0.74 0.1 0.74 0.77 319 328 
n 0.68 0.23 0.34 0.63 0.79 319 300 
n 0.71 0.32 0.18 0.39 0.35 298 300 
n 0.31 0.78 0.19 0.81 0.12 290 328 
n 0.86 0.37 0.73 0.81 0.55 290 336 
n 0.25 0.4 0.65 0.75 0.79 298 328 
n 0.67 0.48 0.18 0.36 0.65 255 336 
n 0.25 0.44 0.12 0.85 0.8 255 314 
n 0.89 0.87 0.78 0.23 0.37 255 293 
n 0.47 0.32 0.82 0.59 0.88 255 272 
n 0.43 0.57 0.12 0.83 0.68 255 243 
n 0.74 0.43 0.43 0.38 0.36 255 222 
n 0.31 0.31 0.39 0.54 0.57 255 193 
n 0.4 0.14 0.83 0.73 0.43 255 172 
n 0.3 0.71 0.14 0.76 0.65 276 172 
n 0.54 0.71 0.5 0.82 0.75 296 151 
n 0.82 0.32 0.58 0.41 0.43 276 151 
n 0.65 0.69 0.72 0.45 0.7 376 151 
n 0.16 0.15 0.46 0.23 0.65 309 151 
n 0.4 0.33 0.32 0.65 0.63 355 165 
n 0.64 0.1 0.19 0.67 0.16 338 175 
n 0.49 0.32 0.65 0.51 0.27 355 175 
n 0.23 0.2 0.14 0.82 0.21 338 200 
n 0.22 0.53 0.31 0.52 0.55 338 222 
n 0.87 0.29 0.77 0.12 0.55 355 222 
n 0.52 0.71 0.14 0.68 0.6 355 200 
n 0.37 0.66 0.13 0.56 0.24 362 200 
n 0.45 0.55 0.14 0.5 0.38 362 186 
n 0.11 0.32 0.38 0.23 0.26 383 186 
n 0.2 0.32 0.59 0.84 0.6 383 179 
n 0.63 0.38 0.55 0.48 0.83 404 179 
n 0.78 0.19 0.71 0.7 0.43 404 186 
n 0.55 0.31 0.71 0.55 0.75 419 186 
n 0.52 0.53 0.83 0.49 0.38 419 200 
n 0.55 0.29 0.17 0.55 0.75 433 200 
n 0.38 0.13 0.62 0.13 0.83 433 222 
n 0.79 0.42 0.78 0.2 0.22 419 222 
n 0.73 0.62 0.67 0.8 0.37 419 236 
n 0.23 0.83 0.8 0.44 0.32 397 236 
n 0.51 0.47 0.72 0.28 0.76 397 243 
n 0.17 0.31 0.68 0.63 0.7 376 243 
n 0.81 0.36 0.49 0.62 0.77 376 257 
n 0.3 0.1 0.64 0.7 0.15 369 257 
n 0.6 0.33 0.87 0.44 0.35 369 264 
n 0.23 0.74 0.51 0.22 0.56 347 264 
n 0.41 0.13 0.16 0.75 0.17 347 279 
n 0.37 0.14 0.63 0.42 0.23 336 279 
n 0.44 0.5 0.31 0.27 0.24 336 328 
n 0.23 0.55 0.73 0.15 0.15 347 328 
n 0.74 0.11 0.77 0.53 0.29 347 343 
n 0.69 0.82 0.72 0.51 0.49 369 343 
n 0.23 0.74 0.79 0.46 0.86 369 354 
n 0.33 0.33 0.56 0.57 0.9 419 354 
n 0.13 0.25 0.19 0.54 0.31 419 343 
n 0.31 0.89 0.3 0.73 0.54 433 343 
n 0.12 0.56 0.18 0.12 0.67 433 357 
n 0.22 0.32 0.27 0.67 0.86 447 357 
n 0.66 0.46 0.8 0.68 0.68 447 321 
n 0.43 0.72 0.69 0.5 0.78 447 293 
n 0.47 0.75 0.65 0.43 0.67 433 293 
n 0.33 0.12 0.63 0.66 0.67 433 314 
n 0.29 0.56 0.57 0.16 0.81 419 314 
n 0.58 0.44 0.16 0.31 0.34 419 321 
n 0.74 0.22 0.59 0.16 0.35 397 321 
n 0.76 0.53 0.61 0.42 0.42 397 334 
n 0.34 0.21 0.69 0.83 0.31 376 334 
n 0.62 0.48 0.84 0.28 0.16 376 321 
n 0.62 0.45 0.13 0.83 0.53 362 321 
n 0.21 0.18 0.3 0.11 0.75 362 300 
n 0.81 0.61 0.9 0.27 0.87 376 300 
n 0.33 0.7 0.88 0.84 0.39 376 286 
n 0.22 0.23 0.58 0.83 0.85 397 286 
n 0.84 0.46 0.51 0.27 0.66 397 272 
n 0.14 0.44 0.81 0.79 0.57 419 272 
n 0.39 0.72 0.38 0.49 0.46 419 264 
n 0.25 0.63 0.41 0.76 0.8 440 264 
n 0.4 0.56 0.79 0.75 0.75 440 250 
n 0.69 0.56 0.51 0.56 0.77 454 250 
n 0.31 0.32 0.67 0.66 0.72 454 243 
n 0.61 0.77 0.41 0.25 0.47 461 243 
n 0.42 0.8 0.75 0.55 0.39 461 215 
n 0.14 0.36 0.21 0.35 0.46 461 193 
n 0.53 0.14 0.51 0.78 0.22 447 193 
n 0.44 0.31 0.36 0.42 0.57 447 179 
n 0.86 0.14 0.6 0.74 0.6 440 179 
n 0.62 0.13 0.89 0.74 0.5 440 168 
n 0.32 0.16 0.49 0.82 0.74 420 168 
n 0.77 0.86 0.36 0.67 0.28 420 151 
n 0.61 0.25 0.58 0.63 0.43 440 151 
n 0.48 0.76 0.66 0.34 0.59 454 151 
n 0.47 0.4 0.22 0.72 0.22 476 151 
n 0.21 0.29 0.34 0.57 0.59 476 172 
n 0.19 0.41 0.26 0.81 0.33 497 172 
n 0.71 0.47 0.45 0.72 0.85 497 193 
n 0.63 0.83 0.84 0.65 0.77 497 215 
n 0.15 0.31 0.76 0.85 0.14 497 243 
n 0.36 0.22 0.77 0.25 0.46 497 272 
n 0.53 0.17 0.13 0.16 0.29 497 293 
n 0.86 0.32 0.25 0.58 0.34 497 317 
n 0.17 0.18 0.12 0.62 0.68 497 336 
n 0.22 0.83 0.13 0.83 0.75 470 336 
n 0.28 0.46 0.59 0.6 0.75 470 357 
n 0.52 0.38 0.56 0.37 0.74 497 357 
n 0.11 0.8 0.4 0.76 0.26 347 151 
n 0.17 0.49 0.89 0.8 0.34 540 357 
n 0.37 0.62 0.14 0.25 0.34 561 357 
n 0.13 0.24 0.12 0.87 0.18 589 357 
n 0.51 0.43 0.43 0.29 0.48 589 343 
n 0.31 0.83 0.87 0.8 0.15 604 343 
n 0.29 0.24 0.68 0.23 0.86 611 343 
n 0.28 0.59 0.85 0.84 0.87 611 336 
n 0.59 0.37 0.13 0.47 0.55 611 321 
n 0.11 0.31 0.39 0.5 0.72 625 321 
n 0.25 0.76 0.25 0.45 0.25 625 279 
n 0.51 0.63 0.3 0.72 0.55 611 279 
n 0.18 0.21 0.55 0.2 0.14 611 257 
n 0.11 0.66 0.62 0.46 0.45 589 257 
n 0.59 0.41 0.44 0.47 0.27 589 250 
n 0.78 0.84 0.88 0.69 0.58 575 250 
n 0.22 0.38 0.25 0.13 0.5 561 250 
n 0.76 0.86 0.52 0.75 0.32 543 250 
n 0.83 0.87 0.15 0.8 0.27 543 264 
n 0.29 0.59 0.47 0.65 0.88 561 264 
n 0.14 0.13 0.82 0.2 0.63 575 264 
n 0.84 0.25 0.3 0.12 0.2 575 272 
n 0.81 0.64 0.51 0.48 0.3 582 272 
n 0.44 0.55 0.18 0.81 0.2 582 286 
n 0.68 0.53 0.71 0.14 0.18 596 286 
n 0.72 0.52 0.39 0.1 0.22 561 336 
n 0.35 0.24 0.61 0.37 0.1 596 314 
n 0.63 0.88 0.41 0.73 0.16 582 314 
n 0.55 0.85 0.36 0.32 0.68 582 321 
n 0.17 0.67 0.84 0.18 0.68 575 321 
n 0.89 0.58 0.23 0.19 0.26 575 336 
n 0.32 0.13 0.72 0.23 0.72 525 336 
n 0.12 0.61 0.32 0.17 0.15 525 314 
n 0.25 0.87 0.44 0.55 0.66 525 300 
n 0.77 0.67 0.44 0.1 0.75 525 282 
n 0.84 0.53 0.47 0.43 0.79 525 233 
n 0.58 0.48 0.41 0.74 0.29 525 215 
n 0.74 0.61 0.54 0.89 0.6 525 193 
n 0.62 0.64 0.63 0.12 0.4 525 172 
n 0.37 0.64 0.72 0.31 0.14 547 172 
n 0.61 0.8 0.24 0.79 0.66 547 151 
n 0.4 0.31 0.17 0.64 0.64 568 151 
n 0.6 0.53 0.16 0.76 0.13 476 161 
n 0.38 0.32 0.57 0.36 0.46 604 151 
n 0.77 0.71 0.41 0.62 0.22 625 151 
n 0.34 0.58 0.82 0.8 0.5 625 136 
n 0.84 0.48 0.67 0.33 0.6 596 136 
n 0.8 0.64 0.86 0.28 0.2 575 136 
n 0.44 0.22 0.52 0.25 0.23 554 136 
n 0.44 0.49 0.81 0.41 0.13 532 136 
n 0.21 0.79 0.49 0.38 0.55 575 357 
n 0.29 0.74 0.7 0.43 0.86 490 136 
n 0.24 0.32 0.29 0.26 0.86 468 136 
n 0.49 0.76 0.41 0.37 0.9 447 136 
n 0.73 0.86 0.45 0.81 0.59 426 136 
n 0.29 0.69 0.79 0.36 0.33 404 136 
n 0.41 0.16 0.32 0.55 0.28 370 136 
n 0.67 0.36 0.63 0.2 0.36 362 151 
n 0.51 0.21 0.45 0.44 0.42 340 136 
n 0.43 0.66 0.89 0.52 0.76 326 136 
n 0.67 0.86 0.33 0.68 0.19 302 136 
n 0.57 0.59 0.38 0.62 0.31 276 136 
n 0.88 0.21 0.45 0.49 0.23 255 136 
n 0.15 0.73 0.38 0.2 0.22 316 136 
n 0.19 0.3 0.7 0.84 0.74 212 136 
n 0.12 0.12 0.73 0.82 0.49 191 136 
n 0.54 0.24 0.14 0.36 0.72 339 151 
n 0.44 0.28 0.42 0.63 0.76 155 136 
n 0.79 0.12 0.77 0.49 0.28 625 300 
n 0.66 0.78 0.27 0.47 0.4 319 322 
n 0.19 0.15 0.69 0.49 0.85 155 314 
n 0.85 0.53 0.52 0.55 0.38 312 357 
n 0.76 0.41 0.82 0.54 0.87 355 136 
n 0.81 0.84 0.16 0.87 0.18 319 314 
n 0.87 0.22 0.59 0.37 0.22 363 165 
n 0.66 0.81 0.49 0.15 0.55 255 357 
n 0.84 0.61 0.74 0.13 0.83 383 334 
n 0.69 0.87 0.8 0.38 0.15 447 336 
n 0.35 0.82 0.64 0.37 0.16 470 346 
n 0.57 0.72 0.7 0.28 0.63 525 250 
n 0.26 0.43 0.26 0.84 0.34 547 336 
n 0.53 0.11 0.46 0.55 0.86 525 261 
n 0.85 0.8 0.36 0.14 0.48 525 357 
n 0.17 0.41 0.86 0.34 0.49 336 299 
n 0.69 0.39 0.16 0.8 0.27 336 313 
n 0.32 0.25 0.28 0.5 0.71 293 136 
n 0.8 0.29 0.85 0.87 0.23 336 306 
n 0.71 0.59 0.73 0.89 0.88 426 264 
n 0.28 0.61 0.59 0.9 0.71 391 354 
n 0.59 0.57 0.89 0.44 0.69 483 336 
n 0.2 0.83 0.51 0.41 0.43 430 168 
n 0.68 0.31 0.67 0.53 0.53 331 151 
n 0.58 0.89 0.86 0.55 0.83 368 151 
