t 225 5 4
n 0.64 0.39 0.11 0.54 155 151 
n 0.55 0.66 0.52 0.33 376 165 
n 0.72 0.29 0.8 0.64 184 151 
n 0.42 0.45 0.46 0.16 205 151 
n 0.31 0.86 0.36 0.52 205 172 
n 0.4 0.15 0.87 0.58 226 172 
n 0.31 0.13 0.52 0.72 226 186 
n 0.25 0.78 0.85 0.84 226 207 
n 0.72 0.58 0.14 0.59 226 236 
n 0.41 0.46 0.66 0.42 226 264 
n 0.61 0.24 0.87 0.74 226 293 
n 0.77 0.71 0.68 0.86 226 314 
n 0.74 0.25 0.6 0.84 226 336 
n 0.39 0.31 0.78 0.16 205 336 
n 0.16 0.24 0.58 0.34 191 336 
n 0.23 0.71 0.27 0.1 191 328 
n 0.39 0.81 0.28 0.29 177 328 
n 0.64 0.33 0.39 0.86 177 300 
n 0.59 0.86 0.65 0.84 155 300 
n 0.69 0.33 0.88 0.14 155 328 
n 0.59 0.47 0.78 0.75 155 357 
n 0.68 0.42 0.21 0.43 184 357 
n 0.69 0.51 0.75 0.22 219 357 
n 0.15 0.43 0.32 0.76 241 357 
n 0.44 0.72 0.73 0.29 269 357 
n 0.21 0.81 0.32 0.47 290 357 
n 0.83 0.14 0.68 0.9 387 136 
n 0.21 0.2 0.69 0.2 319 357 
n 0.85 0.78 0.62 0.59 319 336 
n 0.55 0.14 0.37 0.55 319 328 
n 0.56 0.58 0.65 0.4 319 300 
n 0.43 0.73 0.62 0.13 298 300 
n 0.8 0.58 0.76 0.58 290 328 
n 0.58 0.73 0.57 0.73 290 336 
n 0.25 0.74 0.17 0.47 298 328 
n 0.42 0.55 0.53 0.84 255 336 
n 0.42 0.59 0.84 0.32 255 314 
n 0.72 0.9 0.39 0.54 255 293 
n 0.17 0.2 0.31 0.56 255 272 
n 0.7 0.77 0.59 0.21 255 243 
n 0.78 0.76 0.21 0.19 255 222 
n 0.77 0.71 0.39 0.78 255 193 
n 0.53 0.53 0.3 0.13 255 172 
n 0.37 0.17 0.4 0.62 276 172 
n 0.71 0.33 0.74 0.3 296 151 
n 0.12 0.15 0.72 0.44 276 151 
n 0.56 0.76 0.7 0.68 376 151 
n 0.52 0.37 0.6 0.61 309 151 
n 0.17 0.36 0.26 0.4 355 165 
n 0.57 0.74 0.62 0.85 338 175 
n 0.42 0.33 0.65 0.28 355 175 
n 0.44 0.1 0.26 0.59 338 200 
n 0.28 0.26 0.26 0.26 338 222 
n 0.45 0.8 0.63 0.84 355 222 
n 0.75 0.44 0.3 0.89 355 200 
n 0.43 0.36 0.13 0.88 362 200 
n 0.8 0.31 0.76 0.66 362 186 
n 0.38 0.71 0.35 0.2 383 186 
n 0.41 0.26 0.56 0.83 383 179 
n 0.72 0.69 0.55 0.79 404 179 
n 0.59 0.51 0.23 0.45 404 186 
n 0.81 0.86 0.42 0.72 419 186 
n 0.87 0.41 0.69 0.51 419 200 
n 0.23 0.41 0.17 0.71 433 200 
n 0.37 0.24 0.54 0.58 433 222 
n 0.36 0.12 0.27 0.17 419 222 
n 0.76 0.12 0.3 0.68 419 236 
n 0.11 0.5 0.72 0.53 397 236 
n 0.33 0.8 0.83 0.46 397 243 
n 0.66 0.32 0.75 0.45 376 243 
n 0.67 0.81 0.13 0.41 376 257 
n 0.5 0.38 0.16 0.65 369 257 
n 0.58 0.24 0.38 0.79 369 264 
n 0.16 0.4 0.83 0.84 347 264 
n 0.43 0.72 0.18 0.26 347 279 
n 0.54 0.75 0.24 0.37 336 279 
n 0.14 0.27 0.7 0.19 336 328 
n 0.79 0.82 0.18 0.89 347 328 
n 0.34 0.8 0.84 0.31 347 343 
n 0.69 0.85 0.6 0.63 369 343 
n 0.84 0.87 0.23 0.44 369 354 
n 0.56 0.74 0.44 0.17 419 354 
n 0.54 0.13 0.32 0.11 419 343 
n 0.3 0.15 0.65 0.32 433 343 
n 0.48 0.55 0.8 0.79 433 357 
n 0.78 0.6 0.77 0.62 447 357 
n 0.39 0.54 0.22 0.1 447 321 
n 0.37 0.72 0.87 0.61 447 293 
n 0.55 0.33 0.46 0.28 433 293 
n 0.76 0.35 0.76 0.4 433 314 
n 0.62 0.38 0.83 0.61 419 314 
n 0.21 0.38 0.58 0.76 419 321 
n 0.62 0.71 0.88 0.39 397 321 
n 0.78 0.33 0.71 0.55 397 334 
n 0.51 0.48 0.52 0.25 376 334 
n 0.88 0.62 0.75 0.71 376 321 
n 0.84 0.19 0.4 0.85 362 321 
n 0.34 0.4 0.24 0.89 362 300 
n 0.22 0.88 0.43 0.27 376 300 
n 0.23 0.38 0.32 0.87 376 286 
n 0.82 0.35 0.62 0.18 397 286 
n 0.52 0.67 0.43 0.11 397 272 
n 0.24 0.65 0.15 0.21 419 272 
n 0.16 0.56 0.33 0.8 419 264 
n 0.83 0.42 0.72 0.8 440 264 
n 0.16 0.74 0.32 0.47 440 250 
n 0.29 0.53 0.52 0.83 454 250 
n 0.3 0.77 0.66 0.36 454 243 
n 0.14 0.79 0.6 0.49 461 243 
n 0.44 0.26 0.5 0.59 461 215 
n 0.86 0.34 0.45 0.79 461 193 
n 0.65 0.77 0.31 0.59 447 193 
n 0.37 0.71 0.25 0.21 447 179 
n 0.17 0.52 0.25 0.15 440 179 
n 0.19 0.1 0.57 0.87 440 168 
n 0.54 0.56 0.62 0.18 420 168 
n 0.23 0.83 0.17 0.73 420 151 
n 0.41 0.88 0.34 0.22 440 151 
n 0.84 0.22 0.23 0.15 454 151 
n 0.64 0.24 0.74 0.79 476 151 
n 0.31 0.13 0.53 0.48 476 172 
n 0.81 0.23 0.3 0.23 497 172 
n 0.74 0.52 0.81 0.62 497 193 
n 0.33 0.2 0.47 0.69 497 215 
n 0.6 0.22 0.45 0.4 497 243 
n 0.26 0.23 0.5 0.2 497 272 
n 0.85 0.67 0.72 0.84 497 293 
n 0.81 0.44 0.86 0.53 497 317 
n 0.15 0.18 0.62 0.61 497 336 
n 0.32 0.25 0.55 0.57 470 336 
n 0.32 0.84 0.79 0.24 470 357 
n 0.82 0.23 0.1 0.19 497 357 
n 0.9 0.55 0.51 0.24 347 151 
n 0.56 0.77 0.65 0.2 540 357 
n 0.67 0.56 0.53 0.76 561 357 
n 0.49 0.44 0.67 0.79 589 357 
n 0.3 0.19 0.72 0.31 589 343 
n 0.58 0.73 0.19 0.86 604 343 
n 0.4 0.14 0.86 0.26 611 343 
n 0.13 0.25 0.69 0.49 611 336 
n 0.49 0.67 0.24 0.34 611 321 
n 0.63 0.77 0.57 0.4 625 321 
n 0.72 0.42 0.89 0.85 625 279 
n 0.4 0.11 0.58 0.8 611 279 
n 0.77 0.18 0.19 0.39 611 257 
n 0.68 0.26 0.13 0.48 589 257 
n 0.59 0.42 0.4 0.7 589 250 
n 0.79 0.52 0.32 0.74 575 250 
n 0.65 0.26 0.64 0.22 561 250 
n 0.41 0.3 0.13 0.27 543 250 
n 0.65 0.64 0.61 0.42 543 264 
n 0.33 0.17 0.38 0.27 561 264 
n 0.57 0.36 0.51 0.43 575 264 
n 0.26 0.24 0.76 0.78 575 272 
n 0.63 0.11 0.28 0.15 582 272 
n 0.29 0.48 0.46 0.78 582 286 
n 0.79 0.72 0.11 0.23 596 286 
n 0.43 0.88 0.38 0.39 561 336 
n 0.89 0.32 0.4 0.19 596 314 
n 0.28 0.86 0.18 0.2 582 314 
n 0.8 0.64 0.81 0.73 582 321 
n 0.27 0.21 0.84 0.45 575 321 
n 0.64 0.88 0.61 0.73 575 336 
n 0.55 0.23 0.23 0.41 525 336 
n 0.19 0.86 0.26 0.43 525 314 
n 0.18 0.6 0.16 0.61 525 300 
n 0.14 0.77 0.57 0.63 525 282 
n 0.37 0.17 0.46 0.19 525 233 
n 0.23 0.83 0.67 0.85 525 215 
n 0.71 0.46 0.39 0.67 525 193 
n 0.79 0.67 0.18 0.42 525 172 
n 0.66 0.57 0.76 0.14 547 172 
n 0.36 0.32 0.85 0.75 547 151 
n 0.35 0.33 0.89 0.46 568 151 
n 0.62 0.81 0.89 0.72 476 161 
n 0.11 0.89 0.22 0.34 604 151 
n 0.73 0.19 0.79 0.11 625 151 
n 0.76 0.6 0.52 0.56 625 136 
n 0.51 0.8 0.13 0.56 596 136 
n 0.19 0.62 0.81 0.74 575 136 
n 0.35 0.29 0.62 0.75 554 136 
n 0.71 0.88 0.86 0.69 532 136 
n 0.75 0.4 0.65 0.58 575 357 
n 0.79 0.62 0.71 0.45 490 136 
n 0.87 0.21 0.42 0.28 468 136 
n 0.45 0.54 0.26 0.37 447 136 
n 0.52 0.2 0.71 0.72 426 136 
n 0.5 0.32 0.76 0.7 404 136 
n 0.55 0.77 0.62 0.34 370 136 
n 0.63 0.5 0.11 0.31 362 151 
n 0.44 0.14 0.41 0.41 340 136 
n 0.35 0.84 0.28 0.61 326 136 
n 0.34 0.55 0.65 0.7 302 136 
n 0.9 0.55 0.42 0.22 276 136 
n 0.6 0.64 0.68 0.41 255 136 
n 0.66 0.27 0.22 0.74 316 136 
n 0.34 0.32 0.22 0.38 212 136 
n 0.56 0.82 0.41 0.72 191 136 
n 0.87 0.1 0.21 0.87 339 151 
n 0.33 0.28 0.29 0.39 155 136 
n 0.25 0.53 0.16 0.83 625 300 
n 0.16 0.53 0.68 0.28 319 322 
n 0.63 0.26 0.34 0.56 155 314 
n 0.47 0.15 0.56 0.6 312 357 
n 0.6 0.73 0.74 0.71 355 136 
n 0.76 0.69 0.26 0.18 319 314 
n 0.63 0.41 0.7 0.19 363 165 
n 0.83 0.76 0.39 0.7 255 357 
n 0.21 0.73 0.47 0.1 383 334 
n 0.87 0.5 0.85 0.83 447 336 
n 0.37 0.54 0.78 0.78 470 346 
n 0.37 0.69 0.85 0.11 525 250 
n 0.44 0.6 0.74 0.56 547 336 
n 0.2 0.51 0.42 0.6 525 261 
n 0.71 0.34 0.5 0.82 525 357 
n 0.51 0.29 0.17 0.58 336 299 
n 0.86 0.83 0.87 0.51 336 313 
n 0.19 0.3 0.42 0.14 293 136 
n 0.18 0.84 0.76 0.29 336 306 
n 0.75 0.68 0.61 0.41 426 264 
n 0.72 0.66 0.21 0.46 391 354 
n 0.3 0.31 0.2 0.22 483 336 
n 0.27 0.4 0.41 0.25 430 168 
n 0.42 0.53 0.23 0.81 331 151 
n 0.66 0.44 0.79 0.82 368 151 
