t 159 5 4
n 0.24 0.57 0.41 0.53 3300 2200 
n 0.49 0.34 0.69 0.55 3500 2900 
n 0.53 0.35 0.5 0.11 3300 2900 
n 0.81 0.54 0.62 0.5 3500 3100 
n 0.25 0.25 0.87 0.21 3500 3300 
n 0.7 0.32 0.41 0.12 3300 3500 
n 0.71 0.82 0.7 0.55 3500 3700 
n 0.18 0.49 0.39 0.57 3500 3900 
n 0.87 0.1 0.73 0.51 3500 4000 
n 0.9 0.6 0.22 0.83 3500 4100 
n 0.56 0.31 0.59 0.55 3500 4300 
n 0.84 0.7 0.46 0.16 3300 4300 
n 0.12 0.24 0.73 0.85 3500 4500 
n 0.85 0.44 0.45 0.18 3500 4700 
n 0.73 0.2 0.76 0.47 3500 4800 
n 0.7 0.8 0.83 0.35 3300 4900 
n 0.5 0.78 0.5 0.6 3500 5000 
n 0.39 0.26 0.38 0.66 3800 5500 
n 0.44 0.55 0.38 0.81 3900 5700 
n 0.85 0.77 0.74 0.18 3800 5800 
n 0.82 0.88 0.87 0.87 3700 5800 
n 0.51 0.48 0.54 0.29 3500 5600 
n 0.47 0.87 0.19 0.71 3500 5700 
n 0.23 0.15 0.61 0.62 3300 5900 
n 0.68 0.79 0.35 0.82 3500 6100 
n 0.72 0.71 0.42 0.46 3300 6500 
n 0.33 0.61 0.21 0.64 3500 6400 
n 0.66 0.52 0.77 0.31 3800 6600 
n 0.48 0.43 0.51 0.72 4500 6500 
n 0.32 0.84 0.85 0.88 4700 6100 
n 0.38 0.29 0.27 0.73 4300 5700 
n 0.61 0.41 0.62 0.59 4500 5400 
n 0.77 0.41 0.54 0.24 5100 5300 
n 0.71 0.19 0.84 0.27 5100 5000 
n 0.18 0.77 0.19 0.52 5000 5000 
n 0.4 0.46 0.3 0.56 5100 4700 
n 0.14 0.58 0.11 0.51 5000 4700 
n 0.8 0.19 0.39 0.57 5200 4500 
n 0.7 0.62 0.45 0.45 5500 4400 
n 0.44 0.66 0.68 0.7 5600 4400 
n 0.37 0.53 0.49 0.48 5500 4100 
n 0.34 0.49 0.86 0.38 5700 3900 
n 0.11 0.8 0.41 0.86 5900 4100 
n 0.76 0.49 0.21 0.24 6100 3900 
n 0.6 0.16 0.33 0.16 6300 4100 
n 0.23 0.68 0.72 0.89 6500 4100 
n 0.5 0.34 0.73 0.32 6700 4100 
n 0.12 0.72 0.83 0.3 6900 4100 
n 0.9 0.14 0.16 0.76 7000 4500 
n 0.86 0.46 0.28 0.21 7300 4500 
n 0.88 0.71 0.72 0.62 7300 4700 
n 0.65 0.52 0.21 0.16 7400 5100 
n 0.27 0.69 0.2 0.7 7700 5500 
n 0.85 0.58 0.18 0.15 7800 5700 
n 0.27 0.64 0.31 0.16 7300 6200 
n 0.65 0.23 0.82 0.42 7300 6500 
n 0.13 0.83 0.13 0.37 7600 6500 
n 0.36 0.47 0.5 0.3 7700 6600 
n 0.39 0.45 0.5 0.3 8100 6600 
n 0.71 0.13 0.83 0.41 8500 6300 
n 0.65 0.72 0.78 0.29 8500 6000 
n 0.63 0.85 0.52 0.51 8500 5700 
n 0.74 0.24 0.49 0.4 8200 5700 
n 0.73 0.16 0.76 0.1 8500 5300 
n 0.86 0.47 0.34 0.49 8500 5200 
n 0.49 0.53 0.33 0.55 8500 5100 
n 0.23 0.42 0.11 0.67 8500 5000 
n 0.41 0.35 0.58 0.12 8500 4900 
n 0.22 0.5 0.14 0.26 8500 4800 
n 0.31 0.25 0.68 0.2 8500 4700 
n 0.64 0.44 0.44 0.11 8500 4600 
n 0.44 0.76 0.44 0.21 8500 4500 
n 0.21 0.19 0.66 0.7 8200 4600 
n 0.42 0.67 0.22 0.78 7800 4600 
n 0.5 0.87 0.22 0.57 7700 4300 
n 0.62 0.4 0.51 0.59 8000 4300 
n 0.11 0.8 0.87 0.49 8100 4000 
n 0.69 0.76 0.28 0.28 8500 4200 
n 0.61 0.39 0.64 0.56 8500 4100 
n 0.89 0.4 0.62 0.13 8500 4000 
n 0.29 0.52 0.59 0.65 8500 3900 
n 0.26 0.52 0.63 0.42 8500 3800 
n 0.87 0.36 0.64 0.39 8500 3700 
n 0.11 0.54 0.55 0.66 8500 3600 
n 0.52 0.33 0.72 0.29 8500 3500 
n 0.8 0.64 0.42 0.45 8500 3400 
n 0.46 0.16 0.31 0.86 8200 3200 
n 0.36 0.52 0.4 0.15 8000 3200 
n 0.87 0.58 0.31 0.13 7800 3400 
n 0.52 0.72 0.25 0.78 7600 3400 
n 0.85 0.84 0.72 0.58 7400 3400 
n 0.14 0.59 0.41 0.46 7300 3000 
n 0.66 0.42 0.61 0.24 7300 2800 
n 0.87 0.74 0.77 0.71 7700 3200 
n 0.68 0.86 0.74 0.25 8000 2900 
n 0.6 0.84 0.39 0.31 8100 3000 
n 0.78 0.16 0.16 0.24 8500 3100 
n 0.58 0.34 0.23 0.71 8500 3000 
n 0.27 0.1 0.39 0.81 8500 2900 
n 0.28 0.29 0.64 0.33 8500 2800 
n 0.39 0.86 0.59 0.86 8500 2700 
n 0.65 0.84 0.69 0.33 8500 2600 
n 0.88 0.14 0.59 0.47 8500 2500 
n 0.78 0.75 0.68 0.42 8500 2400 
n 0.21 0.43 0.69 0.51 8500 2300 
n 0.75 0.22 0.15 0.43 8200 2100 
n 0.32 0.76 0.44 0.72 7800 2100 
n 0.73 0.29 0.21 0.81 6900 2200 
n 0.32 0.47 0.83 0.14 6700 2300 
n 0.68 0.9 0.21 0.2 6500 2300 
n 0.69 0.2 0.85 0.78 6300 2300 
n 0.62 0.59 0.55 0.14 6100 2300 
n 0.37 0.55 0.56 0.58 5900 2300 
n 0.65 0.4 0.43 0.73 5900 2900 
n 0.62 0.13 0.8 0.58 6100 2900 
n 0.76 0.58 0.58 0.73 6300 2900 
n 0.57 0.73 0.25 0.74 6500 2900 
n 0.17 0.47 0.42 0.55 6700 2900 
n 0.53 0.84 0.42 0.59 6700 3500 
n 0.84 0.32 0.72 0.9 6500 3500 
n 0.39 0.54 0.17 0.2 6300 3500 
n 0.31 0.56 0.7 0.77 6100 3500 
n 0.59 0.21 0.78 0.76 5900 3500 
n 0.21 0.19 0.77 0.71 5300 2800 
n 0.39 0.78 0.53 0.53 4700 2100 
n 0.3 0.13 0.37 0.17 4300 2600 
n 0.4 0.62 0.71 0.33 4700 2900 
n 0.74 0.3 0.12 0.15 5000 3100 
n 0.72 0.44 0.56 0.76 5100 2900 
n 0.7 0.68 0.52 0.37 5300 3100 
n 0.6 0.61 0.17 0.36 5000 3400 
n 0.26 0.4 0.57 0.74 5200 3700 
n 0.62 0.85 0.42 0.33 5000 3900 
n 0.65 0.28 0.44 0.1 5100 3900 
n 0.26 0.59 0.28 0.26 5100 4200 
n 0.26 0.26 0.45 0.8 5000 4200 
n 0.63 0.84 0.75 0.44 4700 4400 
n 0.3 0.89 0.43 0.36 4700 4700 
n 0.13 0.88 0.8 0.31 4300 4400 
n 0.76 0.66 0.38 0.71 4300 4600 
n 0.35 0.2 0.41 0.26 4100 4400 
n 0.56 0.83 0.72 0.69 3900 4600 
n 0.55 0.79 0.59 0.51 3700 4400 
n 0.23 0.45 0.81 0.86 3700 4300 
n 0.42 0.72 0.87 0.41 3800 4300 
n 0.69 0.51 0.23 0.41 3700 4100 
n 0.17 0.71 0.37 0.24 3700 4000 
n 0.54 0.58 0.36 0.12 3700 3900 
n 0.27 0.17 0.76 0.12 3800 4000 
n 0.3 0.68 0.11 0.5 3900 3800 
n 0.72 0.53 0.33 0.8 3700 3700 
n 0.83 0.46 0.66 0.32 3500 3600 
n 0.75 0.45 0.67 0.81 3500 3500 
n 0.13 0.41 0.5 0.38 3700 3500 
n 0.16 0.65 0.58 0.24 3800 3500 
n 0.38 0.79 0.16 0.4 3700 3200 
n 0.83 0.84 0.43 0.72 3800 3200 
n 0.18 0.26 0.54 0.75 3900 3000 
n 0.24 0.37 0.14 0.27 3500 2400 
