t 159 20 5
n 0.7 0.19 0.79 0.82 0.18 3300 2200 
n 0.89 0.34 0.8 0.84 0.31 3500 2900 
n 0.69 0.85 0.6 0.63 0.84 3300 2900 
n 0.87 0.23 0.44 0.56 0.74 3500 3100 
n 0.44 0.17 0.54 0.13 0.32 3500 3300 
n 0.11 0.3 0.15 0.65 0.32 3300 3500 
n 0.48 0.55 0.8 0.79 0.78 3500 3700 
n 0.6 0.77 0.62 0.39 0.54 3500 3900 
n 0.22 0.1 0.37 0.72 0.87 3500 4000 
n 0.61 0.55 0.33 0.46 0.28 3500 4100 
n 0.76 0.35 0.76 0.4 0.62 3500 4300 
n 0.38 0.83 0.61 0.21 0.38 3300 4300 
n 0.58 0.76 0.62 0.71 0.88 3500 4500 
n 0.39 0.78 0.33 0.71 0.55 3500 4700 
n 0.51 0.48 0.52 0.25 0.88 3500 4800 
n 0.62 0.75 0.71 0.84 0.19 3300 4900 
n 0.4 0.85 0.34 0.4 0.24 3500 5000 
n 0.89 0.22 0.88 0.43 0.27 3800 5500 
n 0.23 0.38 0.32 0.87 0.82 3900 5700 
n 0.35 0.62 0.18 0.52 0.67 3800 5800 
n 0.43 0.11 0.24 0.65 0.15 3700 5800 
n 0.21 0.16 0.56 0.33 0.8 3500 5600 
n 0.83 0.42 0.72 0.8 0.16 3500 5700 
n 0.74 0.32 0.47 0.29 0.53 3300 5900 
n 0.52 0.83 0.3 0.77 0.66 3500 6100 
n 0.36 0.14 0.79 0.6 0.49 3300 6500 
n 0.44 0.26 0.5 0.59 0.86 3500 6400 
n 0.34 0.45 0.79 0.65 0.77 3800 6600 
n 0.31 0.59 0.37 0.71 0.25 4500 6500 
n 0.21 0.17 0.52 0.25 0.15 4700 6100 
n 0.19 0.1 0.57 0.87 0.54 4300 5700 
n 0.56 0.62 0.18 0.23 0.83 4500 5400 
n 0.17 0.73 0.41 0.88 0.34 5100 5300 
n 0.22 0.84 0.22 0.23 0.15 5100 5000 
n 0.64 0.24 0.74 0.79 0.31 5000 5000 
n 0.13 0.53 0.48 0.81 0.23 5100 4700 
n 0.3 0.23 0.74 0.52 0.81 5000 4700 
n 0.62 0.33 0.2 0.47 0.69 5200 4500 
n 0.6 0.22 0.45 0.4 0.26 5500 4400 
n 0.23 0.5 0.2 0.85 0.67 5600 4400 
n 0.72 0.84 0.81 0.44 0.86 5500 4100 
n 0.53 0.15 0.18 0.62 0.61 5700 3900 
n 0.32 0.25 0.55 0.57 0.32 5900 4100 
n 0.84 0.79 0.24 0.82 0.23 6100 3900 
n 0.1 0.19 0.9 0.55 0.51 6300 4100 
n 0.24 0.56 0.77 0.65 0.2 6500 4100 
n 0.67 0.56 0.53 0.76 0.49 6700 4100 
n 0.44 0.67 0.79 0.3 0.19 6900 4100 
n 0.72 0.31 0.58 0.73 0.19 7000 4500 
n 0.86 0.4 0.14 0.86 0.26 7300 4500 
n 0.13 0.25 0.69 0.49 0.49 7300 4700 
n 0.67 0.24 0.34 0.63 0.77 7400 5100 
n 0.57 0.4 0.72 0.42 0.89 7700 5500 
n 0.85 0.4 0.11 0.58 0.8 7800 5700 
n 0.77 0.18 0.19 0.39 0.68 7300 6200 
n 0.26 0.13 0.48 0.59 0.42 7300 6500 
n 0.4 0.7 0.79 0.52 0.32 7600 6500 
n 0.74 0.65 0.26 0.64 0.22 7700 6600 
n 0.41 0.3 0.13 0.27 0.65 8100 6600 
n 0.64 0.61 0.42 0.33 0.17 8500 6300 
n 0.38 0.27 0.57 0.36 0.51 8500 6000 
n 0.43 0.26 0.24 0.76 0.78 8500 5700 
n 0.63 0.11 0.28 0.15 0.29 8200 5700 
n 0.48 0.46 0.78 0.79 0.72 8500 5300 
n 0.11 0.23 0.43 0.88 0.38 8500 5200 
n 0.39 0.89 0.32 0.4 0.19 8500 5100 
n 0.28 0.86 0.18 0.2 0.8 8500 5000 
n 0.64 0.81 0.73 0.27 0.21 8500 4900 
n 0.84 0.45 0.64 0.88 0.61 8500 4800 
n 0.73 0.55 0.23 0.23 0.41 8500 4700 
n 0.19 0.86 0.26 0.43 0.18 8500 4600 
n 0.6 0.16 0.61 0.14 0.77 8500 4500 
n 0.57 0.63 0.37 0.17 0.46 8200 4600 
n 0.19 0.23 0.83 0.67 0.85 7800 4600 
n 0.71 0.46 0.39 0.67 0.79 7700 4300 
n 0.67 0.18 0.42 0.66 0.57 8000 4300 
n 0.76 0.14 0.36 0.32 0.85 8100 4000 
n 0.75 0.35 0.33 0.89 0.46 8500 4200 
n 0.62 0.81 0.89 0.72 0.11 8500 4100 
n 0.89 0.22 0.34 0.73 0.19 8500 4000 
n 0.79 0.11 0.76 0.6 0.52 8500 3900 
n 0.56 0.51 0.8 0.13 0.56 8500 3800 
n 0.19 0.62 0.81 0.74 0.35 8500 3700 
n 0.29 0.62 0.75 0.71 0.88 8500 3600 
n 0.86 0.69 0.75 0.4 0.65 8500 3500 
n 0.58 0.79 0.62 0.71 0.45 8500 3400 
n 0.87 0.21 0.42 0.28 0.45 8200 3200 
n 0.54 0.26 0.37 0.52 0.2 8000 3200 
n 0.71 0.72 0.5 0.32 0.76 7800 3400 
n 0.7 0.55 0.77 0.62 0.34 7600 3400 
n 0.63 0.5 0.11 0.31 0.44 7400 3400 
n 0.14 0.41 0.41 0.35 0.84 7300 3000 
n 0.28 0.61 0.34 0.55 0.65 7300 2800 
n 0.7 0.9 0.55 0.42 0.22 7700 3200 
n 0.6 0.64 0.68 0.41 0.66 8000 2900 
n 0.27 0.22 0.74 0.34 0.32 8100 3000 
n 0.22 0.38 0.56 0.82 0.41 8500 3100 
n 0.72 0.87 0.1 0.21 0.87 8500 3000 
n 0.33 0.28 0.29 0.39 0.25 8500 2900 
n 0.53 0.16 0.83 0.16 0.53 8500 2800 
n 0.68 0.28 0.63 0.26 0.34 8500 2700 
n 0.56 0.47 0.15 0.56 0.6 8500 2600 
n 0.6 0.73 0.74 0.71 0.76 8500 2500 
n 0.69 0.26 0.18 0.63 0.41 8500 2400 
n 0.7 0.19 0.83 0.76 0.39 8500 2300 
n 0.7 0.21 0.73 0.47 0.1 8200 2100 
n 0.87 0.5 0.85 0.83 0.37 7800 2100 
n 0.54 0.78 0.78 0.37 0.69 6900 2200 
n 0.85 0.11 0.44 0.6 0.74 6700 2300 
n 0.56 0.2 0.51 0.42 0.6 6500 2300 
n 0.71 0.34 0.5 0.82 0.51 6300 2300 
n 0.29 0.17 0.58 0.86 0.83 6100 2300 
n 0.87 0.51 0.19 0.3 0.42 5900 2300 
n 0.14 0.18 0.84 0.76 0.29 5900 2900 
n 0.75 0.68 0.61 0.41 0.72 6100 2900 
n 0.66 0.21 0.46 0.3 0.31 6300 2900 
n 0.2 0.22 0.27 0.4 0.41 6500 2900 
n 0.25 0.42 0.53 0.23 0.81 6700 2900 
n 0.66 0.44 0.79 0.82 0.11 6700 3500 
n 0.42 0.23 0.7 0.51 0.19 6500 3500 
n 0.52 0.41 0.14 0.43 0.48 6300 3500 
n 0.19 0.76 0.31 0.51 0.6 6100 3500 
n 0.47 0.47 0.11 0.11 0.14 5900 3500 
n 0.23 0.73 0.61 0.18 0.72 5300 2800 
n 0.17 0.32 0.16 0.34 0.85 4700 2100 
n 0.88 0.31 0.62 0.55 0.46 4300 2600 
n 0.82 0.23 0.18 0.41 0.88 4700 2900 
n 0.32 0.52 0.41 0.59 0.61 5000 3100 
n 0.7 0.65 0.37 0.11 0.28 5100 2900 
n 0.57 0.76 0.87 0.23 0.72 5300 3100 
n 0.69 0.51 0.78 0.57 0.83 5000 3400 
n 0.16 0.81 0.54 0.51 0.87 5200 3700 
n 0.86 0.78 0.59 0.15 0.4 5000 3900 
n 0.26 0.38 0.74 0.68 0.56 5100 3900 
n 0.78 0.61 0.5 0.68 0.64 5100 4200 
n 0.72 0.86 0.26 0.14 0.73 5000 4200 
n 0.25 0.12 0.54 0.15 0.13 4700 4400 
n 0.42 0.15 0.89 0.59 0.37 4700 4700 
n 0.59 0.78 0.14 0.42 0.38 4300 4400 
n 0.12 0.3 0.72 0.74 0.65 4300 4600 
n 0.12 0.21 0.12 0.88 0.32 4100 4400 
n 0.73 0.17 0.7 0.84 0.34 3900 4600 
n 0.69 0.22 0.64 0.63 0.55 3700 4400 
n 0.22 0.56 0.85 0.76 0.29 3700 4300 
n 0.71 0.47 0.19 0.9 0.43 3800 4300 
n 0.13 0.21 0.64 0.51 0.69 3700 4100 
n 0.58 0.83 0.86 0.15 0.63 3700 4000 
n 0.53 0.57 0.5 0.37 0.9 3700 3900 
n 0.74 0.1 0.74 0.77 0.68 3800 4000 
n 0.23 0.34 0.63 0.79 0.71 3900 3800 
n 0.32 0.18 0.39 0.35 0.31 3700 3700 
n 0.78 0.19 0.81 0.12 0.86 3500 3600 
n 0.37 0.73 0.81 0.55 0.25 3500 3500 
n 0.4 0.65 0.75 0.79 0.67 3700 3500 
n 0.48 0.18 0.36 0.65 0.25 3800 3500 
n 0.44 0.12 0.85 0.8 0.89 3700 3200 
n 0.87 0.78 0.23 0.37 0.47 3800 3200 
n 0.32 0.82 0.59 0.88 0.43 3900 3000 
n 0.57 0.12 0.83 0.68 0.74 3500 2400 
