t 159 20 3
n 0.76 0.26 0.74 3300 2200 
n 0.65 0.25 0.18 3500 2900 
n 0.66 0.74 0.51 3300 2900 
n 0.7 0.53 0.39 3500 3100 
n 0.27 0.55 0.59 3500 3300 
n 0.61 0.25 0.7 3300 3500 
n 0.41 0.71 0.78 3500 3700 
n 0.6 0.12 0.87 3500 3900 
n 0.26 0.69 0.38 3500 4000 
n 0.48 0.75 0.28 3500 4100 
n 0.36 0.48 0.41 3500 4300 
n 0.35 0.81 0.49 3300 4300 
n 0.22 0.78 0.74 3500 4500 
n 0.62 0.18 0.87 3500 4700 
n 0.55 0.73 0.54 3500 4800 
n 0.42 0.66 0.75 3300 4900 
n 0.72 0.32 0.47 3500 5000 
n 0.35 0.54 0.9 3800 5500 
n 0.17 0.55 0.1 3900 5700 
n 0.3 0.6 0.56 3800 5800 
n 0.39 0.36 0.5 3700 5800 
n 0.74 0.8 0.15 3500 5600 
n 0.73 0.83 0.53 3500 5700 
n 0.54 0.2 0.78 3300 5900 
n 0.84 0.58 0.41 3500 6100 
n 0.56 0.5 0.41 3300 6500 
n 0.88 0.56 0.21 3500 6400 
n 0.5 0.48 0.39 3800 6600 
n 0.69 0.67 0.2 4500 6500 
n 0.84 0.63 0.86 4700 6100 
n 0.69 0.8 0.64 4300 5700 
n 0.8 0.77 0.21 4500 5400 
n 0.87 0.72 0.12 5100 5300 
n 0.64 0.82 0.18 5100 5000 
n 0.58 0.57 0.11 5000 5000 
n 0.33 0.59 0.23 5100 4700 
n 0.8 0.21 0.69 5000 4700 
n 0.82 0.31 0.79 5200 4500 
n 0.75 0.5 0.4 5500 4400 
n 0.19 0.88 0.26 5600 4400 
n 0.41 0.53 0.15 5500 4100 
n 0.53 0.27 0.48 5700 3900 
n 0.63 0.38 0.63 5900 4100 
n 0.19 0.68 0.57 6100 3900 
n 0.41 0.36 0.8 6300 4100 
n 0.49 0.52 0.4 6500 4100 
n 0.62 0.73 0.81 6700 4100 
n 0.61 0.33 0.26 6900 4100 
n 0.19 0.8 0.61 7000 4500 
n 0.29 0.68 0.85 7300 4500 
n 0.34 0.59 0.83 7300 4700 
n 0.14 0.46 0.82 7400 5100 
n 0.59 0.46 0.35 7700 5500 
n 0.41 0.74 0.56 7800 5700 
n 0.42 0.32 0.48 7300 6200 
n 0.85 0.8 0.89 7300 6500 
n 0.61 0.89 0.62 7600 6500 
n 0.54 0.78 0.32 7700 6600 
n 0.82 0.3 0.83 8100 6600 
n 0.87 0.34 0.76 8500 6300 
n 0.48 0.6 0.23 8500 6000 
n 0.31 0.17 0.73 8500 5700 
n 0.34 0.83 0.18 8200 5700 
n 0.19 0.3 0.41 8500 5300 
n 0.47 0.26 0.72 8500 5200 
n 0.86 0.3 0.49 8500 5100 
n 0.3 0.37 0.55 8500 5000 
n 0.67 0.36 0.83 8500 4900 
n 0.11 0.19 0.31 8500 4800 
n 0.67 0.72 0.14 8500 4700 
n 0.27 0.17 0.2 8500 4600 
n 0.17 0.38 0.37 8500 4500 
n 0.42 0.27 0.67 8200 4600 
n 0.57 0.53 0.85 7800 4600 
n 0.89 0.72 0.74 7700 4300 
n 0.85 0.32 0.84 8000 4300 
n 0.51 0.9 0.3 8100 4000 
n 0.73 0.76 0.17 8500 4200 
n 0.87 0.36 0.59 8500 4100 
n 0.89 0.7 0.76 8500 4000 
n 0.32 0.29 0.58 8500 3900 
n 0.82 0.47 0.74 8500 3800 
n 0.17 0.75 0.88 8500 3700 
n 0.73 0.9 0.64 8500 3600 
n 0.49 0.89 0.27 8500 3500 
n 0.34 0.44 0.41 8500 3400 
n 0.75 0.82 0.34 8200 3200 
n 0.38 0.31 0.2 8000 3200 
n 0.52 0.35 0.4 7800 3400 
n 0.28 0.66 0.19 7600 3400 
n 0.76 0.56 0.77 7400 3400 
n 0.63 0.86 0.12 7300 3000 
n 0.58 0.86 0.27 7300 2800 
n 0.22 0.8 0.25 7700 3200 
n 0.3 0.14 0.26 8000 2900 
n 0.57 0.48 0.69 8100 3000 
n 0.19 0.62 0.17 8500 3100 
n 0.26 0.39 0.56 8500 3000 
n 0.52 0.85 0.42 8500 2900 
n 0.16 0.77 0.53 8500 2800 
n 0.62 0.58 0.79 8500 2700 
n 0.56 0.18 0.56 8500 2600 
n 0.62 0.22 0.85 8500 2500 
n 0.25 0.63 0.11 8500 2400 
n 0.29 0.31 0.45 8500 2300 
n 0.34 0.18 0.46 8200 2100 
n 0.83 0.31 0.23 7800 2100 
n 0.42 0.65 0.83 6900 2200 
n 0.4 0.24 0.71 6700 2300 
n 0.14 0.82 0.68 6500 2300 
n 0.4 0.53 0.44 6300 2300 
n 0.75 0.11 0.54 6100 2300 
n 0.5 0.36 0.88 5900 2300 
n 0.55 0.85 0.66 5900 2900 
n 0.32 0.78 0.15 6100 2900 
n 0.28 0.43 0.74 6300 2900 
n 0.33 0.86 0.43 6500 2900 
n 0.71 0.25 0.82 6700 2900 
n 0.29 0.79 0.29 6700 3500 
n 0.12 0.84 0.29 6500 3500 
n 0.87 0.33 0.27 6300 3500 
n 0.83 0.84 0.11 6100 3500 
n 0.42 0.66 0.66 5900 3500 
n 0.86 0.64 0.71 5300 2800 
n 0.31 0.69 0.28 4700 2100 
n 0.65 0.27 0.78 4300 2600 
n 0.7 0.7 0.35 4700 2900 
n 0.7 0.6 0.11 5000 3100 
n 0.41 0.12 0.1 5100 2900 
n 0.29 0.77 0.8 5300 3100 
n 0.65 0.66 0.54 5000 3400 
n 0.34 0.71 0.52 5200 3700 
n 0.72 0.15 0.54 5000 3900 
n 0.27 0.13 0.43 5100 3900 
n 0.11 0.16 0.5 5100 4200 
n 0.76 0.1 0.89 5000 4200 
n 0.23 0.17 0.3 4700 4400 
n 0.11 0.79 0.47 4700 4700 
n 0.27 0.5 0.59 4300 4400 
n 0.72 0.17 0.48 4300 4600 
n 0.87 0.43 0.18 4100 4400 
n 0.63 0.48 0.89 3900 4600 
n 0.41 0.42 0.82 3700 4400 
n 0.89 0.73 0.81 3700 4300 
n 0.26 0.74 0.67 3800 4300 
n 0.75 0.59 0.56 3700 4100 
n 0.78 0.13 0.45 3700 4000 
n 0.88 0.82 0.6 3700 3900 
n 0.87 0.15 0.41 3800 4000 
n 0.69 0.76 0.68 3900 3800 
n 0.33 0.63 0.72 3700 3700 
n 0.54 0.14 0.61 3500 3600 
n 0.9 0.11 0.25 3500 3500 
n 0.58 0.1 0.6 3700 3500 
n 0.28 0.55 0.37 3800 3500 
n 0.52 0.42 0.67 3700 3200 
n 0.16 0.21 0.41 3800 3200 
n 0.86 0.75 0.27 3900 3000 
n 0.73 0.56 0.81 3500 2400 
